timestamp,interval_count,total_count,queue_size,max_queue_size,cpu_percent
2025-09-02T08:32:26.443203,131,131,1.0,1,0.0
2025-09-02T08:32:26.943564,127,258,1.0,1,6.9
2025-09-02T08:32:27.443913,87,345,1.0,1,9.1
2025-09-02T08:32:27.944186,47,392,1.0,1,6.4
2025-09-02T08:32:28.444540,11,403,1.0,1,7.0
2025-09-02T08:32:28.944809,21,424,1.0,1,5.5
2025-09-02T08:32:29.445119,176,600,1.0,1,7.8
2025-09-02T08:32:29.945472,33,633,1.0,1,7.5
2025-09-02T08:32:30.445741,55,688,1.0,1,6.2
2025-09-02T08:32:30.946084,12,700,1.0,1,7.6
2025-09-02T08:32:31.446532,44,744,1.0,1,7.9
2025-09-02T08:32:31.947056,41,785,1.0,1,8.3
2025-09-02T08:32:32.447432,0,785,1.0,1,8.8
2025-09-02T08:32:32.947775,68,853,1.0,1,9.3
2025-09-02T08:32:33.448053,0,853,1.0,1,7.2
2025-09-02T08:32:33.948389,72,925,1.0,1,6.9
2025-09-02T08:32:34.448805,76,1001,1.0,1,6.9
2025-09-02T08:32:34.949106,147,1148,1.0,1,8.6
2025-09-02T08:32:35.449466,0,1148,1.0,1,4.7
2025-09-02T08:32:35.949768,73,1221,1.0,1,9.1
2025-09-02T08:32:36.450083,55,1276,1.0,1,6.5
2025-09-02T08:32:36.950368,79,1355,1.0,1,8.6
2025-09-02T08:32:37.450646,5,1360,1.0,1,4.6
2025-09-02T08:32:37.950950,0,1360,1.0,1,4.6
2025-09-02T08:32:38.451245,0,1360,1.0,1,6.7
2025-09-02T08:32:38.951539,0,1360,1.0,1,4.4
2025-09-02T08:32:39.451832,69,1429,1.0,1,7.1
2025-09-02T08:32:39.952127,84,1513,1.0,1,8.8
2025-09-02T08:32:40.452433,0,1513,1.0,1,4.7
2025-09-02T08:32:40.952738,0,1513,1.0,1,4.9
2025-09-02T08:32:41.453037,1,1514,1.0,1,4.5
2025-09-02T08:32:41.953352,0,1514,1.0,1,4.6
2025-09-02T08:32:42.453654,0,1514,1.0,1,6.6
2025-09-02T08:32:42.953956,0,1514,1.0,1,4.7
2025-09-02T08:32:43.454271,55,1569,1.0,1,7.1
2025-09-02T08:32:43.954549,0,1569,1.0,1,7.0
2025-09-02T08:32:44.454858,39,1608,1.0,1,6.6
2025-09-02T08:32:44.955122,154,1762,1.0,1,7.9
2025-09-02T08:32:45.455363,44,1806,1.0,1,7.7
2025-09-02T08:32:45.955580,92,1898,1.0,1,6.6
2025-09-02T08:32:46.455798,70,1968,1.0,1,8.9
2025-09-02T08:32:46.956015,56,2024,1.0,1,6.4
2025-09-02T08:32:47.456230,88,2112,1.0,1,9.4
2025-09-02T08:32:47.956463,0,2112,1.0,1,4.4
2025-09-02T08:32:48.456681,0,2112,1.0,1,4.6
2025-09-02T08:32:48.956943,0,2112,1.0,1,6.3
2025-09-02T08:32:49.457177,0,2112,1.0,1,4.5
2025-09-02T08:32:49.957452,17,2129,1.0,1,5.8
2025-09-02T08:32:50.457812,90,2219,1.0,1,11.3
2025-09-02T08:32:50.958203,98,2317,1.0,1,8.6
2025-09-02T08:32:51.458399,2,2319,1.0,1,9.8
2025-09-02T08:32:51.958612,0,2319,1.0,1,4.6
2025-09-02T08:32:52.458884,38,2357,1.0,1,5.8
2025-09-02T08:32:52.959211,41,2398,1.0,1,8.1
2025-09-02T08:32:53.459443,65,2463,1.0,1,6.7
2025-09-02T08:32:53.959665,0,2463,1.0,1,6.6
2025-09-02T08:32:54.459893,15,2478,1.0,1,5.2
2025-09-02T08:32:54.960125,5,2483,1.0,1,4.5
2025-09-02T08:32:55.460353,0,2483,1.0,1,5.3
2025-09-02T08:32:55.960577,1,2484,1.0,1,7.4
2025-09-02T08:32:56.460787,10,2494,1.0,1,5.5
2025-09-02T08:32:56.961022,8,2502,1.0,1,6.7
2025-09-02T08:32:57.461301,0,2502,1.0,1,6.7
2025-09-02T08:32:57.961488,0,2502,1.0,1,7.0
2025-09-02T08:32:58.461716,0,2502,1.0,1,8.7
2025-09-02T08:32:58.961974,48,2550,1.0,1,12.4
2025-09-02T08:32:59.462320,8,2558,1.0,1,7.9
2025-09-02T08:32:59.962564,0,2558,1.0,1,8.9
2025-09-02T08:33:00.462784,22,2580,1.0,1,11.1
2025-09-02T08:33:00.963123,6,2586,1.0,1,14.6
2025-09-02T08:33:01.463346,28,2614,1.0,1,14.1
2025-09-02T08:33:01.963572,9,2623,1.0,1,17.0
2025-09-02T08:33:02.463768,54,2677,1.0,1,13.5
2025-09-02T08:33:02.963984,1,2678,1.0,1,8.4
2025-09-02T08:33:03.464264,33,2711,1.0,1,11.8
2025-09-02T08:33:03.964481,60,2771,1.0,1,13.4
2025-09-02T08:33:04.464727,38,2809,1.0,1,10.2
2025-09-02T08:33:04.965030,0,2809,1.0,1,10.7
2025-09-02T08:33:05.465250,7,2816,1.0,1,9.0
2025-09-02T08:33:05.965477,47,2863,1.0,1,12.1
2025-09-02T08:33:06.465672,21,2884,1.0,1,10.3
2025-09-02T08:33:06.965900,21,2905,1.0,1,8.5
2025-09-02T08:33:07.466129,1,2906,1.0,1,7.0
2025-09-02T08:33:07.966439,0,2906,1.0,1,7.1
2025-09-02T08:33:08.466694,0,2906,1.0,1,8.1
2025-09-02T08:33:08.966953,0,2906,1.0,1,10.6
2025-09-02T08:33:09.467219,0,2906,1.0,1,5.5
2025-09-02T08:33:09.967483,0,2906,1.0,1,4.7
2025-09-02T08:33:10.467712,0,2906,1.0,1,6.1
2025-09-02T08:33:10.968018,0,2906,1.0,1,4.6
2025-09-02T08:33:11.468262,0,2906,1.0,1,4.5
2025-09-02T08:33:11.968510,0,2906,1.0,1,4.2
2025-09-02T08:33:12.468746,0,2906,1.0,1,9.6
2025-09-02T08:33:12.968973,0,2906,1.0,1,8.5
2025-09-02T08:33:13.469199,0,2906,1.0,1,5.1
2025-09-02T08:33:13.969433,0,2906,1.0,1,4.1
2025-09-02T08:33:14.469652,0,2906,1.0,1,6.3
2025-09-02T08:33:14.969872,0,2906,1.0,1,7.4
2025-09-02T08:33:15.470091,0,2906,1.0,1,8.5
2025-09-02T08:33:15.970317,0,2906,1.0,1,4.8
2025-09-02T08:33:16.470551,0,2906,1.0,1,12.0
2025-09-02T08:33:16.970867,2,2908,1.0,1,8.9
2025-09-02T08:33:17.471154,2,2910,1.0,1,11.3
2025-09-02T08:33:18.123850,33,2943,1.0,1,13.5
2025-09-02T08:33:18.624121,151,3094,1.0,1,11.6
2025-09-02T08:33:19.124417,0,3094,1.0,1,4.5
2025-09-02T08:33:19.625044,51,3145,1.0,1,8.5
2025-09-02T08:33:20.125314,46,3191,1.0,1,5.9
2025-09-02T08:33:20.625699,0,3191,1.0,1,4.5
2025-09-02T08:33:21.125995,0,3191,1.0,1,7.6
2025-09-02T08:33:21.626313,0,3191,1.0,1,4.2
2025-09-02T08:33:22.126623,0,3191,1.0,1,4.5
2025-09-02T08:33:22.626986,0,3191,1.0,1,6.7
2025-09-02T08:33:23.127314,0,3191,1.0,1,9.3
2025-09-02T08:33:23.627653,0,3191,1.0,1,8.8
2025-09-02T08:33:24.127939,20,3211,1.0,1,8.6
2025-09-02T08:33:24.628296,16,3227,1.0,1,5.4
2025-09-02T08:33:25.128718,88,3315,1.0,1,11.1
2025-09-02T08:33:25.629013,75,3390,1.0,1,14.0
2025-09-02T08:33:26.129324,0,3390,1.0,1,5.5
2025-09-02T08:33:26.629646,0,3390,1.0,1,4.3
2025-09-02T08:33:27.129957,0,3390,1.0,1,6.2
2025-09-02T08:33:27.630268,0,3390,1.0,1,4.5
2025-09-02T08:33:28.130557,0,3390,1.0,1,4.6
2025-09-02T08:33:28.630866,40,3430,1.0,1,8.6
2025-09-02T08:33:29.131235,81,3511,1.0,1,7.5
2025-09-02T08:33:29.631781,100,3611,1.0,1,6.8
2025-09-02T08:33:30.132095,123,3734,1.0,1,8.9
2025-09-02T08:33:30.632450,104,3838,1.0,1,6.7
2025-09-02T08:33:31.132782,102,3940,1.0,1,9.1
2025-09-02T08:33:31.633119,81,4021,1.0,1,7.0
2025-09-02T08:33:32.133410,76,4097,1.0,1,8.4
2025-09-02T08:33:32.633784,47,4144,1.0,1,6.3
2025-09-02T08:33:33.134117,8,4152,1.0,1,6.3
2025-09-02T08:33:33.634462,7,4159,1.0,1,14.1
2025-09-02T08:33:34.134801,11,4170,1.0,1,8.1
2025-09-02T08:33:34.635178,25,4195,1.0,1,7.1
2025-09-02T08:33:35.135479,99,4294,1.0,1,6.5
2025-09-02T08:33:35.635714,0,4294,1.0,1,4.5
2025-09-02T08:33:36.136043,0,4294,1.0,1,6.3
2025-09-02T08:33:36.636278,0,4294,1.0,1,4.5
2025-09-02T08:33:37.136477,0,4294,1.0,1,4.3
2025-09-02T08:33:37.636709,0,4294,1.0,1,8.6
2025-09-02T08:33:38.136952,0,4294,1.0,1,11.3
2025-09-02T08:33:38.637183,0,4294,1.0,1,5.0
2025-09-02T08:33:39.137417,64,4358,1.0,1,9.6
2025-09-02T08:33:39.637651,25,4383,1.0,1,5.6
2025-09-02T08:33:40.137950,32,4415,1.0,1,12.4
2025-09-02T08:33:40.638177,0,4415,1.0,1,8.9
2025-09-02T08:33:41.138466,0,4415,1.0,1,4.8
2025-09-02T08:33:41.638685,0,4415,1.0,1,4.5
2025-09-02T08:33:42.138910,0,4415,1.0,1,6.6
2025-09-02T08:33:42.639135,18,4433,1.0,1,7.4
2025-09-02T08:33:43.139362,0,4433,1.0,1,8.3
2025-09-02T08:33:43.639577,0,4433,1.0,1,10.4
2025-09-02T08:33:44.139807,0,4433,1.0,1,4.4
2025-09-02T08:33:44.640034,0,4433,1.0,1,4.5
2025-09-02T08:33:45.140274,0,4433,1.0,1,4.1
2025-09-02T08:33:45.640497,0,4433,1.0,1,13.4
2025-09-02T08:33:46.140750,10,4443,1.0,1,7.8
2025-09-02T08:33:46.641045,15,4458,1.0,1,6.1
2025-09-02T08:33:47.141322,0,4458,1.0,1,6.8
2025-09-02T08:33:47.641726,4,4462,1.0,1,5.7
2025-09-02T08:33:48.141961,35,4497,1.0,1,12.8
2025-09-02T08:33:48.642193,14,4511,1.0,1,7.2
2025-09-02T08:33:49.142422,34,4545,1.0,1,6.1
2025-09-02T08:33:49.642637,46,4591,1.0,1,6.2
2025-09-02T08:33:50.142956,23,4614,1.0,1,12.7
2025-09-02T08:33:50.643152,95,4709,1.0,1,10.6
2025-09-02T08:33:51.143385,81,4790,1.0,1,7.1
2025-09-02T08:33:51.643664,2,4792,1.0,1,8.3
2025-09-02T08:33:52.143899,0,4792,1.0,1,7.7
2025-09-02T08:33:52.644102,18,4810,1.0,1,8.9
2025-09-02T08:33:53.144322,61,4871,1.0,1,9.2
2025-09-02T08:33:53.644533,104,4975,1.0,1,13.7
2025-09-02T08:33:54.145253,67,5042,1.0,1,8.8
2025-09-02T08:33:54.645484,12,5054,1.0,1,7.4
2025-09-02T08:33:55.145852,48,5102,1.0,1,12.4
2025-09-02T08:33:55.646283,59,5161,1.0,1,9.3
2025-09-02T08:33:56.146496,72,5233,1.0,1,6.6
2025-09-02T08:33:56.646735,1,5234,1.0,1,7.5
2025-09-02T08:33:57.146964,0,5234,1.0,1,7.6
2025-09-02T08:33:57.647201,0,5234,1.0,1,5.7
2025-09-02T08:33:58.147449,0,5234,1.0,1,7.1
2025-09-02T08:33:58.647684,0,5234,1.0,1,10.0
2025-09-02T08:33:59.147942,0,5234,1.0,1,11.7
2025-09-02T08:33:59.648190,0,5234,1.0,1,8.7
2025-09-02T08:34:00.148432,0,5234,1.0,1,5.3
2025-09-02T08:34:00.648711,0,5234,1.0,1,9.0
2025-09-02T08:34:01.148958,0,5234,1.0,1,8.0
2025-09-02T08:34:01.649203,0,5234,1.0,1,7.1
2025-09-02T08:34:02.149444,0,5234,1.0,1,6.3
2025-09-02T08:34:02.649693,0,5234,1.0,1,12.2
2025-09-02T08:34:03.149948,0,5234,1.0,1,8.3
2025-09-02T08:34:03.650287,6,5240,1.0,1,9.0
2025-09-02T08:34:04.150666,12,5252,1.0,1,11.0
2025-09-02T08:34:04.650902,5,5257,1.0,1,12.9
2025-09-02T08:34:05.151131,0,5257,1.0,1,7.8
2025-09-02T08:34:05.651339,27,5284,1.0,1,6.6
2025-09-02T08:34:06.151561,0,5284,1.0,1,4.8
2025-09-02T08:34:06.651793,0,5284,1.0,1,13.3
2025-09-02T08:34:07.152016,57,5341,1.0,1,8.2
2025-09-02T08:34:07.652258,0,5341,1.0,1,11.1
2025-09-02T08:34:08.152475,0,5341,1.0,1,7.9
2025-09-02T08:34:08.652715,0,5341,1.0,1,11.7
2025-09-02T08:34:09.152943,0,5341,1.0,1,5.3
2025-09-02T08:34:09.653180,0,5341,1.0,1,13.0
2025-09-02T08:34:10.153417,0,5341,1.0,1,4.5
2025-09-02T08:34:10.653655,0,5341,1.0,1,6.5
2025-09-02T08:34:11.153873,0,5341,1.0,1,5.5
2025-09-02T08:34:11.654105,0,5341,1.0,1,9.1
2025-09-02T08:34:12.154378,0,5341,1.0,1,8.9
2025-09-02T08:34:12.654663,0,5341,1.0,1,7.1
2025-09-02T08:34:13.154899,0,5341,1.0,1,4.7
2025-09-02T08:34:13.655180,0,5341,1.0,1,13.0
2025-09-02T08:34:14.155463,2,5343,1.0,1,7.3
2025-09-02T08:34:14.655865,1,5344,1.0,1,6.4
2025-09-02T08:34:15.156160,2,5346,1.0,1,4.7
2025-09-02T08:34:15.656502,1,5347,1.0,1,8.2
2025-09-02T08:34:16.156865,0,5347,1.0,1,5.1
2025-09-02T08:34:16.657206,1,5348,1.0,1,5.3
2025-09-02T08:34:17.157483,3,5351,1.0,1,5.0
2025-09-02T08:34:17.657724,4,5355,1.0,1,8.8
2025-09-02T08:34:18.157915,4,5359,1.0,1,5.7
2025-09-02T08:34:18.658140,3,5362,1.0,1,6.3
2025-09-02T08:34:19.158420,3,5365,1.0,1,15.4
2025-09-02T08:34:19.658646,0,5365,1.0,1,5.4
2025-09-02T08:34:20.158876,0,5365,1.0,1,6.8
2025-09-02T08:34:20.659110,0,5365,1.0,1,6.7
2025-09-02T08:34:21.159438,0,5365,1.0,1,7.8
2025-09-02T08:34:21.659678,0,5365,1.0,1,6.2
2025-09-02T08:34:22.159904,0,5365,1.0,1,7.9
2025-09-02T08:34:22.660137,0,5365,1.0,1,6.0
2025-09-02T08:34:23.160373,0,5365,1.0,1,8.9
2025-09-02T08:34:23.660606,0,5365,1.0,1,5.8
2025-09-02T08:34:24.160849,0,5365,1.0,1,6.0
2025-09-02T08:34:24.661077,0,5365,1.0,1,13.8
2025-09-02T08:34:25.161336,0,5365,1.0,1,7.7
2025-09-02T08:34:25.661566,0,5365,1.0,1,5.8
2025-09-02T08:34:26.161839,0,5365,1.0,1,4.6
2025-09-02T08:34:26.662073,0,5365,1.0,1,8.6
2025-09-02T08:34:27.162326,0,5365,1.0,1,4.5
2025-09-02T08:34:27.662541,0,5365,1.0,1,4.3
2025-09-02T08:34:28.162769,0,5365,1.0,1,4.4
2025-09-02T08:34:28.662994,0,5365,1.0,1,6.4
2025-09-02T08:34:29.163331,0,5365,1.0,1,5.4
2025-09-02T08:34:29.663564,0,5365,1.0,1,4.4
2025-09-02T08:34:30.163835,0,5365,1.0,1,6.2
2025-09-02T08:34:30.664063,0,5365,1.0,1,4.7
2025-09-02T08:34:31.164294,0,5365,1.0,1,4.5
2025-09-02T08:34:31.664488,0,5365,1.0,1,4.5
2025-09-02T08:34:32.164721,0,5365,1.0,1,6.5
2025-09-02T08:34:32.664948,0,5365,1.0,1,4.5
2025-09-02T08:34:33.165178,0,5365,1.0,1,4.5
2025-09-02T08:34:33.665401,0,5365,1.0,1,5.0
2025-09-02T08:34:34.165627,0,5365,1.0,1,6.4
2025-09-02T08:34:34.665882,0,5365,1.0,1,4.0
2025-09-02T08:34:35.166124,0,5365,1.0,1,4.6
2025-09-02T08:34:35.666374,0,5365,1.0,1,5.8
2025-09-02T08:34:36.166610,0,5365,1.0,1,5.3
2025-09-02T08:34:36.666824,0,5365,1.0,1,4.7
2025-09-02T08:34:37.167042,0,5365,1.0,1,4.9
2025-09-02T08:34:37.667262,0,5365,1.0,1,6.7
2025-09-02T08:34:38.167471,0,5365,1.0,1,4.8
2025-09-02T08:34:38.667699,0,5365,1.0,1,5.0
2025-09-02T08:34:39.168040,0,5365,1.0,1,5.8
2025-09-02T08:34:39.668345,0,5365,1.0,1,6.8
2025-09-02T08:34:40.168658,0,5365,1.0,1,6.0
2025-09-02T08:34:40.668971,0,5365,1.0,1,6.6
2025-09-02T08:34:41.169506,9,5374,1.0,1,11.4
2025-09-02T08:34:41.669965,14,5388,1.0,1,12.0
2025-09-02T08:34:42.170235,7,5395,1.0,1,11.9
2025-09-02T08:34:42.670534,0,5395,1.0,1,8.6
2025-09-02T08:34:43.170824,0,5395,1.0,1,8.5
2025-09-02T08:34:43.671368,47,5442,1.0,1,11.4
2025-09-02T08:34:44.171692,28,5470,1.0,1,8.5
2025-09-02T08:34:44.672011,128,5598,1.0,1,11.6
2025-09-02T08:34:45.172340,84,5682,1.0,1,9.6
2025-09-02T08:34:45.672645,98,5780,1.0,1,9.4
2025-09-02T08:34:46.172921,130,5910,1.0,1,11.5
2025-09-02T08:34:46.673196,103,6013,1.0,1,9.5
2025-09-02T08:34:47.173472,75,6088,1.0,1,12.0
2025-09-02T08:34:47.673692,0,6088,1.0,1,7.7
2025-09-02T08:34:48.173934,0,6088,1.0,1,9.1
2025-09-02T08:34:48.674139,15,6103,1.0,1,7.9
2025-09-02T08:34:49.174361,60,6163,1.0,1,6.4
2025-09-02T08:34:49.674580,0,6163,1.0,1,6.6
2025-09-02T08:34:50.174816,0,6163,1.0,1,4.7
2025-09-02T08:34:50.675035,0,6163,1.0,1,4.8
2025-09-02T08:34:51.175389,7,6170,1.0,1,7.1
2025-09-02T08:34:51.675629,23,6193,1.0,1,6.0
2025-09-02T08:34:52.175926,0,6193,1.0,1,6.2
2025-09-02T08:34:52.676146,47,6240,1.0,1,7.6
2025-09-02T08:34:53.176355,0,6240,1.0,1,4.8
2025-09-02T08:34:53.676569,0,6240,1.0,1,6.7
2025-09-02T08:34:54.176798,0,6240,1.0,1,4.7
2025-09-02T08:34:54.677023,28,6268,1.0,1,6.7
2025-09-02T08:34:55.177251,0,6268,1.0,1,6.8
2025-09-02T08:34:55.677543,68,6336,1.0,1,7.1
2025-09-02T08:34:56.177810,41,6377,1.0,1,7.1
2025-09-02T08:34:56.678010,11,6388,1.0,1,4.8
2025-09-02T08:34:57.178200,40,6428,1.0,1,6.9
2025-09-02T08:34:57.678428,0,6428,1.0,1,6.6
2025-09-02T08:34:58.178664,0,6428,1.0,1,4.8
2025-09-02T08:34:58.678930,0,6428,1.0,1,4.5
2025-09-02T08:34:59.179167,0,6428,1.0,1,4.1
2025-09-02T08:34:59.679395,0,6428,1.0,1,6.3
2025-09-02T08:35:00.179624,0,6428,1.0,1,4.5
2025-09-02T08:35:00.679868,0,6428,1.0,1,4.3
2025-09-02T08:35:01.180110,0,6428,1.0,1,4.4
2025-09-02T08:35:01.680348,0,6428,1.0,1,6.4
2025-09-02T08:35:02.180577,0,6428,1.0,1,4.7
2025-09-02T08:35:02.680815,0,6428,1.0,1,4.3
2025-09-02T08:35:03.181047,0,6428,1.0,1,4.5
2025-09-02T08:35:03.681277,0,6428,1.0,1,6.2
2025-09-02T08:35:04.181505,0,6428,1.0,1,4.4
2025-09-02T08:35:04.681728,0,6428,1.0,1,4.4
2025-09-02T08:35:05.181957,0,6428,1.0,1,4.4
2025-09-02T08:35:05.682203,0,6428,1.0,1,6.2
2025-09-02T08:35:06.182460,0,6428,1.0,1,4.5
2025-09-02T08:35:06.682716,0,6428,1.0,1,4.4
2025-09-02T08:35:07.182938,0,6428,1.0,1,4.5
2025-09-02T08:35:07.683154,0,6428,1.0,1,6.5
2025-09-02T08:35:08.183372,0,6428,1.0,1,4.5
2025-09-02T08:35:08.683606,0,6428,1.0,1,4.7
2025-09-02T08:35:09.183834,0,6428,1.0,1,4.6
2025-09-02T08:35:09.684059,0,6428,1.0,1,6.5
2025-09-02T08:35:10.184286,0,6428,1.0,1,4.7
2025-09-02T08:35:10.684475,0,6428,1.0,1,4.8
2025-09-02T08:35:11.184708,0,6428,1.0,1,6.6
2025-09-02T08:35:11.684933,0,6428,1.0,1,4.5
2025-09-02T08:35:12.185158,9,6437,1.0,1,4.6
2025-09-02T08:35:12.685395,24,6461,1.0,1,8.5
2025-09-02T08:35:13.185626,0,6461,1.0,1,5.3
2025-09-02T08:35:13.685858,0,6461,1.0,1,5.8
2025-09-02T08:35:14.186093,0,6461,1.0,1,7.4
2025-09-02T08:35:14.686300,0,6461,1.0,1,5.0
2025-09-02T08:35:15.186541,32,6493,1.0,1,6.7
2025-09-02T08:35:15.686753,0,6493,1.0,1,7.1
2025-09-02T08:35:16.186959,80,6573,1.0,1,7.3
2025-09-02T08:35:16.687149,20,6593,1.0,1,6.1
2025-09-02T08:35:17.187369,55,6648,1.0,1,8.7
2025-09-02T08:35:17.687593,0,6648,1.0,1,4.7
2025-09-02T08:35:18.187821,33,6681,1.0,1,8.4
2025-09-02T08:35:18.688241,26,6707,1.0,1,6.4
2025-09-02T08:35:19.188555,0,6707,1.0,1,4.7
2025-09-02T08:35:19.688858,0,6707,1.0,1,4.8
2025-09-02T08:35:20.189248,0,6707,1.0,1,4.5
2025-09-02T08:35:20.689542,0,6707,1.0,1,6.7
2025-09-02T08:35:21.189842,0,6707,1.0,1,4.7
2025-09-02T08:35:21.690144,0,6707,1.0,1,4.6
2025-09-02T08:35:22.190450,0,6707,1.0,1,6.8
2025-09-02T08:35:22.690746,0,6707,1.0,1,4.6
2025-09-02T08:35:23.191052,0,6707,1.0,1,4.8
2025-09-02T08:35:23.691359,0,6707,1.0,1,4.4
2025-09-02T08:35:24.191727,0,6707,1.0,1,6.5
2025-09-02T08:35:24.692026,0,6707,1.0,1,4.7
2025-09-02T08:35:25.192294,27,6734,1.0,1,6.7
2025-09-02T08:35:25.692540,1,6735,1.0,1,6.7
2025-09-02T08:35:26.192851,0,6735,1.0,1,4.9
2025-09-02T08:35:26.693149,0,6735,1.0,1,5.1
2025-09-02T08:35:27.193440,0,6735,1.0,1,5.0
2025-09-02T08:35:27.693739,0,6735,1.0,1,6.7
2025-09-02T08:35:28.194081,0,6735,1.0,1,4.7
2025-09-02T08:35:28.694392,0,6735,1.0,1,4.6
2025-09-02T08:35:29.194694,0,6735,1.0,1,4.5
2025-09-02T08:35:29.695021,0,6735,1.0,1,6.5
2025-09-02T08:35:30.195350,0,6735,1.0,1,4.8
2025-09-02T08:35:30.695605,2,6737,1.0,1,4.8
2025-09-02T08:35:31.195947,6,6743,1.0,1,6.8
2025-09-02T08:35:31.696238,5,6748,1.0,1,5.0
2025-09-02T08:35:32.196869,5,6753,1.0,1,5.6
2025-09-02T08:35:32.697200,1,6754,1.0,1,6.0
2025-09-02T08:35:33.197489,0,6754,1.0,1,5.8
2025-09-02T08:35:33.697707,0,6754,1.0,1,4.9
2025-09-02T08:35:34.197933,0,6754,1.0,1,4.7
2025-09-02T08:35:34.698160,0,6754,1.0,1,6.8
2025-09-02T08:35:35.198471,0,6754,1.0,1,4.8
2025-09-02T08:35:35.698746,0,6754,1.0,1,4.7
2025-09-02T08:35:36.198970,0,6754,1.0,1,4.8
2025-09-02T08:35:36.699238,0,6754,1.0,1,6.3
2025-09-02T08:35:37.199468,0,6754,1.0,1,4.8
2025-09-02T08:35:37.699694,0,6754,1.0,1,5.0
2025-09-02T08:35:38.199921,0,6754,1.0,1,5.3
2025-09-02T08:35:38.700168,0,6754,1.0,1,6.7
2025-09-02T08:35:39.200402,0,6754,1.0,1,4.5
2025-09-02T08:35:39.700623,0,6754,1.0,1,6.4
2025-09-02T08:35:40.200851,0,6754,1.0,1,6.7
2025-09-02T08:35:40.701075,0,6754,1.0,1,5.1
2025-09-02T08:35:41.201295,0,6754,1.0,1,4.8
2025-09-02T08:35:41.701476,0,6754,1.0,1,5.1
2025-09-02T08:35:42.201687,0,6754,1.0,1,6.5
2025-09-02T08:35:42.701912,0,6754,1.0,1,4.9
2025-09-02T08:35:43.202116,3,6757,1.0,1,5.5
2025-09-02T08:35:43.702403,8,6765,1.0,1,7.7
2025-09-02T08:35:44.202635,0,6765,1.0,1,5.9
2025-09-02T08:35:44.702849,0,6765,1.0,1,4.7
2025-09-02T08:35:45.203071,0,6765,1.0,1,5.0
2025-09-02T08:35:45.703302,0,6765,1.0,1,7.1
2025-09-02T08:35:46.203527,0,6765,1.0,1,5.0
2025-09-02T08:35:46.703755,0,6765,1.0,1,5.0
2025-09-02T08:35:47.203992,0,6765,1.0,1,7.5
2025-09-02T08:35:47.704215,0,6765,1.0,1,5.3
2025-09-02T08:35:48.204443,0,6765,1.0,1,4.6
2025-09-02T08:35:48.704717,0,6765,1.0,1,6.7
2025-09-02T08:35:49.204947,0,6765,1.0,1,5.0
2025-09-02T08:35:49.705166,0,6765,1.0,1,4.9
2025-09-02T08:35:50.205395,0,6765,1.0,1,6.8
2025-09-02T08:35:50.705616,0,6765,1.0,1,4.9
2025-09-02T08:35:51.205835,0,6765,1.0,1,4.7
2025-09-02T08:35:51.706050,0,6765,1.0,1,4.7
2025-09-02T08:35:52.206293,0,6765,1.0,1,6.8
2025-09-02T08:35:52.706471,0,6765,1.0,1,4.8
2025-09-02T08:35:53.206770,0,6765,1.0,1,4.3
2025-09-02T08:35:53.707046,0,6765,1.0,1,5.3
2025-09-02T08:35:54.207276,0,6765,1.0,1,6.4
2025-09-02T08:35:54.707471,0,6765,1.0,1,5.0
2025-09-02T08:35:55.207702,0,6765,1.0,1,5.1
2025-09-02T08:35:55.707929,0,6765,1.0,1,6.8
2025-09-02T08:35:56.208155,0,6765,1.0,1,4.7
2025-09-02T08:35:56.708377,0,6765,1.0,1,4.8
2025-09-02T08:35:57.208595,0,6765,1.0,1,5.0
2025-09-02T08:35:57.708811,0,6765,1.0,1,6.9
2025-09-02T08:35:58.209031,0,6765,1.0,1,4.8
2025-09-02T08:35:58.709262,0,6765,1.0,1,4.6
2025-09-02T08:35:59.209494,0,6765,1.0,1,4.3
2025-09-02T08:35:59.709714,0,6765,1.0,1,6.4
2025-09-02T08:36:00.209933,0,6765,1.0,1,4.8
2025-09-02T08:36:00.710154,0,6765,1.0,1,4.8
2025-09-02T08:36:01.210405,0,6765,1.0,1,7.0
2025-09-02T08:36:01.710674,0,6765,1.0,1,5.1
2025-09-02T08:36:02.210888,0,6765,1.0,1,5.2
2025-09-02T08:36:02.711103,0,6765,1.0,1,5.3
2025-09-02T08:36:03.211331,0,6765,1.0,1,7.0
2025-09-02T08:36:03.711560,0,6765,1.0,1,5.5
2025-09-02T08:36:04.211782,0,6765,1.0,1,5.4
2025-09-02T08:36:04.712069,3,6768,1.0,1,7.6
2025-09-02T08:36:05.212362,1,6769,1.0,1,6.8
2025-09-02T08:36:05.712667,0,6769,1.0,1,4.3
2025-09-02T08:36:06.212904,0,6769,1.0,1,4.7
2025-09-02T08:36:06.713138,0,6769,1.0,1,7.0
2025-09-02T08:36:07.213370,0,6769,1.0,1,4.8
2025-09-02T08:36:07.713596,0,6769,1.0,1,4.8
2025-09-02T08:36:08.213816,0,6769,1.0,1,4.9
2025-09-02T08:36:08.714088,0,6769,1.0,1,7.2
2025-09-02T08:36:09.214308,0,6769,1.0,1,5.0
2025-09-02T08:36:09.714527,0,6769,1.0,1,5.0
2025-09-02T08:36:10.214751,0,6769,1.0,1,4.8
2025-09-02T08:36:10.714982,0,6769,1.0,1,6.9
2025-09-02T08:36:11.215211,0,6769,1.0,1,4.9
2025-09-02T08:36:11.715435,0,6769,1.0,1,5.0
2025-09-02T08:36:12.215662,0,6769,1.0,1,6.9
2025-09-02T08:36:12.715888,0,6769,1.0,1,4.8
2025-09-02T08:36:13.216108,0,6769,1.0,1,4.8
2025-09-02T08:36:13.716470,0,6769,1.0,1,4.4
2025-09-02T08:36:14.216707,0,6769,1.0,1,6.4
2025-09-02T08:36:14.716922,0,6769,1.0,1,5.0
2025-09-02T08:36:15.217157,0,6769,1.0,1,4.9
2025-09-02T08:36:15.717377,0,6769,1.0,1,4.8
2025-09-02T08:36:16.217606,0,6769,1.0,1,7.0
2025-09-02T08:36:16.717848,0,6769,1.0,1,4.8
2025-09-02T08:36:17.218068,0,6769,1.0,1,5.8
2025-09-02T08:36:17.718303,0,6769,1.0,1,7.1
2025-09-02T08:36:18.218534,0,6769,1.0,1,5.0
2025-09-02T08:36:18.718755,0,6769,1.0,1,5.2
2025-09-02T08:36:19.218984,0,6769,1.0,1,4.8
2025-09-02T08:36:19.719203,0,6769,1.0,1,7.2
2025-09-02T08:36:20.219432,0,6769,1.0,1,4.9
2025-09-02T08:36:20.719670,0,6769,1.0,1,5.0
2025-09-02T08:36:21.219897,0,6769,1.0,1,5.3
2025-09-02T08:36:21.720131,0,6769,1.0,1,7.4
2025-09-02T08:36:22.220353,0,6769,1.0,1,5.1
2025-09-02T08:36:22.720569,0,6769,1.0,1,5.1
2025-09-02T08:36:23.220838,0,6769,1.0,1,5.0
2025-09-02T08:36:23.721418,0,6769,1.0,1,4.9
2025-09-02T08:36:24.222029,0,6769,1.0,1,0.6
2025-09-02T08:36:24.722656,0,6769,1.0,1,1.3
2025-09-02T08:36:25.223246,0,6769,1.0,1,0.8
2025-09-02T08:36:25.723881,0,6769,1.0,1,0.4
2025-09-02T08:36:26.224613,0,6769,1.0,1,0.5
2025-09-02T08:36:26.725201,0,6769,1.0,1,0.4
2025-09-02T08:36:27.225836,0,6769,1.0,1,0.8
2025-09-02T08:36:27.726450,0,6769,1.0,1,0.4
2025-09-02T08:36:28.227024,0,6769,1.0,1,0.5
2025-09-02T08:36:28.727844,0,6769,1.0,1,0.6
2025-09-02T08:36:29.228732,0,6769,1.0,1,0.4
2025-09-02T08:36:29.729475,0,6769,1.0,1,0.4
2025-09-02T08:36:30.230233,0,6769,1.0,1,0.6
2025-09-02T08:36:30.730914,0,6769,1.0,1,0.4
2025-09-02T08:36:31.231644,0,6769,1.0,1,0.3
2025-09-02T08:36:31.732329,0,6769,1.0,1,3.6
2025-09-02T08:36:32.233034,0,6769,1.0,1,3.2
2025-09-02T08:36:32.733792,0,6769,1.0,1,0.4
2025-09-02T08:36:33.234468,0,6769,1.0,1,1.6
2025-09-02T08:36:33.735098,0,6769,1.0,1,0.4
2025-09-02T08:36:34.235916,0,6769,1.0,1,0.5
2025-09-02T08:36:34.736631,0,6769,1.0,1,0.4
2025-09-02T08:36:35.237558,0,6769,1.0,1,0.4
2025-09-02T08:36:35.738734,0,6769,1.0,1,0.3
2025-09-02T08:36:36.239569,0,6769,1.0,1,0.3
2025-09-02T08:36:36.740232,0,6769,1.0,1,0.3
2025-09-02T08:36:37.240775,0,6769,1.0,1,0.4
2025-09-02T08:36:37.741384,0,6769,1.0,1,0.4
2025-09-02T08:36:38.242128,0,6769,1.0,1,0.3
2025-09-02T08:36:38.742772,0,6769,1.0,1,0.6
2025-09-02T08:36:39.243432,0,6769,1.0,1,0.3
2025-09-02T08:36:39.744024,0,6769,1.0,1,0.4
2025-09-02T08:36:40.244791,0,6769,1.0,1,0.4
2025-09-02T08:36:40.745437,0,6769,1.0,1,1.3
2025-09-02T08:36:41.246227,0,6769,1.0,1,0.4
2025-09-02T08:36:41.746879,0,6769,1.0,1,1.1
2025-09-02T08:36:42.247580,0,6769,1.0,1,0.4
2025-09-02T08:36:42.748186,0,6769,1.0,1,0.3
2025-09-02T08:36:43.248922,0,6769,1.0,1,0.3
2025-09-02T08:36:43.749664,0,6769,1.0,1,0.5
2025-09-02T08:36:44.250468,0,6769,1.0,1,0.4
2025-09-02T08:36:44.751178,0,6769,1.0,1,0.4
2025-09-02T08:36:45.251907,0,6769,1.0,1,0.3
2025-09-02T08:36:45.752567,0,6769,1.0,1,0.4
2025-09-02T08:36:46.253383,0,6769,1.0,1,0.3
2025-09-02T08:36:46.754031,0,6769,1.0,1,0.4
2025-09-02T08:36:47.254863,0,6769,1.0,1,0.4
2025-09-02T08:36:47.755542,0,6769,1.0,1,0.9
2025-09-02T08:36:48.256321,0,6769,1.0,1,0.4
2025-09-02T08:36:48.757200,0,6769,1.0,1,0.5
2025-09-02T08:36:49.258140,0,6769,1.0,1,0.4
2025-09-02T08:36:49.759119,0,6769,1.0,1,0.4
2025-09-02T08:36:50.260121,0,6769,1.0,1,0.4
2025-09-02T08:36:50.761078,0,6769,1.0,1,0.4
2025-09-02T08:36:51.262123,0,6769,1.0,1,0.3
2025-09-02T08:36:51.763200,0,6769,1.0,1,0.4
2025-09-02T08:36:52.264169,0,6769,1.0,1,0.3
2025-09-02T08:36:52.764998,0,6769,1.0,1,0.6
2025-09-02T08:36:53.265997,0,6769,1.0,1,0.9
2025-09-02T08:36:53.767005,0,6769,1.0,1,0.7
2025-09-02T08:36:54.267790,0,6769,1.0,1,0.8
2025-09-02T08:36:54.768507,0,6769,1.0,1,0.4
2025-09-02T08:36:55.269207,0,6769,1.0,1,0.4
2025-09-02T08:36:55.769935,0,6769,1.0,1,0.3
2025-09-02T08:36:56.270700,0,6769,1.0,1,0.3
2025-09-02T08:36:56.771432,0,6769,1.0,1,0.4
2025-09-02T08:36:57.272185,0,6769,1.0,1,0.3
2025-09-02T08:36:57.772929,0,6769,1.0,1,0.4
2025-09-02T08:36:58.273704,0,6769,1.0,1,0.3
2025-09-02T08:36:58.774372,0,6769,1.0,1,0.6
2025-09-02T08:36:59.275043,0,6769,1.0,1,0.4
2025-09-02T08:36:59.775753,0,6769,1.0,1,0.4
2025-09-02T08:37:00.276406,0,6769,1.0,1,0.4
2025-09-02T08:37:00.777016,0,6769,1.0,1,0.4
2025-09-02T08:37:01.277764,0,6769,1.0,1,0.3
2025-09-02T08:37:01.778386,0,6769,1.0,1,0.3
2025-09-02T08:37:02.279114,0,6769,1.0,1,0.3
2025-09-02T08:37:02.779765,0,6769,1.0,1,0.4
2025-09-02T08:37:03.280421,0,6769,1.0,1,0.3
2025-09-02T08:37:03.781038,0,6769,1.0,1,0.4
2025-09-02T08:37:04.281822,0,6769,1.0,1,0.3
2025-09-02T08:37:04.782447,0,6769,1.0,1,0.3
2025-09-02T08:37:05.283079,0,6769,1.0,1,0.4
2025-09-02T08:37:05.783802,0,6769,1.0,1,0.3
2025-09-02T08:37:06.284407,0,6769,1.0,1,0.3
2025-09-02T08:37:06.785044,0,6769,1.0,1,0.3
2025-09-02T08:37:07.285804,0,6769,1.0,1,0.4
2025-09-02T08:37:07.786384,0,6769,1.0,1,0.3
2025-09-02T08:37:08.287110,0,6769,1.0,1,0.3
2025-09-02T08:37:08.787824,0,6769,1.0,1,0.5
2025-09-02T08:37:09.288661,0,6769,1.0,1,0.3
2025-09-02T08:37:09.789420,0,6769,1.0,1,0.3
2025-09-02T08:37:10.290426,0,6769,1.0,1,0.4
2025-09-02T08:37:10.791319,0,6769,1.0,1,0.3
2025-09-02T08:37:11.292005,0,6769,1.0,1,0.4
2025-09-02T08:37:11.792893,0,6769,1.0,1,0.3
2025-09-02T08:37:12.293630,0,6769,1.0,1,0.4
2025-09-02T08:37:12.794422,0,6769,1.0,1,0.3
2025-09-02T08:37:13.295177,0,6769,1.0,1,0.4
2025-09-02T08:37:13.795925,0,6769,1.0,1,0.4
2025-09-02T08:37:14.296600,0,6769,1.0,1,0.3
2025-09-02T08:37:14.797173,0,6769,1.0,1,0.5
2025-09-02T08:37:15.297758,0,6769,1.0,1,0.3
2025-09-02T08:37:15.798509,0,6769,1.0,1,0.4
2025-09-02T08:37:16.299268,0,6769,1.0,1,0.3
2025-09-02T08:37:16.799976,0,6769,1.0,1,0.4
2025-09-02T08:37:17.300773,0,6769,1.0,1,0.8
2025-09-02T08:37:17.801504,0,6769,1.0,1,0.4
2025-09-02T08:37:18.302265,0,6769,1.0,1,0.3
2025-09-02T08:37:18.802963,0,6769,1.0,1,0.4
2025-09-02T08:37:19.303668,0,6769,1.0,1,0.4
2025-09-02T08:37:19.804364,0,6769,1.0,1,0.6
2025-09-02T08:37:20.304936,0,6769,1.0,1,0.3
2025-09-02T08:37:20.805577,0,6769,1.0,1,0.3
2025-09-02T08:37:21.306186,0,6769,1.0,1,0.3
2025-09-02T08:37:21.806801,0,6769,1.0,1,0.3
2025-09-02T08:37:22.307402,0,6769,1.0,1,0.3
2025-09-02T08:37:22.807973,0,6769,1.0,1,0.4
2025-09-02T08:37:23.308678,0,6769,1.0,1,1.4
2025-09-02T08:37:23.809320,0,6769,1.0,1,0.4
2025-09-02T08:37:24.309961,0,6769,1.0,1,0.9
2025-09-02T08:37:24.810680,0,6769,1.0,1,0.3
2025-09-02T08:37:25.311378,0,6769,1.0,1,1.6
2025-09-02T08:37:25.812005,0,6769,1.0,1,0.4
2025-09-02T08:37:26.312764,0,6769,1.0,1,0.3
2025-09-02T08:37:26.813364,0,6769,1.0,1,0.4
2025-09-02T08:37:27.313954,0,6769,1.0,1,0.3
2025-09-02T08:37:27.814695,0,6769,1.0,1,0.4
2025-09-02T08:37:28.315283,0,6769,1.0,1,0.3
2025-09-02T08:37:28.815964,0,6769,1.0,1,0.4
2025-09-02T08:37:29.316706,0,6769,1.0,1,0.4
2025-09-02T08:37:29.817461,0,6769,1.0,1,0.4
2025-09-02T08:37:30.318148,0,6769,1.0,1,0.3
2025-09-02T08:37:30.818848,0,6769,1.0,1,0.4
2025-09-02T08:37:31.319636,0,6769,1.0,1,0.3
2025-09-02T08:37:31.820449,0,6769,1.0,1,0.3
2025-09-02T08:37:32.321173,0,6769,1.0,1,0.4
2025-09-02T08:37:32.821895,0,6769,1.0,1,0.4
2025-09-02T08:37:33.322632,0,6769,1.0,1,0.3
2025-09-02T08:37:33.823427,0,6769,1.0,1,0.4
2025-09-02T08:37:34.324204,0,6769,1.0,1,0.3
2025-09-02T08:37:34.824920,0,6769,1.0,1,0.4
2025-09-02T08:37:35.325744,0,6769,1.0,1,0.4
2025-09-02T08:37:35.826577,0,6769,1.0,1,0.4
2025-09-02T08:37:36.327376,0,6769,1.0,1,0.3
2025-09-02T08:37:36.828108,0,6769,1.0,1,0.4
2025-09-02T08:37:37.328849,0,6769,1.0,1,0.3
2025-09-02T08:37:37.829488,0,6769,1.0,1,0.3
2025-09-02T08:37:38.330072,0,6769,1.0,1,0.3
2025-09-02T08:37:38.830776,0,6769,1.0,1,0.6
2025-09-02T08:37:39.331466,0,6769,1.0,1,0.2
2025-09-02T08:37:39.832111,0,6769,1.0,1,0.3
2025-09-02T08:37:40.332804,0,6769,1.0,1,0.3
2025-09-02T08:37:40.833398,0,6769,1.0,1,1.2
2025-09-02T08:37:41.333983,0,6769,1.0,1,0.4
2025-09-02T08:37:41.834728,0,6769,1.0,1,1.1
2025-09-02T08:37:42.335511,0,6769,1.0,1,0.3
2025-09-02T08:37:42.836153,0,6769,1.0,1,0.4
2025-09-02T08:37:43.336851,0,6769,1.0,1,0.4
2025-09-02T08:37:43.837614,0,6769,1.0,1,0.3
2025-09-02T08:37:44.338314,0,6769,1.0,1,0.3
2025-09-02T08:37:44.839049,0,6769,1.0,1,0.3
2025-09-02T08:37:45.339788,0,6769,1.0,1,0.3
2025-09-02T08:37:45.840607,0,6769,1.0,1,0.3
2025-09-02T08:37:46.341364,0,6769,1.0,1,0.3
2025-09-02T08:37:46.842093,0,6769,1.0,1,0.4
2025-09-02T08:37:47.342814,0,6769,1.0,1,0.3
2025-09-02T08:37:47.843586,0,6769,1.0,1,2.6
2025-09-02T08:37:48.344195,0,6769,1.0,1,0.4
2025-09-02T08:37:48.844914,0,6769,1.0,1,0.9
2025-09-02T08:37:49.345719,0,6769,1.0,1,0.4
2025-09-02T08:37:49.846461,0,6769,1.0,1,0.3
2025-09-02T08:37:50.347219,0,6769,1.0,1,0.3
2025-09-02T08:37:50.847911,0,6769,1.0,1,0.4
2025-09-02T08:37:51.348684,0,6769,1.0,1,0.3
2025-09-02T08:37:51.849413,0,6769,1.0,1,0.3
2025-09-02T08:37:52.350195,0,6769,1.0,1,0.2
2025-09-02T08:37:52.850920,0,6769,1.0,1,0.4
2025-09-02T08:37:53.351682,0,6769,1.0,1,1.1
2025-09-02T08:37:53.852401,0,6769,1.0,1,0.5
2025-09-02T08:37:54.353089,0,6769,1.0,1,0.9
2025-09-02T08:37:54.853977,0,6769,1.0,1,0.5
2025-09-02T08:37:55.354769,0,6769,1.0,1,0.6
2025-09-02T08:37:55.855477,0,6769,1.0,1,0.3
2025-09-02T08:37:56.356101,0,6769,1.0,1,0.3
2025-09-02T08:37:56.856761,0,6769,1.0,1,0.4
2025-09-02T08:37:57.357552,0,6769,1.0,1,0.3
2025-09-02T08:37:57.858149,0,6769,1.0,1,0.4
2025-09-02T08:37:58.358861,0,6769,1.0,1,0.3
2025-09-02T08:37:58.859614,0,6769,1.0,1,0.4
2025-09-02T08:37:59.360408,0,6769,1.0,1,0.3
2025-09-02T08:37:59.861185,0,6769,1.0,1,0.3
2025-09-02T08:38:00.361936,0,6769,1.0,1,0.3
2025-09-02T08:38:00.862700,0,6769,1.0,1,0.4
2025-09-02T08:38:01.363501,0,6769,1.0,1,0.3
2025-09-02T08:38:01.864195,0,6769,1.0,1,0.4
2025-09-02T08:38:02.364968,0,6769,1.0,1,0.4
2025-09-02T08:38:02.865790,0,6769,1.0,1,0.4
2025-09-02T08:38:03.366570,0,6769,1.0,1,0.3
2025-09-02T08:38:03.867380,0,6769,1.0,1,0.4
2025-09-02T08:38:04.367997,0,6769,1.0,1,0.3
2025-09-02T08:38:04.868738,0,6769,1.0,1,0.3
2025-09-02T08:38:05.369478,0,6769,1.0,1,0.3
2025-09-02T08:38:05.870194,0,6769,1.0,1,0.3
2025-09-02T08:38:06.370980,0,6769,1.0,1,0.4
2025-09-02T08:38:06.871819,0,6769,1.0,1,0.3
2025-09-02T08:38:07.372633,0,6769,1.0,1,0.4
2025-09-02T08:38:07.873330,0,6769,1.0,1,0.4
2025-09-02T08:38:08.374066,0,6769,1.0,1,0.3
2025-09-02T08:38:08.874847,0,6769,1.0,1,0.4
2025-09-02T08:38:09.375537,0,6769,1.0,1,0.4
2025-09-02T08:38:09.876195,0,6769,1.0,1,0.3
2025-09-02T08:38:10.376900,0,6769,1.0,1,0.4
2025-09-02T08:38:10.877503,0,6769,1.0,1,0.3
2025-09-02T08:38:11.378122,0,6769,1.0,1,0.4
2025-09-02T08:38:11.878833,0,6769,1.0,1,0.3
2025-09-02T08:38:12.379436,0,6769,1.0,1,0.6
2025-09-02T08:38:12.880023,0,6769,1.0,1,0.3
2025-09-02T08:38:13.380622,0,6769,1.0,1,0.4
2025-09-02T08:38:13.881204,0,6769,1.0,1,0.3
2025-09-02T08:38:14.381909,0,6769,1.0,1,0.4
2025-09-02T08:38:14.882556,0,6769,1.0,1,0.5
2025-09-02T08:38:15.383283,0,6769,1.0,1,0.3
2025-09-02T08:38:15.884002,0,6769,1.0,1,0.4
2025-09-02T08:38:16.384769,0,6769,1.0,1,0.3
2025-09-02T08:38:16.885457,0,6769,1.0,1,0.5
2025-09-02T08:38:17.386250,0,6769,1.0,1,0.9
2025-09-02T08:38:17.887062,0,6769,1.0,1,0.4
2025-09-02T08:38:18.387756,0,6769,1.0,1,0.3
2025-09-02T08:38:18.888316,0,6769,1.0,1,0.3
2025-09-02T08:38:19.389002,0,6769,1.0,1,0.4
2025-09-02T08:38:19.889745,0,6769,1.0,1,0.4
2025-09-02T08:38:20.390517,0,6769,1.0,1,0.3
2025-09-02T08:38:20.891173,0,6769,1.0,1,0.3
2025-09-02T08:38:21.391900,0,6769,1.0,1,0.3
2025-09-02T08:38:21.892537,0,6769,1.0,1,0.4
2025-09-02T08:38:22.393190,0,6769,1.0,1,0.2
2025-09-02T08:38:22.893943,0,6769,1.0,1,1.0
2025-09-02T08:38:23.394556,0,6769,1.0,1,1.1
2025-09-02T08:38:23.895289,0,6769,1.0,1,0.6
2025-09-02T08:38:24.396023,0,6769,1.0,1,0.8
2025-09-02T08:38:24.896765,0,6769,1.0,1,0.4
2025-09-02T08:38:25.397579,0,6769,1.0,1,0.5
2025-09-02T08:38:25.898406,0,6769,1.0,1,0.3
2025-09-02T08:38:26.399166,0,6769,1.0,1,0.4
2025-09-02T08:38:26.899833,0,6769,1.0,1,0.4
2025-09-02T08:38:27.400461,0,6769,1.0,1,0.3
2025-09-02T08:38:27.901044,0,6769,1.0,1,0.4
2025-09-02T08:38:28.401669,0,6769,1.0,1,0.4
2025-09-02T08:38:28.902314,0,6769,1.0,1,0.4
2025-09-02T08:38:29.402937,0,6769,1.0,1,0.4
2025-09-02T08:38:29.903572,0,6769,1.0,1,0.5
2025-09-02T08:38:30.404166,0,6769,1.0,1,0.4
2025-09-02T08:38:30.904886,0,6769,1.0,1,0.3
2025-09-02T08:38:31.405570,0,6769,1.0,1,0.3
2025-09-02T08:38:31.906187,0,6769,1.0,1,0.3
2025-09-02T08:38:32.406891,0,6769,1.0,1,0.3
2025-09-02T08:38:32.907502,0,6769,1.0,1,0.4
2025-09-02T08:38:33.408210,0,6769,1.0,1,0.3
2025-09-02T08:38:33.908961,0,6769,1.0,1,0.6
2025-09-02T08:38:34.409779,0,6769,1.0,1,0.3
2025-09-02T08:38:34.910510,0,6769,1.0,1,0.4
2025-09-02T08:38:35.411303,0,6769,1.0,1,0.3
2025-09-02T08:38:35.912105,0,6769,1.0,1,0.3
2025-09-02T08:38:36.412814,0,6769,1.0,1,0.4
2025-09-02T08:38:36.913601,0,6769,1.0,1,0.3
2025-09-02T08:38:37.414320,0,6769,1.0,1,0.4
2025-09-02T08:38:37.915108,0,6769,1.0,1,0.3
2025-09-02T08:38:38.415822,0,6769,1.0,1,0.3
2025-09-02T08:38:38.916589,0,6769,1.0,1,0.6
2025-09-02T08:38:39.417282,0,6769,1.0,1,0.3
2025-09-02T08:38:39.917943,0,6769,1.0,1,0.3
2025-09-02T08:38:40.418648,0,6769,1.0,1,0.4
2025-09-02T08:38:40.919365,0,6769,1.0,1,1.2
2025-09-02T08:38:41.420053,0,6769,1.0,1,0.5
2025-09-02T08:38:41.920816,0,6769,1.0,1,1.3
2025-09-02T08:38:42.421578,0,6769,1.0,1,0.3
2025-09-02T08:38:42.922384,0,6769,1.0,1,0.4
2025-09-02T08:38:43.423091,0,6769,1.0,1,0.3
2025-09-02T08:38:43.923784,0,6769,1.0,1,0.6
2025-09-02T08:38:44.424471,0,6769,1.0,1,0.3
2025-09-02T08:38:44.925083,0,6769,1.0,1,0.3
2025-09-02T08:38:45.425802,0,6769,1.0,1,0.3
2025-09-02T08:38:45.926417,0,6769,1.0,1,0.3
2025-09-02T08:38:46.427022,0,6769,1.0,1,0.3
2025-09-02T08:38:46.927644,0,6769,1.0,1,1.8
2025-09-02T08:38:47.428473,0,6769,1.0,1,0.3
2025-09-02T08:38:47.929089,0,6769,1.0,1,0.9
2025-09-02T08:38:48.429814,0,6769,1.0,1,0.3
2025-09-02T08:38:48.930455,0,6769,1.0,1,0.4
2025-09-02T08:38:49.431080,0,6769,1.0,1,0.4
2025-09-02T08:38:49.931829,0,6769,1.0,1,0.3
2025-09-02T08:38:50.432655,0,6769,1.0,1,0.3
2025-09-02T08:38:50.933431,0,6769,1.0,1,0.4
2025-09-02T08:38:51.434115,0,6769,1.0,1,0.4
2025-09-02T08:38:51.934846,0,6769,1.0,1,0.5
2025-09-02T08:38:52.435616,0,6769,1.0,1,0.4
2025-09-02T08:38:52.936442,0,6769,1.0,1,0.4
2025-09-02T08:38:53.437067,0,6769,1.0,1,0.8
2025-09-02T08:38:53.937819,0,6769,1.0,1,0.5
2025-09-02T08:38:54.438436,0,6769,1.0,1,0.6
2025-09-02T08:38:54.939051,0,6769,1.0,1,0.6
2025-09-02T08:38:55.439708,0,6769,1.0,1,0.5
2025-09-02T08:38:55.940383,0,6769,1.0,1,0.4
2025-09-02T08:38:56.440993,0,6769,1.0,1,0.4
2025-09-02T08:38:56.941654,0,6769,1.0,1,0.5
2025-09-02T08:38:57.442274,0,6769,1.0,1,0.4
2025-09-02T08:38:57.942929,0,6769,1.0,1,0.4
2025-09-02T08:38:58.443654,0,6769,1.0,1,0.3
2025-09-02T08:38:58.944325,0,6769,1.0,1,0.6
2025-09-02T08:38:59.445037,0,6769,1.0,1,0.3
2025-09-02T08:38:59.945865,0,6769,1.0,1,0.4
2025-09-02T08:39:00.446679,0,6769,1.0,1,0.4
2025-09-02T08:39:00.947442,0,6769,1.0,1,0.3
2025-09-02T08:39:01.448121,0,6769,1.0,1,0.4
2025-09-02T08:39:01.948698,0,6769,1.0,1,0.3
2025-09-02T08:39:02.449435,0,6769,1.0,1,0.3
2025-09-02T08:39:02.950133,0,6769,1.0,1,0.4
2025-09-02T08:39:03.450872,0,6769,1.0,1,0.3
2025-09-02T08:39:03.951486,0,6769,1.0,1,0.4
2025-09-02T08:39:04.452155,0,6769,1.0,1,0.3
2025-09-02T08:39:04.952903,0,6769,1.0,1,0.4
2025-09-02T08:39:05.453576,0,6769,1.0,1,0.2
2025-09-02T08:39:05.954181,0,6769,1.0,1,0.3
2025-09-02T08:39:06.454937,0,6769,1.0,1,0.4
2025-09-02T08:39:06.955801,0,6769,1.0,1,0.3
2025-09-02T08:39:07.456431,0,6769,1.0,1,0.3
2025-09-02T08:39:07.957170,0,6769,1.0,1,0.3
2025-09-02T08:39:08.457876,0,6769,1.0,1,0.3
2025-09-02T08:39:08.958653,0,6769,1.0,1,0.4
2025-09-02T08:39:09.459481,0,6769,1.0,1,0.4
2025-09-02T08:39:09.960184,0,6769,1.0,1,0.4
2025-09-02T08:39:10.460941,0,6769,1.0,1,0.3
2025-09-02T08:39:10.961746,0,6769,1.0,1,0.4
2025-09-02T08:39:11.462510,0,6769,1.0,1,0.3
2025-09-02T08:39:11.963244,0,6769,1.0,1,0.3
2025-09-02T08:39:12.464002,0,6769,1.0,1,0.4
2025-09-02T08:39:12.964769,0,6769,1.0,1,0.4
2025-09-02T08:39:13.465558,0,6769,1.0,1,0.3
2025-09-02T08:39:13.966294,0,6769,1.0,1,0.4
2025-09-02T08:39:14.467060,0,6769,1.0,1,0.4
2025-09-02T08:39:14.967755,0,6769,1.0,1,0.4
2025-09-02T08:39:15.468511,0,6769,1.0,1,0.3
2025-09-02T08:39:15.969205,0,6769,1.0,1,0.4
2025-09-02T08:39:16.469963,0,6769,1.0,1,0.3
2025-09-02T08:39:16.970694,0,6769,1.0,1,0.4
2025-09-02T08:39:17.471464,0,6769,1.0,1,0.8
2025-09-02T08:39:17.972241,0,6769,1.0,1,0.6
2025-09-02T08:39:18.472950,0,6769,1.0,1,0.4
2025-09-02T08:39:18.973543,0,6769,1.0,1,3.1
2025-09-02T08:39:19.474154,0,6769,1.0,1,0.4
2025-09-02T08:39:19.974843,0,6769,1.0,1,0.7
2025-09-02T08:39:20.475448,0,6769,1.0,1,0.4
2025-09-02T08:39:20.976051,0,6769,1.0,1,0.3
2025-09-02T08:39:21.476804,0,6769,1.0,1,0.3
2025-09-02T08:39:21.977457,0,6769,1.0,1,0.4
2025-09-02T08:39:22.478093,0,6769,1.0,1,0.3
2025-09-02T08:39:22.978818,0,6769,1.0,1,0.4
2025-09-02T08:39:23.479442,0,6769,1.0,1,0.7
2025-09-02T08:39:23.980049,0,6769,1.0,1,0.6
2025-09-02T08:39:24.480656,0,6769,1.0,1,2.8
2025-09-02T08:39:24.981457,0,6769,1.0,1,0.5
2025-09-02T08:39:25.482077,0,6769,1.0,1,0.6
2025-09-02T08:39:25.982797,0,6769,1.0,1,0.3
2025-09-02T08:39:26.483555,0,6769,1.0,1,0.4
2025-09-02T08:39:26.984241,0,6769,1.0,1,0.3
2025-09-02T08:39:27.485006,0,6769,1.0,1,0.3
2025-09-02T08:39:27.985796,0,6769,1.0,1,0.4
2025-09-02T08:39:28.486568,0,6769,1.0,1,0.3
2025-09-02T08:39:28.987306,0,6769,1.0,1,0.4
2025-09-02T08:39:29.488135,0,6769,1.0,1,0.4
2025-09-02T08:39:29.988899,0,6769,1.0,1,0.4
2025-09-02T08:39:30.489601,0,6769,1.0,1,0.4
2025-09-02T08:39:30.990406,0,6769,1.0,1,0.3
2025-09-02T08:39:31.491146,0,6769,1.0,1,0.4
2025-09-02T08:39:31.991823,0,6769,1.0,1,0.4
2025-09-02T08:39:32.492606,0,6769,1.0,1,0.4
2025-09-02T08:39:32.993377,0,6769,1.0,1,0.4
2025-09-02T08:39:33.494103,0,6769,1.0,1,0.4
2025-09-02T08:39:33.994489,0,6769,1.0,1,1.4
2025-09-02T08:39:34.495160,0,6769,1.0,1,1.1
2025-09-02T08:39:34.995843,0,6769,1.0,1,0.5
2025-09-02T08:39:35.496597,0,6769,1.0,1,0.3
2025-09-02T08:39:35.997177,0,6769,1.0,1,0.4
2025-09-02T08:39:36.497851,0,6769,1.0,1,0.3
2025-09-02T08:39:36.998457,0,6769,1.0,1,0.3
2025-09-02T08:39:37.499098,0,6769,1.0,1,0.4
2025-09-02T08:39:37.999808,0,6769,1.0,1,0.6
2025-09-02T08:39:38.500475,0,6769,1.0,1,0.3
2025-09-02T08:39:39.001078,0,6769,1.0,1,0.6
2025-09-02T08:39:39.501793,0,6769,1.0,1,0.3
2025-09-02T08:39:40.002438,0,6769,1.0,1,0.4
2025-09-02T08:39:40.503108,0,6769,1.0,1,0.4
2025-09-02T08:39:41.003826,0,6769,1.0,1,1.4
2025-09-02T08:39:41.504581,0,6769,1.0,1,0.3
2025-09-02T08:39:42.005386,0,6769,1.0,1,1.3
2025-09-02T08:39:42.506082,0,6769,1.0,1,0.4
2025-09-02T08:39:43.006874,0,6769,1.0,1,0.3
2025-09-02T08:39:43.507698,0,6769,1.0,1,0.4
2025-09-02T08:39:44.008536,0,6769,1.0,1,0.7
2025-09-02T08:39:44.509268,0,6769,1.0,1,0.4
2025-09-02T08:39:45.010058,0,6769,1.0,1,0.3
2025-09-02T08:39:45.510825,0,6769,1.0,1,0.3
2025-09-02T08:39:46.011631,0,6769,1.0,1,0.4
2025-09-02T08:39:46.512441,0,6769,1.0,1,0.3
2025-09-02T08:39:47.013236,0,6769,1.0,1,0.4
2025-09-02T08:39:47.513972,0,6769,1.0,1,0.2
2025-09-02T08:39:48.014747,0,6769,1.0,1,0.8
2025-09-02T08:39:48.515589,0,6769,1.0,1,0.3
2025-09-02T08:39:49.016244,0,6769,1.0,1,0.3
2025-09-02T08:39:49.516823,0,6769,1.0,1,0.3
2025-09-02T08:39:50.017586,0,6769,1.0,1,0.3
2025-09-02T08:39:50.518209,0,6769,1.0,1,0.4
2025-09-02T08:39:51.018996,0,6769,1.0,1,0.3
2025-09-02T08:39:51.519753,0,6769,1.0,1,0.3
2025-09-02T08:39:52.020458,0,6769,1.0,1,0.3
2025-09-02T08:39:52.521156,0,6769,1.0,1,0.3
2025-09-02T08:39:53.021782,0,6769,1.0,1,0.4
2025-09-02T08:39:53.522516,0,6769,1.0,1,0.3
2025-09-02T08:39:54.023112,0,6769,1.0,1,1.1
2025-09-02T08:39:54.523763,0,6769,1.0,1,0.4
2025-09-02T08:39:55.024374,0,6769,1.0,1,0.9
2025-09-02T08:39:55.525021,0,6769,1.0,1,0.4
2025-09-02T08:39:56.025754,0,6769,1.0,1,0.5
2025-09-02T08:39:56.526364,0,6769,1.0,1,0.3
2025-09-02T08:39:57.026930,0,6769,1.0,1,0.4
2025-09-02T08:39:57.527724,0,6769,1.0,1,0.3
2025-09-02T08:39:58.028501,0,6769,1.0,1,0.4
2025-09-02T08:39:58.529096,0,6769,1.0,1,0.3
2025-09-02T08:39:59.029795,0,6769,1.0,1,0.4
2025-09-02T08:39:59.530565,0,6769,1.0,1,0.4
2025-09-02T08:40:00.031265,0,6769,1.0,1,0.3
2025-09-02T08:40:00.531998,0,6769,1.0,1,0.4
2025-09-02T08:40:01.032760,0,6769,1.0,1,0.4
2025-09-02T08:40:01.533540,0,6769,1.0,1,0.3
2025-09-02T08:40:02.034310,0,6769,1.0,1,0.3
2025-09-02T08:40:02.535081,0,6769,1.0,1,0.3
2025-09-02T08:40:03.035787,0,6769,1.0,1,0.4
2025-09-02T08:40:03.536540,0,6769,1.0,1,0.6
2025-09-02T08:40:04.037252,0,6769,1.0,1,0.3
2025-09-02T08:40:04.537933,0,6769,1.0,1,0.4
2025-09-02T08:40:05.038702,0,6769,1.0,1,0.3
2025-09-02T08:40:05.539485,0,6769,1.0,1,0.3
2025-09-02T08:40:06.040259,0,6769,1.0,1,0.4
2025-09-02T08:40:06.540879,0,6769,1.0,1,0.4
2025-09-02T08:40:07.041598,0,6769,1.0,1,0.4
2025-09-02T08:40:07.542272,0,6769,1.0,1,0.3
2025-09-02T08:40:08.042994,0,6769,1.0,1,0.4
2025-09-02T08:40:08.543570,0,6769,1.0,1,0.3
2025-09-02T08:40:09.044219,0,6769,1.0,1,0.3
2025-09-02T08:40:09.544936,0,6769,1.0,1,0.3
2025-09-02T08:40:10.045538,0,6769,1.0,1,0.4
2025-09-02T08:40:10.546223,0,6769,1.0,1,0.3
2025-09-02T08:40:11.047079,0,6769,1.0,1,0.4
2025-09-02T08:40:11.547827,0,6769,1.0,1,0.4
2025-09-02T08:40:12.048467,0,6769,1.0,1,0.3
2025-09-02T08:40:12.549130,0,6769,1.0,1,0.4
2025-09-02T08:40:13.049803,0,6769,1.0,1,0.4
2025-09-02T08:40:13.550685,0,6769,1.0,1,0.4
2025-09-02T08:40:14.051386,0,6769,1.0,1,0.3
2025-09-02T08:40:14.551988,0,6769,1.0,1,0.3
2025-09-02T08:40:15.052747,0,6769,1.0,1,0.4
2025-09-02T08:40:15.553443,0,6769,1.0,1,0.4
2025-09-02T08:40:16.054019,0,6769,1.0,1,0.3
2025-09-02T08:40:16.554736,0,6769,1.0,1,0.3
2025-09-02T08:40:17.055356,0,6769,1.0,1,0.4
2025-09-02T08:40:17.556017,0,6769,1.0,1,0.8
2025-09-02T08:40:18.056760,0,6769,1.0,1,0.4
2025-09-02T08:40:18.557503,0,6769,1.0,1,0.3
2025-09-02T08:40:19.058068,0,6769,1.0,1,0.4
2025-09-02T08:40:19.558804,0,6769,1.0,1,0.3
2025-09-02T08:40:20.059474,0,6769,1.0,1,0.4
2025-09-02T08:40:20.560082,0,6769,1.0,1,0.3
2025-09-02T08:40:21.060822,0,6769,1.0,1,0.3
2025-09-02T08:40:21.561507,0,6769,1.0,1,0.3
2025-09-02T08:40:22.062112,0,6769,1.0,1,0.3
2025-09-02T08:40:22.562856,0,6769,1.0,1,0.3
2025-09-02T08:40:23.063672,0,6769,1.0,1,0.4
2025-09-02T08:40:23.564412,0,6769,1.0,1,0.6
2025-09-02T08:40:24.064735,0,6769,1.0,1,1.7
2025-09-02T08:40:24.565267,0,6769,1.0,1,0.4
2025-09-02T08:40:25.065846,0,6769,1.0,1,1.0
2025-09-02T08:40:25.566622,0,6769,1.0,1,0.4
2025-09-02T08:40:26.067231,0,6769,1.0,1,0.5
2025-09-02T08:40:26.567944,0,6769,1.0,1,0.4
2025-09-02T08:40:27.068693,0,6769,1.0,1,0.4
2025-09-02T08:40:27.569814,0,6769,1.0,1,0.3
2025-09-02T08:40:28.070754,0,6769,1.0,1,0.3
2025-09-02T08:40:28.571397,0,6769,1.0,1,0.3
2025-09-02T08:40:29.071975,0,6769,1.0,1,0.4
2025-09-02T08:40:29.572744,0,6769,1.0,1,0.3
2025-09-02T08:40:30.073413,0,6769,1.0,1,0.3
2025-09-02T08:40:30.574039,0,6769,1.0,1,0.3
2025-09-02T08:40:31.074665,0,6769,1.0,1,0.3
2025-09-02T08:40:31.575238,0,6769,1.0,1,0.3
2025-09-02T08:40:32.075883,0,6769,1.0,1,0.3
2025-09-02T08:40:32.576609,0,6769,1.0,1,0.3
2025-09-02T08:40:33.077368,0,6769,1.0,1,0.4
2025-09-02T08:40:33.578091,0,6769,1.0,1,0.4
2025-09-02T08:40:34.078977,0,6769,1.0,1,0.4
2025-09-02T08:40:34.579951,0,6769,1.0,1,0.6
2025-09-02T08:40:35.080801,0,6769,1.0,1,0.5
2025-09-02T08:40:35.581533,0,6769,1.0,1,0.5
2025-09-02T08:40:36.082399,0,6769,1.0,1,0.5
2025-09-02T08:40:36.583130,0,6769,1.0,1,0.3
2025-09-02T08:40:37.083865,0,6769,1.0,1,0.4
2025-09-02T08:40:37.584560,0,6769,1.0,1,0.4
2025-09-02T08:40:38.085167,0,6769,1.0,1,3.0
2025-09-02T08:40:38.585950,0,6769,1.0,1,0.8
2025-09-02T08:40:39.086684,0,6769,1.0,1,0.6
2025-09-02T08:40:39.587300,0,6769,1.0,1,0.7
2025-09-02T08:40:40.087966,0,6769,1.0,1,0.6
2025-09-02T08:40:40.588538,0,6769,1.0,1,0.9
2025-09-02T08:40:41.089141,0,6769,1.0,1,0.9
2025-09-02T08:40:41.589863,0,6769,1.0,1,0.3
2025-09-02T08:40:42.090641,0,6769,1.0,1,1.1
2025-09-02T08:40:42.591436,0,6769,1.0,1,0.3
2025-09-02T08:40:43.092169,0,6769,1.0,1,0.4
2025-09-02T08:40:43.592964,0,6769,1.0,1,0.3
2025-09-02T08:40:44.093380,0,6769,1.0,1,0.4
2025-09-02T08:40:44.594055,0,6769,1.0,1,0.3
2025-09-02T08:40:45.094694,0,6769,1.0,1,0.3
2025-09-02T08:40:45.595353,0,6769,1.0,1,0.4
2025-09-02T08:40:46.095944,0,6769,1.0,1,0.3
2025-09-02T08:40:46.596686,0,6769,1.0,1,0.3
2025-09-02T08:40:47.097291,0,6769,1.0,1,0.3
2025-09-02T08:40:47.597622,0,6769,1.0,1,0.5
2025-09-02T08:40:48.098178,0,6769,1.0,1,0.9
2025-09-02T08:40:48.598885,0,6769,1.0,1,0.4
2025-09-02T08:40:49.099567,0,6769,1.0,1,0.4
2025-09-02T08:40:49.600190,0,6769,1.0,1,0.3
2025-09-02T08:40:50.100926,0,6769,1.0,1,0.3
2025-09-02T08:40:50.601677,0,6769,1.0,1,0.4
2025-09-02T08:40:51.102507,0,6769,1.0,1,0.4
2025-09-02T08:40:51.603232,0,6769,1.0,1,0.4
2025-09-02T08:40:52.103914,0,6769,1.0,1,0.3
2025-09-02T08:40:52.604652,0,6769,1.0,1,0.3
2025-09-02T08:40:53.105363,0,6769,1.0,1,0.3
2025-09-02T08:40:53.606053,0,6769,1.0,1,0.4
2025-09-02T08:40:54.106772,0,6769,1.0,1,1.1
2025-09-02T08:40:54.607459,0,6769,1.0,1,0.4
2025-09-02T08:40:55.108164,0,6769,1.0,1,0.7
2025-09-02T08:40:55.609217,0,6769,1.0,1,0.5
2025-09-02T08:40:56.109881,0,6769,1.0,1,0.4
2025-09-02T08:40:56.610715,0,6769,1.0,1,0.4
2025-09-02T08:40:57.111499,0,6769,1.0,1,0.3
2025-09-02T08:40:57.612221,0,6769,1.0,1,0.5
2025-09-02T08:40:58.112926,0,6769,1.0,1,0.4
2025-09-02T08:40:58.613691,0,6769,1.0,1,0.4
2025-09-02T08:40:59.114262,0,6769,1.0,1,0.4
2025-09-02T08:40:59.614987,0,6769,1.0,1,0.4
2025-09-02T08:41:00.115730,0,6769,1.0,1,0.4
2025-09-02T08:41:00.616540,0,6769,1.0,1,0.3
2025-09-02T08:41:01.117229,0,6769,1.0,1,0.4
2025-09-02T08:41:01.617963,0,6769,1.0,1,0.4
2025-09-02T08:41:02.118669,0,6769,1.0,1,0.3
2025-09-02T08:41:02.619220,0,6769,1.0,1,0.4
2025-09-02T08:41:03.119659,0,6769,1.0,1,0.3
2025-09-02T08:41:03.620117,0,6769,1.0,1,0.2
2025-09-02T08:41:04.120839,0,6769,1.0,1,0.4
2025-09-02T08:41:04.621519,0,6769,1.0,1,0.4
2025-09-02T08:41:05.122129,0,6769,1.0,1,0.3
2025-09-02T08:41:05.622891,0,6769,1.0,1,0.3
2025-09-02T08:41:06.123531,0,6769,1.0,1,0.4
2025-09-02T08:41:06.624074,0,6769,1.0,1,0.4
2025-09-02T08:41:07.124781,0,6769,1.0,1,0.3
2025-09-02T08:41:07.625123,0,6769,1.0,1,2.7
2025-09-02T08:41:08.125641,0,6769,1.0,1,3.2
2025-09-02T08:41:08.626213,0,6769,1.0,1,2.7
2025-09-02T08:41:09.126681,0,6769,1.0,1,3.5
2025-09-02T08:41:09.627398,0,6769,1.0,1,0.6
2025-09-02T08:41:10.128089,0,6769,1.0,1,0.4
2025-09-02T08:41:10.628454,0,6769,1.0,1,1.8
2025-09-02T08:41:11.128806,0,6769,1.0,1,2.9
2025-09-02T08:41:11.629423,0,6769,1.0,1,0.8
2025-09-02T08:41:12.129737,0,6769,1.0,1,2.5
2025-09-02T08:41:12.630290,0,6769,1.0,1,3.0
