timestamp,interval_count,total_count,queue_size,max_queue_size,cpu_percent
2025-09-02T07:04:12.647744,4,4,1.0,1,0.0
2025-09-02T07:04:13.147950,179,183,1.0,1,12.4
2025-09-02T07:04:13.648274,96,279,1.0,1,10.6
2025-09-02T07:04:14.148513,62,341,1.0,1,8.2
2025-09-02T07:04:14.648787,22,363,1.0,1,8.6
2025-09-02T07:04:15.149097,37,400,1.0,1,8.2
2025-09-02T07:04:15.649376,58,458,1.0,1,9.4
2025-09-02T07:04:16.149598,84,542,1.0,1,8.2
2025-09-02T07:04:16.649826,83,625,1.0,1,9.7
2025-09-02T07:04:17.150057,0,625,1.0,1,4.5
2025-09-02T07:04:17.650271,0,625,1.0,1,4.5
2025-09-02T07:04:18.150488,48,673,1.0,1,8.3
2025-09-02T07:04:18.650727,48,721,1.0,1,8.0
2025-09-02T07:04:19.150951,0,721,1.0,1,7.2
2025-09-02T07:04:19.651177,80,801,1.0,1,10.8
2025-09-02T07:04:20.151433,0,801,1.0,1,5.3
2025-09-02T07:04:20.651658,0,801,1.0,1,4.9
2025-09-02T07:04:21.151861,52,853,1.0,1,7.9
2025-09-02T07:04:21.652069,18,871,1.0,1,5.2
2025-09-02T07:04:22.152265,76,947,1.0,1,8.0
2025-09-02T07:04:22.652503,141,1088,1.0,1,6.7
2025-09-02T07:04:23.152739,74,1162,1.0,1,7.5
2025-09-02T07:04:23.653165,52,1214,1.0,1,5.5
2025-09-02T07:04:24.153417,26,1240,1.0,1,7.6
2025-09-02T07:04:24.653645,0,1240,1.0,1,4.3
2025-09-02T07:04:25.153873,0,1240,1.0,1,4.6
2025-09-02T07:04:25.654094,0,1240,1.0,1,6.1
2025-09-02T07:04:26.154322,0,1240,1.0,1,4.5
2025-09-02T07:04:26.654556,42,1282,1.0,1,8.8
2025-09-02T07:04:27.154770,0,1282,1.0,1,4.8
2025-09-02T07:04:27.654984,0,1282,1.0,1,6.1
2025-09-02T07:04:28.155180,22,1304,1.0,1,5.3
2025-09-02T07:04:28.655391,29,1333,1.0,1,8.0
2025-09-02T07:04:29.155615,0,1333,1.0,1,4.6
2025-09-02T07:04:29.655839,0,1333,1.0,1,5.0
2025-09-02T07:04:30.156070,64,1397,1.0,1,8.6
2025-09-02T07:04:30.656294,100,1497,1.0,1,6.9
2025-09-02T07:04:31.156475,35,1532,1.0,1,7.9
2025-09-02T07:04:31.656695,0,1532,1.0,1,4.6
2025-09-02T07:04:32.156926,0,1532,1.0,1,7.5
2025-09-02T07:04:32.657158,18,1550,1.0,1,9.7
2025-09-02T07:04:33.157393,0,1550,1.0,1,8.5
2025-09-02T07:04:33.657618,0,1550,1.0,1,4.5
2025-09-02T07:04:34.157846,0,1550,1.0,1,4.5
2025-09-02T07:04:34.658073,0,1550,1.0,1,5.9
2025-09-02T07:04:35.158298,0,1550,1.0,1,4.3
2025-09-02T07:04:35.658464,15,1565,1.0,1,5.0
2025-09-02T07:04:36.158685,40,1605,1.0,1,8.7
2025-09-02T07:04:36.658881,63,1668,1.0,1,6.2
2025-09-02T07:04:37.159108,3,1671,1.0,1,6.0
2025-09-02T07:04:37.659325,128,1799,1.0,1,6.8
2025-09-02T07:04:38.159549,65,1864,1.0,1,8.4
2025-09-02T07:04:38.659773,0,1864,1.0,1,4.4
2025-09-02T07:04:39.160007,0,1864,1.0,1,6.3
2025-09-02T07:04:39.660238,0,1864,1.0,1,4.6
2025-09-02T07:04:40.160505,0,1864,1.0,1,4.5
2025-09-02T07:04:40.660729,0,1864,1.0,1,7.2
2025-09-02T07:04:41.160955,59,1923,1.0,1,8.9
2025-09-02T07:04:41.661216,121,2044,1.0,1,10.5
2025-09-02T07:04:42.161441,90,2134,1.0,1,8.3
2025-09-02T07:04:42.661645,96,2230,1.0,1,9.8
2025-09-02T07:04:43.161857,9,2239,1.0,1,6.9
2025-09-02T07:04:43.662066,62,2301,1.0,1,8.4
2025-09-02T07:04:44.162284,1,2302,1.0,1,4.5
2025-09-02T07:04:44.662511,11,2313,1.0,1,5.9
2025-09-02T07:04:45.162723,39,2352,1.0,1,7.7
2025-09-02T07:04:45.662944,66,2418,1.0,1,6.5
2025-09-02T07:04:46.163177,0,2418,1.0,1,6.2
2025-09-02T07:04:46.663465,106,2524,1.0,1,6.8
2025-09-02T07:04:47.163686,0,2524,1.0,1,6.2
2025-09-02T07:04:47.663915,0,2524,1.0,1,4.6
2025-09-02T07:04:48.277705,39,2563,1.0,1,7.8
2025-09-02T07:04:48.778145,50,2613,1.0,1,5.5
2025-09-02T07:04:49.278363,0,2613,1.0,1,4.6
2025-09-02T07:04:49.778611,29,2642,1.0,1,7.9
2025-09-02T07:04:50.278845,0,2642,1.0,1,4.5
2025-09-02T07:04:50.779153,0,2642,1.0,1,5.8
2025-09-02T07:04:51.279446,0,2642,1.0,1,4.3
2025-09-02T07:04:51.779687,0,2642,1.0,1,4.3
2025-09-02T07:04:52.279916,0,2642,1.0,1,6.2
2025-09-02T07:04:52.780215,0,2642,1.0,1,4.5
2025-09-02T07:04:53.280554,0,2642,1.0,1,4.4
2025-09-02T07:04:53.780780,0,2642,1.0,1,4.0
2025-09-02T07:04:54.281014,0,2642,1.0,1,5.8
2025-09-02T07:04:54.781331,0,2642,1.0,1,4.3
2025-09-02T07:04:55.281627,0,2642,1.0,1,4.3
2025-09-02T07:04:55.781892,0,2642,1.0,1,4.3
2025-09-02T07:04:56.282162,0,2642,1.0,1,5.9
2025-09-02T07:04:56.782500,0,2642,1.0,1,4.3
2025-09-02T07:04:57.282760,0,2642,1.0,1,4.1
2025-09-02T07:04:57.782992,0,2642,1.0,1,5.9
2025-09-02T07:04:58.283230,1,2643,1.0,1,4.1
2025-09-02T07:04:58.783465,4,2647,1.0,1,4.3
2025-09-02T07:04:59.283681,1,2648,1.0,1,4.5
2025-09-02T07:04:59.783909,1,2649,1.0,1,6.0
2025-09-02T07:05:00.284136,0,2649,1.0,1,4.2
2025-09-02T07:05:00.784364,1,2650,1.0,1,4.4
2025-09-02T07:05:01.284587,0,2650,1.0,1,6.0
2025-09-02T07:05:01.784909,0,2650,1.0,1,4.4
2025-09-02T07:05:02.285157,1,2651,1.0,1,4.4
2025-09-02T07:05:02.785416,1,2652,1.0,1,6.4
2025-09-02T07:05:03.285648,7,2659,1.0,1,6.0
2025-09-02T07:05:03.785881,0,2659,1.0,1,4.5
2025-09-02T07:05:04.286114,0,2659,1.0,1,6.5
2025-09-02T07:05:04.786362,0,2659,1.0,1,5.3
2025-09-02T07:05:05.286602,0,2659,1.0,1,5.5
2025-09-02T07:05:05.786825,148,2807,1.0,1,9.7
2025-09-02T07:05:06.287081,0,2807,1.0,1,4.5
2025-09-02T07:05:06.787330,60,2867,1.0,1,8.7
2025-09-02T07:05:07.287612,51,2918,1.0,1,6.2
2025-09-02T07:05:07.787838,131,3049,1.0,1,8.6
2025-09-02T07:05:08.288047,26,3075,1.0,1,5.1
2025-09-02T07:05:08.788280,95,3170,1.0,1,8.5
2025-09-02T07:05:09.288545,0,3170,1.0,1,6.5
2025-09-02T07:05:09.788786,0,3170,1.0,1,4.6
2025-09-02T07:05:10.289093,0,3170,1.0,1,4.5
2025-09-02T07:05:10.789423,0,3170,1.0,1,5.1
2025-09-02T07:05:11.289748,0,3170,1.0,1,9.1
2025-09-02T07:05:11.789979,0,3170,1.0,1,5.8
2025-09-02T07:05:12.290220,0,3170,1.0,1,4.5
2025-09-02T07:05:12.790453,0,3170,1.0,1,5.8
2025-09-02T07:05:13.290712,0,3170,1.0,1,4.2
2025-09-02T07:05:13.790961,0,3170,1.0,1,4.3
2025-09-02T07:05:14.291191,0,3170,1.0,1,6.4
2025-09-02T07:05:14.791425,0,3170,1.0,1,6.2
2025-09-02T07:05:15.291660,0,3170,1.0,1,5.6
2025-09-02T07:05:15.791884,68,3238,1.0,1,10.0
2025-09-02T07:05:16.292120,0,3238,1.0,1,7.0
2025-09-02T07:05:16.792352,59,3297,1.0,1,10.2
2025-09-02T07:05:17.292576,0,3297,1.0,1,6.4
2025-09-02T07:05:17.792851,46,3343,1.0,1,9.5
2025-09-02T07:05:18.293082,0,3343,1.0,1,4.6
2025-09-02T07:05:18.793311,0,3343,1.0,1,7.7
2025-09-02T07:05:19.293524,18,3361,1.0,1,13.9
2025-09-02T07:05:19.793742,0,3361,1.0,1,11.8
2025-09-02T07:05:20.294223,8,3369,1.0,1,8.2
2025-09-02T07:05:20.794487,28,3397,1.0,1,9.1
2025-09-02T07:05:21.294706,0,3397,1.0,1,4.7
2025-09-02T07:05:21.794948,0,3397,1.0,1,5.7
2025-09-02T07:05:22.295184,0,3397,1.0,1,4.3
2025-09-02T07:05:22.795434,0,3397,1.0,1,4.4
2025-09-02T07:05:23.295660,0,3397,1.0,1,4.1
2025-09-02T07:05:23.795888,0,3397,1.0,1,5.9
2025-09-02T07:05:24.296150,0,3397,1.0,1,4.4
2025-09-02T07:05:24.796408,0,3397,1.0,1,4.3
2025-09-02T07:05:25.296638,0,3397,1.0,1,6.0
2025-09-02T07:05:25.796863,0,3397,1.0,1,4.3
2025-09-02T07:05:26.297089,0,3397,1.0,1,4.2
2025-09-02T07:05:26.797327,0,3397,1.0,1,6.2
2025-09-02T07:05:27.297554,0,3397,1.0,1,6.3
2025-09-02T07:05:27.797781,0,3397,1.0,1,5.2
2025-09-02T07:05:28.297998,0,3397,1.0,1,5.8
2025-09-02T07:05:28.798233,0,3397,1.0,1,4.3
2025-09-02T07:05:29.298468,0,3397,1.0,1,4.2
2025-09-02T07:05:29.798699,0,3397,1.0,1,4.4
2025-09-02T07:05:30.298922,0,3397,1.0,1,5.8
2025-09-02T07:05:30.799153,0,3397,1.0,1,4.2
2025-09-02T07:05:31.299392,0,3397,1.0,1,4.5
2025-09-02T07:05:31.799622,0,3397,1.0,1,7.2
2025-09-02T07:05:32.299900,0,3397,1.0,1,6.5
2025-09-02T07:05:32.800164,0,3397,1.0,1,6.3
2025-09-02T07:05:33.300461,0,3397,1.0,1,6.6
2025-09-02T07:05:33.800701,0,3397,1.0,1,4.3
2025-09-02T07:05:34.300935,0,3397,1.0,1,4.5
2025-09-02T07:05:34.801191,0,3397,1.0,1,6.0
2025-09-02T07:05:35.301471,0,3397,1.0,1,4.3
2025-09-02T07:05:35.801702,0,3397,1.0,1,4.2
2025-09-02T07:05:36.301931,0,3397,1.0,1,6.6
2025-09-02T07:05:36.802165,0,3397,1.0,1,4.3
2025-09-02T07:05:37.302397,0,3397,1.0,1,4.3
2025-09-02T07:05:37.802636,0,3397,1.0,1,6.5
2025-09-02T07:05:38.302860,0,3397,1.0,1,4.7
2025-09-02T07:05:38.803130,0,3397,1.0,1,4.5
2025-09-02T07:05:39.303372,0,3397,1.0,1,6.0
2025-09-02T07:05:39.803606,0,3397,1.0,1,5.7
2025-09-02T07:05:40.303834,0,3397,1.0,1,4.8
2025-09-02T07:05:40.804057,0,3397,1.0,1,7.7
2025-09-02T07:05:41.304285,0,3397,1.0,1,4.5
2025-09-02T07:05:41.804484,0,3397,1.0,1,4.9
2025-09-02T07:05:42.304706,0,3397,1.0,1,6.3
2025-09-02T07:05:42.804935,0,3397,1.0,1,4.6
2025-09-02T07:05:43.305168,0,3397,1.0,1,4.5
2025-09-02T07:05:43.805454,0,3397,1.0,1,9.0
2025-09-02T07:05:44.305752,0,3397,1.0,1,7.9
2025-09-02T07:05:44.806068,0,3397,1.0,1,9.5
2025-09-02T07:05:45.306408,0,3397,1.0,1,7.7
2025-09-02T07:05:45.806636,0,3397,1.0,1,7.4
2025-09-02T07:05:46.306864,0,3397,1.0,1,7.7
2025-09-02T07:05:46.807144,0,3397,1.0,1,4.9
2025-09-02T07:05:47.307377,8,3405,1.0,1,6.0
2025-09-02T07:05:47.807650,16,3421,1.0,1,11.4
2025-09-02T07:05:48.307892,0,3421,1.0,1,9.1
2025-09-02T07:05:48.808124,0,3421,1.0,1,10.7
2025-09-02T07:05:49.308354,0,3421,1.0,1,9.7
2025-09-02T07:05:49.808581,0,3421,1.0,1,10.5
2025-09-02T07:05:50.308803,27,3448,1.0,1,10.3
2025-09-02T07:05:50.809038,0,3448,1.0,1,9.1
2025-09-02T07:05:51.309268,0,3448,1.0,1,7.8
2025-09-02T07:05:51.809483,0,3448,1.0,1,11.7
2025-09-02T07:05:52.309778,0,3448,1.0,1,8.4
2025-09-02T07:05:52.810080,0,3448,1.0,1,8.9
2025-09-02T07:05:53.310401,16,3464,1.0,1,10.5
2025-09-02T07:05:53.810637,0,3464,1.0,1,8.3
2025-09-02T07:05:54.310863,0,3464,1.0,1,7.7
2025-09-02T07:05:54.811096,18,3482,1.0,1,11.0
2025-09-02T07:05:55.311387,6,3488,1.0,1,8.5
2025-09-02T07:05:55.811610,0,3488,1.0,1,7.5
2025-09-02T07:05:56.311946,6,3494,1.0,1,10.0
2025-09-02T07:05:56.812168,23,3517,1.0,1,9.6
2025-09-02T07:05:57.312369,39,3556,1.0,1,11.4
2025-09-02T07:05:57.812597,8,3564,1.0,1,9.1
2025-09-02T07:05:58.312829,0,3564,1.0,1,6.7
2025-09-02T07:05:58.813064,0,3564,1.0,1,5.6
2025-09-02T07:05:59.313272,15,3579,1.0,1,6.8
2025-09-02T07:05:59.813478,19,3598,1.0,1,6.2
2025-09-02T07:06:00.313705,0,3598,1.0,1,5.6
2025-09-02T07:06:00.813934,0,3598,1.0,1,6.2
2025-09-02T07:06:01.314142,10,3608,1.0,1,6.3
2025-09-02T07:06:01.814365,2,3610,1.0,1,7.5
2025-09-02T07:06:02.314590,0,3610,1.0,1,5.4
2025-09-02T07:06:02.814915,24,3634,1.0,1,7.7
2025-09-02T07:06:03.315205,29,3663,1.0,1,6.9
2025-09-02T07:06:03.815442,31,3694,1.0,1,6.8
2025-09-02T07:06:04.315664,1,3695,1.0,1,4.3
2025-09-02T07:06:04.815892,1,3696,1.0,1,4.5
2025-09-02T07:06:05.316122,2,3698,1.0,1,5.7
2025-09-02T07:06:05.816351,3,3701,1.0,1,4.3
2025-09-02T07:06:06.316577,7,3708,1.0,1,4.5
2025-09-02T07:06:06.816800,2,3710,1.0,1,6.2
2025-09-02T07:06:07.317004,7,3717,1.0,1,4.6
2025-09-02T07:06:07.817255,5,3722,1.0,1,5.4
2025-09-02T07:06:08.317507,0,3722,1.0,1,6.1
2025-09-02T07:06:08.817729,0,3722,1.0,1,4.3
2025-09-02T07:06:09.317962,0,3722,1.0,1,6.0
2025-09-02T07:06:09.818182,0,3722,1.0,1,5.1
2025-09-02T07:06:10.318407,0,3722,1.0,1,4.3
2025-09-02T07:06:10.818616,0,3722,1.0,1,6.0
2025-09-02T07:06:11.318832,0,3722,1.0,1,5.0
2025-09-02T07:06:11.819048,0,3722,1.0,1,4.5
2025-09-02T07:06:12.319321,0,3722,1.0,1,5.8
2025-09-02T07:06:12.819564,0,3722,1.0,1,4.4
2025-09-02T07:06:13.319788,0,3722,1.0,1,4.6
2025-09-02T07:06:13.820004,0,3722,1.0,1,5.9
2025-09-02T07:06:14.320228,0,3722,1.0,1,4.3
2025-09-02T07:06:14.820450,0,3722,1.0,1,4.5
2025-09-02T07:06:15.320672,0,3722,1.0,1,5.8
2025-09-02T07:06:15.820887,0,3722,1.0,1,4.5
2025-09-02T07:06:16.321111,0,3722,1.0,1,5.1
2025-09-02T07:06:16.821322,32,3754,1.0,1,9.3
2025-09-02T07:06:17.321552,1,3755,1.0,1,5.1
2025-09-02T07:06:17.821782,0,3755,1.0,1,6.5
2025-09-02T07:06:18.322008,0,3755,1.0,1,4.9
2025-09-02T07:06:18.822225,54,3809,1.0,1,9.1
2025-09-02T07:06:19.322465,3,3812,1.0,1,4.7
2025-09-02T07:06:19.822736,97,3909,1.0,1,8.8
2025-09-02T07:06:20.322963,9,3918,1.0,1,4.5
2025-09-02T07:06:20.823186,0,3918,1.0,1,4.4
2025-09-02T07:06:21.323407,82,4000,1.0,1,7.9
2025-09-02T07:06:21.823683,73,4073,1.0,1,6.0
2025-09-02T07:06:22.323907,63,4136,1.0,1,7.4
2025-09-02T07:06:22.824142,0,4136,1.0,1,4.3
2025-09-02T07:06:23.324361,0,4136,1.0,1,4.6
2025-09-02T07:06:23.824654,0,4136,1.0,1,6.0
2025-09-02T07:06:24.324877,0,4136,1.0,1,4.3
2025-09-02T07:06:24.825150,0,4136,1.0,1,4.5
2025-09-02T07:06:25.325379,0,4136,1.0,1,6.0
2025-09-02T07:06:25.825589,37,4173,1.0,1,8.3
2025-09-02T07:06:26.325810,13,4186,1.0,1,7.4
2025-09-02T07:06:26.826037,0,4186,1.0,1,4.6
2025-09-02T07:06:27.326264,0,4186,1.0,1,5.9
2025-09-02T07:06:27.826446,3,4189,1.0,1,4.5
2025-09-02T07:06:28.326799,10,4199,1.0,1,5.6
2025-09-02T07:06:28.827016,10,4209,1.0,1,7.0
2025-09-02T07:06:29.327288,0,4209,1.0,1,4.4
2025-09-02T07:06:29.827477,0,4209,1.0,1,4.5
2025-09-02T07:06:30.327710,0,4209,1.0,1,6.0
2025-09-02T07:06:30.827940,0,4209,1.0,1,4.3
2025-09-02T07:06:31.328177,0,4209,1.0,1,4.3
2025-09-02T07:06:31.828454,0,4209,1.0,1,6.0
2025-09-02T07:06:32.328677,0,4209,1.0,1,4.4
2025-09-02T07:06:32.828896,0,4209,1.0,1,4.4
2025-09-02T07:06:33.329119,0,4209,1.0,1,6.0
2025-09-02T07:06:33.829349,0,4209,1.0,1,4.6
2025-09-02T07:06:34.329566,0,4209,1.0,1,4.5
2025-09-02T07:06:34.829880,5,4214,1.0,1,7.0
2025-09-02T07:06:35.330076,30,4244,1.0,1,10.1
2025-09-02T07:06:35.830295,5,4249,1.0,1,5.5
2025-09-02T07:06:36.330468,0,4249,1.0,1,4.8
2025-09-02T07:06:36.830699,0,4249,1.0,1,6.3
2025-09-02T07:06:37.330933,0,4249,1.0,1,4.6
2025-09-02T07:06:37.831163,0,4249,1.0,1,6.0
2025-09-02T07:06:38.331397,0,4249,1.0,1,4.5
2025-09-02T07:06:38.831694,0,4249,1.0,1,4.5
2025-09-02T07:06:39.331870,0,4249,1.0,1,5.7
2025-09-02T07:06:39.832099,0,4249,1.0,1,4.6
2025-09-02T07:06:40.332331,0,4249,1.0,1,4.4
2025-09-02T07:06:40.832562,0,4249,1.0,1,6.2
2025-09-02T07:06:41.332778,0,4249,1.0,1,4.3
2025-09-02T07:06:41.833015,0,4249,1.0,1,4.2
2025-09-02T07:06:42.333241,0,4249,1.0,1,4.1
2025-09-02T07:06:42.833484,0,4249,1.0,1,5.9
2025-09-02T07:06:43.333711,0,4249,1.0,1,4.4
2025-09-02T07:06:43.833943,0,4249,1.0,1,4.3
2025-09-02T07:06:44.334173,0,4249,1.0,1,5.7
2025-09-02T07:06:44.834411,0,4249,1.0,1,4.3
2025-09-02T07:06:45.334621,0,4249,1.0,1,4.3
2025-09-02T07:06:45.834849,0,4249,1.0,1,5.8
2025-09-02T07:06:46.335067,0,4249,1.0,1,4.1
2025-09-02T07:06:46.835357,0,4249,1.0,1,4.1
2025-09-02T07:06:47.335578,0,4249,1.0,1,4.4
2025-09-02T07:06:47.835810,0,4249,1.0,1,6.0
2025-09-02T07:06:48.336030,0,4249,1.0,1,4.3
2025-09-02T07:06:48.836252,0,4249,1.0,1,4.1
2025-09-02T07:06:49.336512,0,4249,1.0,1,6.0
2025-09-02T07:06:49.836771,0,4249,1.0,1,4.6
2025-09-02T07:06:50.336992,0,4249,1.0,1,4.3
2025-09-02T07:06:50.837269,0,4249,1.0,1,6.0
2025-09-02T07:06:51.337461,0,4249,1.0,1,4.2
2025-09-02T07:06:51.837688,0,4249,1.0,1,4.3
2025-09-02T07:06:52.337908,0,4249,1.0,1,5.9
2025-09-02T07:06:52.838097,0,4249,1.0,1,4.0
2025-09-02T07:06:53.338387,0,4249,1.0,1,4.7
2025-09-02T07:06:53.838633,0,4249,1.0,1,4.5
2025-09-02T07:06:54.338848,0,4249,1.0,1,6.2
2025-09-02T07:06:54.839076,0,4249,1.0,1,4.9
2025-09-02T07:06:55.339290,0,4249,1.0,1,4.7
2025-09-02T07:06:55.839480,0,4249,1.0,1,6.2
2025-09-02T07:06:56.339694,0,4249,1.0,1,4.5
2025-09-02T07:06:56.839925,0,4249,1.0,1,4.6
2025-09-02T07:06:57.340141,0,4249,1.0,1,6.3
2025-09-02T07:06:57.840367,10,4259,1.0,1,7.3
2025-09-02T07:06:58.340643,1,4260,1.0,1,8.6
2025-09-02T07:06:58.840871,0,4260,1.0,1,7.1
2025-09-02T07:06:59.341091,0,4260,1.0,1,6.8
2025-09-02T07:06:59.841411,0,4260,1.0,1,5.6
2025-09-02T07:07:00.341630,0,4260,1.0,1,6.0
2025-09-02T07:07:00.841851,0,4260,1.0,1,4.5
2025-09-02T07:07:01.342130,0,4260,1.0,1,6.9
2025-09-02T07:07:01.842356,0,4260,1.0,1,5.4
2025-09-02T07:07:02.342586,0,4260,1.0,1,5.6
2025-09-02T07:07:02.842881,6,4266,1.0,1,8.5
2025-09-02T07:07:03.343100,12,4278,1.0,1,5.9
2025-09-02T07:07:03.843321,52,4330,1.0,1,7.9
2025-09-02T07:07:04.343536,45,4375,1.0,1,5.7
2025-09-02T07:07:04.843755,98,4473,1.0,1,6.2
2025-09-02T07:07:05.343967,121,4594,1.0,1,8.4
2025-09-02T07:07:05.844259,55,4649,1.0,1,6.0
2025-09-02T07:07:06.344465,22,4671,1.0,1,7.1
2025-09-02T07:07:06.844680,68,4739,1.0,1,6.7
2025-09-02T07:07:07.344874,4,4743,1.0,1,6.7
2025-09-02T07:07:07.845088,43,4786,1.0,1,6.2
2025-09-02T07:07:08.345295,0,4786,1.0,1,6.1
2025-09-02T07:07:08.845485,54,4840,1.0,1,7.1
2025-09-02T07:07:09.345722,15,4855,1.0,1,6.2
2025-09-02T07:07:09.845931,53,4908,1.0,1,6.2
2025-09-02T07:07:10.346142,80,4988,1.0,1,8.4
2025-09-02T07:07:10.846341,92,5080,1.0,1,6.2
2025-09-02T07:07:11.346662,38,5118,1.0,1,6.7
2025-09-02T07:07:11.846894,0,5118,1.0,1,4.9
2025-09-02T07:07:12.347116,0,5118,1.0,1,4.7
2025-09-02T07:07:12.847351,0,5118,1.0,1,5.9
2025-09-02T07:07:13.347568,0,5118,1.0,1,4.5
2025-09-02T07:07:13.847843,14,5132,1.0,1,6.6
2025-09-02T07:07:14.348067,41,5173,1.0,1,7.1
2025-09-02T07:07:14.848375,0,5173,1.0,1,5.7
2025-09-02T07:07:15.348689,35,5208,1.0,1,6.9
2025-09-02T07:07:15.848939,12,5220,1.0,1,5.7
2025-09-02T07:07:16.349158,86,5306,1.0,1,8.5
2025-09-02T07:07:16.849542,11,5317,1.0,1,4.8
2025-09-02T07:07:17.349793,69,5386,1.0,1,8.1
2025-09-02T07:07:17.850048,0,5386,1.0,1,4.6
2025-09-02T07:07:18.350291,0,5386,1.0,1,5.8
2025-09-02T07:07:18.850477,32,5418,1.0,1,7.0
2025-09-02T07:07:19.350740,0,5418,1.0,1,6.1
2025-09-02T07:07:19.850932,55,5473,1.0,1,6.7
2025-09-02T07:07:20.351220,36,5509,1.0,1,5.3
2025-09-02T07:07:20.851436,49,5558,1.0,1,7.8
2025-09-02T07:07:21.351679,41,5599,1.0,1,5.4
2025-09-02T07:07:21.851892,51,5650,1.0,1,8.5
2025-09-02T07:07:22.352100,0,5650,1.0,1,4.4
2025-09-02T07:07:22.852312,51,5701,1.0,1,8.3
2025-09-02T07:07:23.352525,0,5701,1.0,1,4.6
2025-09-02T07:07:23.852768,38,5739,1.0,1,8.0
2025-09-02T07:07:24.352973,1,5740,1.0,1,4.5
2025-09-02T07:07:24.853215,0,5740,1.0,1,4.8
2025-09-02T07:07:25.353463,10,5750,1.0,1,7.2
2025-09-02T07:07:25.853675,25,5775,1.0,1,6.0
2025-09-02T07:07:26.353890,0,5775,1.0,1,6.2
2025-09-02T07:07:26.854110,46,5821,1.0,1,6.5
2025-09-02T07:07:27.354328,0,5821,1.0,1,5.8
2025-09-02T07:07:27.854553,0,5821,1.0,1,4.5
2025-09-02T07:07:28.354763,0,5821,1.0,1,4.4
2025-09-02T07:07:28.854991,0,5821,1.0,1,6.1
2025-09-02T07:07:29.355208,0,5821,1.0,1,4.5
2025-09-02T07:07:29.855485,0,5821,1.0,1,4.6
2025-09-02T07:07:30.355693,0,5821,1.0,1,4.1
2025-09-02T07:07:30.855913,0,5821,1.0,1,6.0
2025-09-02T07:07:31.356125,0,5821,1.0,1,4.4
2025-09-02T07:07:31.856349,0,5821,1.0,1,4.5
2025-09-02T07:07:32.356569,0,5821,1.0,1,5.8
2025-09-02T07:07:32.856794,0,5821,1.0,1,4.5
2025-09-02T07:07:33.357019,0,5821,1.0,1,4.5
2025-09-02T07:07:33.857246,0,5821,1.0,1,5.6
2025-09-02T07:07:34.357462,0,5821,1.0,1,4.3
2025-09-02T07:07:34.857685,0,5821,1.0,1,4.6
2025-09-02T07:07:35.357916,0,5821,1.0,1,5.9
2025-09-02T07:07:35.858136,0,5821,1.0,1,4.6
2025-09-02T07:07:36.358357,0,5821,1.0,1,4.8
2025-09-02T07:07:36.858689,0,5821,1.0,1,7.4
2025-09-02T07:07:37.358943,0,5821,1.0,1,7.2
2025-09-02T07:07:37.859177,0,5821,1.0,1,8.0
2025-09-02T07:07:38.359398,0,5821,1.0,1,4.7
2025-09-02T07:07:38.859623,0,5821,1.0,1,4.8
2025-09-02T07:07:39.359840,0,5821,1.0,1,4.9
2025-09-02T07:07:39.860055,0,5821,1.0,1,6.8
2025-09-02T07:07:40.360279,0,5821,1.0,1,5.1
2025-09-02T07:07:40.860476,0,5821,1.0,1,4.8
2025-09-02T07:07:41.360699,0,5821,1.0,1,6.3
2025-09-02T07:07:41.860926,0,5821,1.0,1,4.9
2025-09-02T07:07:42.361134,0,5821,1.0,1,4.7
2025-09-02T07:07:42.861410,0,5821,1.0,1,6.0
2025-09-02T07:07:43.361631,0,5821,1.0,1,6.7
2025-09-02T07:07:43.861969,0,5821,1.0,1,5.5
2025-09-02T07:07:44.362207,0,5821,1.0,1,6.0
2025-09-02T07:07:44.862449,0,5821,1.0,1,8.6
2025-09-02T07:07:45.362669,0,5821,1.0,1,7.5
2025-09-02T07:07:45.862890,0,5821,1.0,1,8.7
2025-09-02T07:07:46.363095,6,5827,1.0,1,7.9
2025-09-02T07:07:46.863325,8,5835,1.0,1,9.4
2025-09-02T07:07:47.363562,2,5837,1.0,1,8.8
2025-09-02T07:07:47.863782,0,5837,1.0,1,7.3
2025-09-02T07:07:48.364039,0,5837,1.0,1,8.3
2025-09-02T07:07:48.864282,0,5837,1.0,1,6.9
2025-09-02T07:07:49.364539,0,5837,1.0,1,6.2
2025-09-02T07:07:49.864782,0,5837,1.0,1,7.2
2025-09-02T07:07:50.365005,0,5837,1.0,1,6.0
2025-09-02T07:07:50.865257,0,5837,1.0,1,7.1
2025-09-02T07:07:51.365466,0,5837,1.0,1,6.4
2025-09-02T07:07:51.865689,0,5837,1.0,1,5.1
2025-09-02T07:07:52.365905,0,5837,1.0,1,5.6
2025-09-02T07:07:52.866128,0,5837,1.0,1,5.0
2025-09-02T07:07:53.366365,8,5845,1.0,1,6.7
2025-09-02T07:07:53.866588,19,5864,1.0,1,7.0
2025-09-02T07:07:54.366805,0,5864,1.0,1,4.8
2025-09-02T07:07:54.867022,0,5864,1.0,1,4.7
2025-09-02T07:07:55.367226,0,5864,1.0,1,4.6
2025-09-02T07:07:55.867445,0,5864,1.0,1,4.3
2025-09-02T07:07:56.367652,0,5864,1.0,1,4.5
2025-09-02T07:07:56.867881,0,5864,1.0,1,4.3
2025-09-02T07:07:57.368096,23,5887,1.0,1,8.2
2025-09-02T07:07:57.868311,0,5887,1.0,1,4.5
2025-09-02T07:07:58.368533,0,5887,1.0,1,6.0
2025-09-02T07:07:58.868741,0,5887,1.0,1,4.4
2025-09-02T07:07:59.368949,0,5887,1.0,1,4.5
2025-09-02T07:07:59.869170,0,5887,1.0,1,6.5
2025-09-02T07:08:00.369386,0,5887,1.0,1,4.4
2025-09-02T07:08:00.869596,0,5887,1.0,1,4.8
2025-09-02T07:08:01.369818,11,5898,1.0,1,7.5
2025-09-02T07:08:01.870768,1,5899,1.0,1,5.2
2025-09-02T07:08:02.370976,0,5899,1.0,1,6.3
2025-09-02T07:08:02.871184,0,5899,1.0,1,4.7
2025-09-02T07:08:03.371511,0,5899,1.0,1,5.6
2025-09-02T07:08:03.871815,0,5899,1.0,1,5.7
2025-09-02T07:08:04.372098,0,5899,1.0,1,4.7
2025-09-02T07:08:04.873603,0,5899,1.0,1,18.9
2025-09-02T07:08:05.373886,17,5916,1.0,1,14.5
2025-09-02T07:08:05.874222,0,5916,1.0,1,24.3
2025-09-02T07:08:06.374513,0,5916,1.0,1,7.7
2025-09-02T07:08:06.874859,0,5916,1.0,1,6.7
2025-09-02T07:08:07.375155,0,5916,1.0,1,7.2
2025-09-02T07:08:07.875509,0,5916,1.0,1,4.6
2025-09-02T07:08:08.375799,0,5916,1.0,1,4.5
2025-09-02T07:08:08.876076,0,5916,1.0,1,5.9
2025-09-02T07:08:09.376419,21,5937,1.0,1,6.4
2025-09-02T07:08:09.876758,0,5937,1.0,1,4.5
2025-09-02T07:08:10.377094,0,5937,1.0,1,6.0
2025-09-02T07:08:10.877389,0,5937,1.0,1,4.6
2025-09-02T07:08:11.377680,0,5937,1.0,1,5.1
2025-09-02T07:08:11.878033,0,5937,1.0,1,6.1
2025-09-02T07:08:12.378324,0,5937,1.0,1,4.6
2025-09-02T07:08:12.878562,0,5937,1.0,1,4.5
2025-09-02T07:08:13.378805,0,5937,1.0,1,6.2
2025-09-02T07:08:13.879057,0,5937,1.0,1,4.2
2025-09-02T07:08:14.379276,0,5937,1.0,1,4.4
2025-09-02T07:08:14.879488,0,5937,1.0,1,6.3
2025-09-02T07:08:15.379707,0,5937,1.0,1,4.4
2025-09-02T07:08:15.879930,12,5949,1.0,1,7.9
2025-09-02T07:08:16.380136,0,5949,1.0,1,4.3
2025-09-02T07:08:16.880307,0,5949,1.0,1,4.5
2025-09-02T07:08:17.380528,0,5949,1.0,1,6.3
2025-09-02T07:08:17.880741,0,5949,1.0,1,4.5
2025-09-02T07:08:18.380971,0,5949,1.0,1,4.4
2025-09-02T07:08:18.881191,0,5949,1.0,1,6.5
2025-09-02T07:08:19.381420,0,5949,1.0,1,4.7
2025-09-02T07:08:19.881645,0,5949,1.0,1,4.7
2025-09-02T07:08:20.381867,0,5949,1.0,1,6.0
2025-09-02T07:08:20.882089,0,5949,1.0,1,4.5
2025-09-02T07:08:21.382317,0,5949,1.0,1,4.7
2025-09-02T07:08:21.882599,11,5960,1.0,1,8.0
2025-09-02T07:08:22.382823,1,5961,1.0,1,4.5
2025-09-02T07:08:22.883150,0,5961,1.0,1,5.2
2025-09-02T07:08:23.383388,0,5961,1.0,1,8.8
2025-09-02T07:08:23.883602,0,5961,1.0,1,11.0
2025-09-02T07:08:24.383824,0,5961,1.0,1,12.7
2025-09-02T07:08:24.884045,36,5997,1.0,1,15.6
2025-09-02T07:08:25.384258,37,6034,1.0,1,18.3
2025-09-02T07:08:25.884471,0,6034,1.0,1,11.3
2025-09-02T07:08:26.384696,0,6034,1.0,1,7.6
2025-09-02T07:08:26.884998,0,6034,1.0,1,8.2
2025-09-02T07:08:27.385240,0,6034,1.0,1,8.8
2025-09-02T07:08:27.885487,0,6034,1.0,1,11.5
2025-09-02T07:08:28.385710,0,6034,1.0,1,5.9
2025-09-02T07:08:28.885883,0,6034,1.0,1,12.0
2025-09-02T07:08:29.386107,0,6034,1.0,1,7.9
2025-09-02T07:08:29.886319,0,6034,1.0,1,11.5
2025-09-02T07:08:30.386553,12,6046,1.0,1,13.7
2025-09-02T07:08:30.886767,0,6046,1.0,1,9.5
2025-09-02T07:08:31.387057,0,6046,1.0,1,10.4
2025-09-02T07:08:31.887285,0,6046,1.0,1,7.1
2025-09-02T07:08:32.387480,0,6046,1.0,1,7.1
2025-09-02T07:08:32.887721,0,6046,1.0,1,11.0
2025-09-02T07:08:33.387953,0,6046,1.0,1,8.0
2025-09-02T07:08:33.888171,0,6046,1.0,1,9.2
2025-09-02T07:08:34.388389,0,6046,1.0,1,7.8
2025-09-02T07:08:34.888622,0,6046,1.0,1,9.1
2025-09-02T07:08:35.388925,16,6062,1.0,1,9.4
2025-09-02T07:08:35.889226,0,6062,1.0,1,10.2
2025-09-02T07:08:36.389549,0,6062,1.0,1,8.1
2025-09-02T07:08:36.889853,0,6062,1.0,1,11.5
2025-09-02T07:08:37.390161,0,6062,1.0,1,7.1
2025-09-02T07:08:37.890467,0,6062,1.0,1,6.9
2025-09-02T07:08:38.390777,0,6062,1.0,1,10.1
2025-09-02T07:08:38.891086,37,6099,1.0,1,11.3
2025-09-02T07:08:39.391388,8,6107,1.0,1,9.6
2025-09-02T07:08:39.891604,0,6107,1.0,1,5.3
2025-09-02T07:08:40.391874,0,6107,1.0,1,5.7
2025-09-02T07:08:40.892121,0,6107,1.0,1,9.9
2025-09-02T07:08:41.392375,0,6107,1.0,1,8.4
2025-09-02T07:08:41.892637,60,6167,1.0,1,14.0
2025-09-02T07:08:42.392907,0,6167,1.0,1,6.3
2025-09-02T07:08:42.893131,0,6167,1.0,1,5.7
2025-09-02T07:08:43.393365,0,6167,1.0,1,11.2
2025-09-02T07:08:43.893582,0,6167,1.0,1,5.6
2025-09-02T07:08:44.393884,23,6190,1.0,1,9.9
2025-09-02T07:08:44.894118,13,6203,1.0,1,9.9
2025-09-02T07:08:45.394359,0,6203,1.0,1,6.1
2025-09-02T07:08:45.894596,0,6203,1.0,1,7.5
2025-09-02T07:08:46.394831,0,6203,1.0,1,7.8
2025-09-02T07:08:46.895053,0,6203,1.0,1,6.5
2025-09-02T07:08:47.395281,21,6224,1.0,1,9.0
2025-09-02T07:08:47.895472,0,6224,1.0,1,4.8
2025-09-02T07:08:48.395702,0,6224,1.0,1,6.5
2025-09-02T07:08:48.895937,0,6224,1.0,1,7.0
2025-09-02T07:08:49.396167,0,6224,1.0,1,4.1
2025-09-02T07:08:49.896403,0,6224,1.0,1,4.8
2025-09-02T07:08:50.396641,0,6224,1.0,1,8.2
2025-09-02T07:08:50.896911,38,6262,1.0,1,6.7
2025-09-02T07:08:51.397123,5,6267,1.0,1,6.5
2025-09-02T07:08:51.897345,0,6267,1.0,1,4.9
2025-09-02T07:08:52.397567,0,6267,1.0,1,4.5
2025-09-02T07:08:52.897834,0,6267,1.0,1,5.8
2025-09-02T07:08:53.398060,0,6267,1.0,1,4.5
2025-09-02T07:08:53.898374,0,6267,1.0,1,4.6
2025-09-02T07:08:54.398615,0,6267,1.0,1,7.0
2025-09-02T07:08:54.898837,0,6267,1.0,1,4.6
2025-09-02T07:08:55.399076,0,6267,1.0,1,4.7
2025-09-02T07:08:55.899370,0,6267,1.0,1,6.2
2025-09-02T07:08:56.399620,0,6267,1.0,1,6.5
2025-09-02T07:08:56.899866,11,6278,1.0,1,6.2
2025-09-02T07:08:57.400110,23,6301,1.0,1,9.1
2025-09-02T07:08:57.900360,0,6301,1.0,1,5.1
2025-09-02T07:08:58.400611,0,6301,1.0,1,5.9
2025-09-02T07:08:58.900922,0,6301,1.0,1,6.9
2025-09-02T07:08:59.401214,0,6301,1.0,1,4.8
2025-09-02T07:08:59.901548,0,6301,1.0,1,4.8
2025-09-02T07:09:00.401846,0,6301,1.0,1,6.2
2025-09-02T07:09:00.902186,0,6301,1.0,1,5.2
2025-09-02T07:09:01.402509,0,6301,1.0,1,4.8
2025-09-02T07:09:01.902785,0,6301,1.0,1,6.4
2025-09-02T07:09:02.403016,0,6301,1.0,1,5.2
2025-09-02T07:09:02.903242,0,6301,1.0,1,4.5
2025-09-02T07:09:03.403467,0,6301,1.0,1,4.7
2025-09-02T07:09:03.903686,0,6301,1.0,1,6.4
2025-09-02T07:09:04.403917,7,6308,1.0,1,6.9
2025-09-02T07:09:04.904200,0,6308,1.0,1,6.1
2025-09-02T07:09:05.404449,0,6308,1.0,1,5.5
2025-09-02T07:09:05.904684,0,6308,1.0,1,6.1
2025-09-02T07:09:06.404923,0,6308,1.0,1,6.0
2025-09-02T07:09:06.905159,0,6308,1.0,1,5.9
2025-09-02T07:09:07.405426,0,6308,1.0,1,6.2
2025-09-02T07:09:07.905704,0,6308,1.0,1,7.0
2025-09-02T07:09:08.405931,0,6308,1.0,1,4.8
2025-09-02T07:09:08.906198,0,6308,1.0,1,6.6
2025-09-02T07:09:09.406423,0,6308,1.0,1,8.6
2025-09-02T07:09:09.906665,0,6308,1.0,1,6.8
2025-09-02T07:09:10.406894,0,6308,1.0,1,5.4
2025-09-02T07:09:10.907185,0,6308,1.0,1,4.7
2025-09-02T07:09:11.407460,0,6308,1.0,1,6.5
2025-09-02T07:09:11.907680,0,6308,1.0,1,4.6
2025-09-02T07:09:12.407916,0,6308,1.0,1,5.3
2025-09-02T07:09:12.908169,0,6308,1.0,1,5.8
2025-09-02T07:09:13.408435,0,6308,1.0,1,7.0
2025-09-02T07:09:13.908684,0,6308,1.0,1,5.7
2025-09-02T07:09:14.408938,0,6308,1.0,1,5.8
2025-09-02T07:09:14.909170,0,6308,1.0,1,6.2
2025-09-02T07:09:15.409402,0,6308,1.0,1,4.8
2025-09-02T07:09:15.909636,0,6308,1.0,1,5.2
2025-09-02T07:09:16.409869,0,6308,1.0,1,5.2
2025-09-02T07:09:16.910107,0,6308,1.0,1,6.6
2025-09-02T07:09:17.410344,0,6308,1.0,1,6.8
2025-09-02T07:09:17.910571,0,6308,1.0,1,4.7
2025-09-02T07:09:18.410810,0,6308,1.0,1,6.5
2025-09-02T07:09:18.911044,0,6308,1.0,1,5.9
2025-09-02T07:09:19.411279,0,6308,1.0,1,5.4
2025-09-02T07:09:19.911483,0,6308,1.0,1,5.1
2025-09-02T07:09:20.411708,0,6308,1.0,1,7.1
2025-09-02T07:09:20.911940,0,6308,1.0,1,5.5
2025-09-02T07:09:21.412170,0,6308,1.0,1,5.8
2025-09-02T07:09:21.912413,0,6308,1.0,1,5.6
2025-09-02T07:09:22.412653,0,6308,1.0,1,8.5
2025-09-02T07:09:22.912891,0,6308,1.0,1,6.3
2025-09-02T07:09:23.413116,0,6308,1.0,1,5.5
2025-09-02T07:09:23.913363,0,6308,1.0,1,7.6
2025-09-02T07:09:24.413593,0,6308,1.0,1,6.9
2025-09-02T07:09:24.913851,0,6308,1.0,1,6.8
2025-09-02T07:09:25.414107,0,6308,1.0,1,7.6
2025-09-02T07:09:25.914353,0,6308,1.0,1,6.7
2025-09-02T07:09:26.414587,0,6308,1.0,1,5.5
2025-09-02T07:09:26.914818,0,6308,1.0,1,4.9
2025-09-02T07:09:27.415152,0,6308,1.0,1,6.5
2025-09-02T07:09:27.915418,0,6308,1.0,1,5.4
2025-09-02T07:09:28.415649,0,6308,1.0,1,4.9
2025-09-02T07:09:28.915881,0,6308,1.0,1,5.2
2025-09-02T07:09:29.416103,0,6308,1.0,1,6.2
2025-09-02T07:09:29.916329,0,6308,1.0,1,5.0
2025-09-02T07:09:30.416558,0,6308,1.0,1,4.8
2025-09-02T07:09:30.916793,0,6308,1.0,1,5.8
2025-09-02T07:09:31.417030,0,6308,1.0,1,8.9
2025-09-02T07:09:31.917265,0,6308,1.0,1,5.2
2025-09-02T07:09:32.417488,0,6308,1.0,1,5.5
2025-09-02T07:09:32.917771,0,6308,1.0,1,6.2
2025-09-02T07:09:33.418012,0,6308,1.0,1,4.8
2025-09-02T07:09:33.918242,0,6308,1.0,1,5.5
2025-09-02T07:09:34.418476,0,6308,1.0,1,7.4
2025-09-02T07:09:34.918705,0,6308,1.0,1,6.1
2025-09-02T07:09:35.418934,0,6308,1.0,1,6.0
2025-09-02T07:09:35.919167,0,6308,1.0,1,5.9
2025-09-02T07:09:36.419531,0,6308,1.0,1,5.7
2025-09-02T07:09:36.919771,0,6308,1.0,1,4.8
2025-09-02T07:09:37.420004,0,6308,1.0,1,5.9
2025-09-02T07:09:37.920237,0,6308,1.0,1,5.8
2025-09-02T07:09:38.420468,0,6308,1.0,1,6.6
2025-09-02T07:09:38.920686,0,6308,1.0,1,5.3
2025-09-02T07:09:39.420918,0,6308,1.0,1,6.8
2025-09-02T07:09:39.921145,0,6308,1.0,1,5.8
2025-09-02T07:09:40.421384,0,6308,1.0,1,5.6
2025-09-02T07:09:40.921610,0,6308,1.0,1,6.7
2025-09-02T07:09:41.421839,0,6308,1.0,1,4.8
2025-09-02T07:09:41.922058,0,6308,1.0,1,4.6
2025-09-02T07:09:42.422281,0,6308,1.0,1,4.5
2025-09-02T07:09:42.922491,0,6308,1.0,1,6.1
2025-09-02T07:09:43.422724,0,6308,1.0,1,6.6
2025-09-02T07:09:43.922956,0,6308,1.0,1,4.9
2025-09-02T07:09:44.423188,0,6308,1.0,1,8.2
2025-09-02T07:09:44.923461,0,6308,1.0,1,4.7
2025-09-02T07:09:45.423737,0,6308,1.0,1,5.1
2025-09-02T07:09:45.923969,0,6308,1.0,1,5.3
2025-09-02T07:09:46.424192,0,6308,1.0,1,5.2
2025-09-02T07:09:46.924460,0,6308,1.0,1,3.9
2025-09-02T07:09:47.424697,0,6308,1.0,1,4.8
2025-09-02T07:09:47.924918,0,6308,1.0,1,5.3
2025-09-02T07:09:48.425153,0,6308,1.0,1,4.9
2025-09-02T07:09:48.925487,0,6308,1.0,1,4.9
2025-09-02T07:09:49.425764,0,6308,1.0,1,5.0
2025-09-02T07:09:49.925999,0,6308,1.0,1,5.3
2025-09-02T07:09:50.426222,0,6308,1.0,1,6.8
2025-09-02T07:09:50.926440,0,6308,1.0,1,4.9
2025-09-02T07:09:51.426670,0,6308,1.0,1,4.9
2025-09-02T07:09:51.926886,0,6308,1.0,1,5.0
2025-09-02T07:09:52.427100,0,6308,1.0,1,6.3
2025-09-02T07:09:52.927350,0,6308,1.0,1,4.9
2025-09-02T07:09:53.427566,0,6308,1.0,1,5.1
2025-09-02T07:09:53.927783,0,6308,1.0,1,6.5
2025-09-02T07:09:54.428002,0,6308,1.0,1,5.2
2025-09-02T07:09:54.928230,0,6308,1.0,1,5.1
2025-09-02T07:09:55.428448,0,6308,1.0,1,5.0
2025-09-02T07:09:55.928669,0,6308,1.0,1,6.5
2025-09-02T07:09:56.428898,0,6308,1.0,1,5.1
2025-09-02T07:09:56.929118,0,6308,1.0,1,5.1
2025-09-02T07:09:57.429340,0,6308,1.0,1,6.4
2025-09-02T07:09:57.929630,0,6308,1.0,1,5.2
2025-09-02T07:09:58.429856,0,6308,1.0,1,5.0
2025-09-02T07:09:58.930121,0,6308,1.0,1,6.6
2025-09-02T07:09:59.430442,0,6308,1.0,1,3.4
2025-09-02T07:09:59.930751,0,6308,1.0,1,3.4
2025-09-02T07:10:00.431036,0,6308,1.0,1,3.4
2025-09-02T07:10:00.931331,0,6308,1.0,1,3.6
2025-09-02T07:10:01.431701,0,6308,1.0,1,3.5
2025-09-02T07:10:01.932298,0,6308,1.0,1,2.6
2025-09-02T07:10:02.432961,0,6308,1.0,1,1.5
2025-09-02T07:10:02.933629,0,6308,1.0,1,1.3
2025-09-02T07:10:03.434598,0,6308,1.0,1,0.6
2025-09-02T07:10:03.935233,0,6308,1.0,1,1.2
2025-09-02T07:10:04.435879,0,6308,1.0,1,0.6
2025-09-02T07:10:04.936515,0,6308,1.0,1,0.8
2025-09-02T07:10:05.437269,0,6308,1.0,1,0.6
2025-09-02T07:10:05.937863,0,6308,1.0,1,2.6
2025-09-02T07:10:06.438470,0,6308,1.0,1,2.8
2025-09-02T07:10:06.939051,0,6308,1.0,1,2.5
2025-09-02T07:10:07.439790,0,6308,1.0,1,0.6
2025-09-02T07:10:07.940504,0,6308,1.0,1,2.1
2025-09-02T07:10:08.441041,0,6308,1.0,1,1.3
2025-09-02T07:10:08.941535,0,6308,1.0,1,1.9
2025-09-02T07:10:09.441800,0,6308,1.0,1,2.4
2025-09-02T07:10:09.942303,0,6308,1.0,1,2.5
2025-09-02T07:10:10.442877,0,6308,1.0,1,2.3
2025-09-02T07:10:10.943497,0,6308,1.0,1,2.1
2025-09-02T07:10:11.444085,0,6308,1.0,1,2.8
2025-09-02T07:10:11.944816,0,6308,1.0,1,1.2
2025-09-02T07:10:12.445407,0,6308,1.0,1,1.6
2025-09-02T07:10:12.946056,0,6308,1.0,1,1.0
2025-09-02T07:10:13.446768,0,6308,1.0,1,0.3
2025-09-02T07:10:13.947507,0,6308,1.0,1,0.3
2025-09-02T07:10:14.448204,0,6308,1.0,1,0.3
2025-09-02T07:10:14.948970,0,6308,1.0,1,0.3
2025-09-02T07:10:15.449752,0,6308,1.0,1,3.3
2025-09-02T07:10:15.950552,0,6308,1.0,1,2.4
2025-09-02T07:10:16.451143,0,6308,1.0,1,0.7
2025-09-02T07:10:16.951818,0,6308,1.0,1,1.5
2025-09-02T07:10:17.452351,0,6308,1.0,1,0.4
2025-09-02T07:10:17.953031,0,6308,1.0,1,0.4
2025-09-02T07:10:18.453753,0,6308,1.0,1,0.4
2025-09-02T07:10:18.954514,0,6308,1.0,1,0.3
2025-09-02T07:10:19.455090,0,6308,1.0,1,0.7
2025-09-02T07:10:19.955393,0,6308,1.0,1,2.0
2025-09-02T07:10:20.455918,0,6308,1.0,1,1.4
2025-09-02T07:10:20.956358,0,6308,1.0,1,3.9
2025-09-02T07:10:21.456874,0,6308,1.0,1,3.0
2025-09-02T07:10:21.957447,0,6308,1.0,1,0.6
2025-09-02T07:10:22.458071,0,6308,1.0,1,0.4
2025-09-02T07:10:22.958697,0,6308,1.0,1,2.2
2025-09-02T07:10:23.459251,0,6308,1.0,1,1.3
2025-09-02T07:10:23.959857,0,6308,1.0,1,2.2
2025-09-02T07:10:24.460469,0,6308,1.0,1,2.4
2025-09-02T07:10:24.961265,0,6308,1.0,1,0.5
2025-09-02T07:10:25.461871,0,6308,1.0,1,2.2
2025-09-02T07:10:25.962659,0,6308,1.0,1,3.4
2025-09-02T07:10:26.463199,0,6308,1.0,1,2.7
2025-09-02T07:10:26.963834,0,6308,1.0,1,1.7
2025-09-02T07:10:27.464392,0,6308,1.0,1,1.1
2025-09-02T07:10:27.964921,0,6308,1.0,1,0.6
2025-09-02T07:10:28.465667,0,6308,1.0,1,1.9
2025-09-02T07:10:28.966272,0,6308,1.0,1,0.5
2025-09-02T07:10:29.466994,0,6308,1.0,1,0.3
2025-09-02T07:10:29.967755,0,6308,1.0,1,2.1
2025-09-02T07:10:30.468320,0,6308,1.0,1,3.4
2025-09-02T07:10:30.968896,0,6308,1.0,1,1.0
2025-09-02T07:10:31.469644,0,6308,1.0,1,0.4
2025-09-02T07:10:31.970378,0,6308,1.0,1,0.8
2025-09-02T07:10:32.471053,0,6308,1.0,1,0.4
2025-09-02T07:10:32.971623,0,6308,1.0,1,0.8
2025-09-02T07:10:33.472404,0,6308,1.0,1,0.4
2025-09-02T07:10:33.973004,0,6308,1.0,1,0.9
2025-09-02T07:10:34.473695,0,6308,1.0,1,1.3
2025-09-02T07:10:34.974325,0,6308,1.0,1,1.2
2025-09-02T07:10:35.475088,0,6308,1.0,1,0.2
2025-09-02T07:10:35.975697,0,6308,1.0,1,0.6
2025-09-02T07:10:36.476236,0,6308,1.0,1,0.3
2025-09-02T07:10:36.976772,0,6308,1.0,1,0.3
2025-09-02T07:10:37.477294,0,6308,1.0,1,0.2
2025-09-02T07:10:37.977950,0,6308,1.0,1,1.1
2025-09-02T07:10:38.478570,0,6308,1.0,1,1.1
2025-09-02T07:10:38.978926,0,6308,1.0,1,6.4
2025-09-02T07:10:39.479254,0,6308,1.0,1,5.0
2025-09-02T07:10:39.979816,0,6308,1.0,1,4.9
2025-09-02T07:10:40.480187,0,6308,1.0,1,4.4
2025-09-02T07:10:40.980791,0,6308,1.0,1,2.6
2025-09-02T07:10:41.481515,0,6308,1.0,1,0.7
2025-09-02T07:10:41.982261,0,6308,1.0,1,2.8
2025-09-02T07:10:42.482889,0,6308,1.0,1,2.6
2025-09-02T07:10:42.983381,0,6308,1.0,1,5.0
2025-09-02T07:10:43.484006,0,6308,1.0,1,2.6
2025-09-02T07:10:43.984624,0,6308,1.0,1,1.4
2025-09-02T07:10:44.485205,0,6308,1.0,1,1.9
2025-09-02T07:10:44.985870,0,6308,1.0,1,1.9
2025-09-02T07:10:45.486449,0,6308,1.0,1,3.4
2025-09-02T07:10:45.986786,0,6308,1.0,1,3.2
2025-09-02T07:10:46.487277,0,6308,1.0,1,3.0
2025-09-02T07:10:46.988021,0,6308,1.0,1,4.1
2025-09-02T07:10:47.488608,0,6308,1.0,1,7.0
2025-09-02T07:10:47.989202,0,6308,1.0,1,3.8
2025-09-02T07:10:48.489808,0,6308,1.0,1,1.6
2025-09-02T07:10:48.990542,0,6308,1.0,1,0.3
2025-09-02T07:10:49.491164,0,6308,1.0,1,0.4
2025-09-02T07:10:49.991967,0,6308,1.0,1,0.3
2025-09-02T07:10:50.492622,0,6308,1.0,1,1.1
2025-09-02T07:10:50.993247,0,6308,1.0,1,0.3
2025-09-02T07:10:51.493938,0,6308,1.0,1,0.5
2025-09-02T07:10:51.994682,0,6308,1.0,1,0.4
2025-09-02T07:10:52.495264,0,6308,1.0,1,0.3
2025-09-02T07:10:52.995909,0,6308,1.0,1,0.4
2025-09-02T07:10:53.496626,0,6308,1.0,1,0.3
2025-09-02T07:10:53.997377,0,6308,1.0,1,0.3
2025-09-02T07:10:54.498062,0,6308,1.0,1,0.4
2025-09-02T07:10:54.998802,0,6308,1.0,1,0.3
2025-09-02T07:10:55.499585,0,6308,1.0,1,0.3
2025-09-02T07:10:56.000379,0,6308,1.0,1,0.2
2025-09-02T07:10:56.501112,0,6308,1.0,1,0.4
2025-09-02T07:10:57.001830,0,6308,1.0,1,0.4
2025-09-02T07:10:57.502617,0,6308,1.0,1,0.3
2025-09-02T07:10:58.003389,0,6308,1.0,1,0.3
2025-09-02T07:10:58.504039,0,6308,1.0,1,0.3
2025-09-02T07:10:59.004807,0,6308,1.0,1,0.4
2025-09-02T07:10:59.505503,0,6308,1.0,1,0.3
2025-09-02T07:11:00.006420,0,6308,1.0,1,0.3
2025-09-02T07:11:00.507189,0,6308,1.0,1,0.4
2025-09-02T07:11:01.007955,0,6308,1.0,1,0.3
2025-09-02T07:11:01.508580,0,6308,1.0,1,1.9
2025-09-02T07:11:02.009128,0,6308,1.0,1,6.3
2025-09-02T07:11:02.509804,0,6308,1.0,1,2.9
2025-09-02T07:11:03.010396,0,6308,1.0,1,2.3
2025-09-02T07:11:03.510987,0,6308,1.0,1,2.2
2025-09-02T07:11:04.011667,0,6308,1.0,1,0.3
2025-09-02T07:11:04.512312,0,6308,1.0,1,1.1
2025-09-02T07:11:05.012959,0,6308,1.0,1,1.3
2025-09-02T07:11:05.513640,0,6308,1.0,1,1.5
2025-09-02T07:11:06.014267,0,6308,1.0,1,0.9
2025-09-02T07:11:06.515181,0,6308,1.0,1,2.1
2025-09-02T07:11:07.016135,0,6308,1.0,1,1.3
2025-09-02T07:11:07.517079,0,6308,1.0,1,0.4
2025-09-02T07:11:08.017892,0,6308,1.0,1,0.6
2025-09-02T07:11:08.518607,0,6308,1.0,1,1.1
2025-09-02T07:11:09.019310,0,6308,1.0,1,1.5
2025-09-02T07:11:09.519923,0,6308,1.0,1,4.8
2025-09-02T07:11:10.020615,0,6308,1.0,1,3.7
2025-09-02T07:11:10.521164,0,6308,1.0,1,0.9
2025-09-02T07:11:11.021459,0,6308,1.0,1,7.0
2025-09-02T07:11:11.522049,0,6308,1.0,1,3.7
2025-09-02T07:11:12.022504,0,6308,1.0,1,1.6
2025-09-02T07:11:12.523058,0,6308,1.0,1,4.4
2025-09-02T07:11:13.023405,0,6308,1.0,1,2.4
2025-09-02T07:11:13.523710,0,6308,1.0,1,5.3
2025-09-02T07:11:14.024192,0,6308,1.0,1,3.7
2025-09-02T07:11:14.524907,0,6308,1.0,1,2.8
2025-09-02T07:11:15.025515,0,6308,1.0,1,4.3
2025-09-02T07:11:15.525962,0,6308,1.0,1,5.1
2025-09-02T07:11:16.026512,0,6308,1.0,1,2.8
2025-09-02T07:11:16.527186,0,6308,1.0,1,1.0
2025-09-02T07:11:17.027805,0,6308,1.0,1,2.6
2025-09-02T07:11:17.528386,0,6308,1.0,1,1.8
2025-09-02T07:11:18.029156,0,6308,1.0,1,4.1
2025-09-02T07:11:18.529790,0,6308,1.0,1,1.9
2025-09-02T07:11:19.030256,0,6308,1.0,1,3.6
2025-09-02T07:11:19.530798,0,6308,1.0,1,2.7
2025-09-02T07:11:20.031228,0,6308,1.0,1,2.9
2025-09-02T07:11:20.531766,0,6308,1.0,1,1.9
2025-09-02T07:11:21.032481,0,6308,1.0,1,3.5
2025-09-02T07:11:21.533055,0,6308,1.0,1,1.6
2025-09-02T07:11:22.033670,0,6308,1.0,1,2.6
2025-09-02T07:11:22.534093,0,6308,1.0,1,1.9
2025-09-02T07:11:23.034387,0,6308,1.0,1,8.2
2025-09-02T07:11:23.534885,0,6308,1.0,1,2.1
2025-09-02T07:11:24.035540,0,6308,1.0,1,2.4
2025-09-02T07:11:24.536162,0,6308,1.0,1,1.7
2025-09-02T07:11:25.036845,0,6308,1.0,1,5.3
2025-09-02T07:11:25.537692,0,6308,1.0,1,2.0
2025-09-02T07:11:26.038750,0,6308,1.0,1,2.5
2025-09-02T07:11:26.539496,0,6308,1.0,1,2.8
2025-09-02T07:11:27.040089,0,6308,1.0,1,2.1
2025-09-02T07:11:27.540703,0,6308,1.0,1,1.4
2025-09-02T07:11:28.041403,0,6308,1.0,1,2.3
2025-09-02T07:11:28.541848,0,6308,1.0,1,3.6
2025-09-02T07:11:29.042296,0,6308,1.0,1,2.3
2025-09-02T07:11:29.542982,0,6308,1.0,1,3.7
2025-09-02T07:11:30.043296,0,6308,1.0,1,1.6
2025-09-02T07:11:30.544172,0,6308,1.0,1,1.5
2025-09-02T07:11:31.044914,0,6308,1.0,1,1.1
2025-09-02T07:11:31.545545,0,6308,1.0,1,2.4
2025-09-02T07:11:32.045932,0,6308,1.0,1,1.8
2025-09-02T07:11:32.546400,0,6308,1.0,1,4.1
2025-09-02T07:11:33.046804,0,6308,1.0,1,2.4
2025-09-02T07:11:33.547453,0,6308,1.0,1,2.0
2025-09-02T07:11:34.048053,0,6308,1.0,1,2.0
2025-09-02T07:11:34.548460,0,6308,1.0,1,1.9
2025-09-02T07:11:35.048795,0,6308,1.0,1,2.5
2025-09-02T07:11:35.549441,0,6308,1.0,1,2.0
2025-09-02T07:11:36.050028,0,6308,1.0,1,3.0
2025-09-02T07:11:36.550613,0,6308,1.0,1,1.9
2025-09-02T07:11:37.051077,0,6308,1.0,1,5.7
2025-09-02T07:11:37.551649,0,6308,1.0,1,1.5
2025-09-02T07:11:38.052205,0,6308,1.0,1,5.5
2025-09-02T07:11:38.552744,0,6308,1.0,1,0.9
2025-09-02T07:11:39.053354,0,6308,1.0,1,0.9
2025-09-02T07:11:39.553945,0,6308,1.0,1,1.3
2025-09-02T07:11:40.054468,0,6308,1.0,1,1.3
2025-09-02T07:11:40.554860,0,6308,1.0,1,3.6
2025-09-02T07:11:41.055453,0,6308,1.0,1,2.5
2025-09-02T07:11:41.555954,0,6308,1.0,1,4.9
2025-09-02T07:11:42.056724,0,6308,1.0,1,3.3
2025-09-02T07:11:42.557076,0,6308,1.0,1,1.4
2025-09-02T07:11:43.057346,0,6308,1.0,1,2.5
2025-09-02T07:11:43.557955,0,6308,1.0,1,2.0
2025-09-02T07:11:44.058385,0,6308,1.0,1,2.0
2025-09-02T07:11:44.558940,0,6308,1.0,1,1.9
2025-09-02T07:11:45.059717,0,6308,1.0,1,0.3
2025-09-02T07:11:45.560491,0,6308,1.0,1,1.1
2025-09-02T07:11:46.060968,0,6308,1.0,1,2.4
2025-09-02T07:11:46.561633,0,6308,1.0,1,1.4
2025-09-02T07:11:47.062221,0,6308,1.0,1,0.8
2025-09-02T07:11:47.562923,0,6308,1.0,1,1.1
2025-09-02T07:11:48.063640,0,6308,1.0,1,1.0
2025-09-02T07:11:48.564184,0,6308,1.0,1,1.7
2025-09-02T07:11:49.064790,0,6308,1.0,1,1.8
2025-09-02T07:11:49.565494,0,6308,1.0,1,1.3
2025-09-02T07:11:50.066170,0,6308,1.0,1,1.1
2025-09-02T07:11:50.566762,0,6308,1.0,1,1.6
2025-09-02T07:11:51.067420,0,6308,1.0,1,1.3
2025-09-02T07:11:51.568034,0,6308,1.0,1,1.8
2025-09-02T07:11:52.068588,0,6308,1.0,1,1.5
2025-09-02T07:11:52.569420,0,6308,1.0,1,2.2
2025-09-02T07:11:53.070306,0,6308,1.0,1,2.6
2025-09-02T07:11:53.570957,0,6308,1.0,1,1.4
2025-09-02T07:11:54.071588,0,6308,1.0,1,1.4
2025-09-02T07:11:54.572183,0,6308,1.0,1,1.1
2025-09-02T07:11:55.072894,0,6308,1.0,1,0.3
2025-09-02T07:11:55.573494,0,6308,1.0,1,0.5
2025-09-02T07:11:56.074112,0,6308,1.0,1,2.5
2025-09-02T07:11:56.574715,0,6308,1.0,1,2.3
2025-09-02T07:11:57.075540,0,6308,1.0,1,2.1
2025-09-02T07:11:57.576154,0,6308,1.0,1,1.4
2025-09-02T07:11:58.076868,0,6308,1.0,1,2.6
2025-09-02T07:11:58.577491,0,6308,1.0,1,1.6
2025-09-02T07:11:59.078087,0,6308,1.0,1,1.6
2025-09-02T07:11:59.578919,0,6308,1.0,1,0.9
2025-09-02T07:12:00.079461,0,6308,1.0,1,1.9
2025-09-02T07:12:00.580378,0,6308,1.0,1,1.4
2025-09-02T07:12:01.081413,0,6308,1.0,1,1.8
2025-09-02T07:12:01.582060,0,6308,1.0,1,1.6
2025-09-02T07:12:02.083037,0,6308,1.0,1,2.4
2025-09-02T07:12:02.583736,0,6308,1.0,1,1.9
2025-09-02T07:12:03.084783,0,6308,1.0,1,0.6
2025-09-02T07:12:03.585912,0,6308,1.0,1,3.1
2025-09-02T07:12:04.086917,0,6308,1.0,1,0.4
2025-09-02T07:12:04.587593,0,6308,1.0,1,0.3
2025-09-02T07:12:05.088300,0,6308,1.0,1,1.4
2025-09-02T07:12:05.588937,0,6308,1.0,1,0.4
2025-09-02T07:12:06.089576,0,6308,1.0,1,0.4
2025-09-02T07:12:06.590205,0,6308,1.0,1,0.4
2025-09-02T07:12:07.090592,0,6308,1.0,1,1.5
2025-09-02T07:12:07.591046,0,6308,1.0,1,4.5
2025-09-02T07:12:08.091614,0,6308,1.0,1,2.6
2025-09-02T07:12:08.592453,0,6308,1.0,1,2.4
2025-09-02T07:12:09.093331,0,6308,1.0,1,3.7
2025-09-02T07:12:09.593809,0,6308,1.0,1,2.9
2025-09-02T07:12:10.094430,0,6308,1.0,1,0.9
2025-09-02T07:12:10.594792,0,6308,1.0,1,1.3
2025-09-02T07:12:11.095288,0,6308,1.0,1,3.6
2025-09-02T07:12:11.595859,0,6308,1.0,1,1.1
2025-09-02T07:12:12.096292,0,6308,1.0,1,3.1
2025-09-02T07:12:12.596581,0,6308,1.0,1,2.3
2025-09-02T07:12:13.096928,0,6308,1.0,1,2.3
2025-09-02T07:12:13.597421,0,6308,1.0,1,1.8
2025-09-02T07:12:14.097729,0,6308,1.0,1,0.8
2025-09-02T07:12:14.598292,0,6308,1.0,1,1.1
2025-09-02T07:12:15.098923,0,6308,1.0,1,0.4
2025-09-02T07:12:15.599589,0,6308,1.0,1,0.5
2025-09-02T07:12:16.100188,0,6308,1.0,1,0.7
2025-09-02T07:12:16.600924,0,6308,1.0,1,0.4
2025-09-02T07:12:17.101600,0,6308,1.0,1,0.4
2025-09-02T07:12:17.602192,0,6308,1.0,1,0.5
2025-09-02T07:12:18.102878,0,6308,1.0,1,0.4
2025-09-02T07:12:18.603694,0,6308,1.0,1,0.5
2025-09-02T07:12:19.104463,0,6308,1.0,1,0.4
2025-09-02T07:12:19.605050,0,6308,1.0,1,3.6
2025-09-02T07:12:20.105636,0,6308,1.0,1,2.1
2025-09-02T07:12:20.606408,0,6308,1.0,1,0.4
2025-09-02T07:12:21.106946,0,6308,1.0,1,1.4
2025-09-02T07:12:21.607541,0,6308,1.0,1,2.9
2025-09-02T07:12:22.108089,0,6308,1.0,1,3.0
2025-09-02T07:12:22.608810,0,6308,1.0,1,2.8
2025-09-02T07:12:23.109317,0,6308,1.0,1,1.7
2025-09-02T07:12:23.609723,0,6308,1.0,1,1.7
2025-09-02T07:12:24.110318,0,6308,1.0,1,2.9
2025-09-02T07:12:24.610901,0,6308,1.0,1,0.9
2025-09-02T07:12:25.111599,0,6308,1.0,1,0.7
2025-09-02T07:12:25.612180,0,6308,1.0,1,1.5
2025-09-02T07:12:26.112870,0,6308,1.0,1,2.1
2025-09-02T07:12:26.613505,0,6308,1.0,1,0.4
2025-09-02T07:12:27.113966,0,6308,1.0,1,2.0
2025-09-02T07:12:27.614399,0,6308,1.0,1,2.5
2025-09-02T07:12:28.114966,0,6308,1.0,1,0.8
2025-09-02T07:12:28.615566,0,6308,1.0,1,1.1
2025-09-02T07:12:29.116140,0,6308,1.0,1,0.5
2025-09-02T07:12:29.616754,0,6308,1.0,1,1.1
2025-09-02T07:12:30.117324,0,6308,1.0,1,0.6
2025-09-02T07:12:30.617880,0,6308,1.0,1,0.4
2025-09-02T07:12:31.118516,0,6308,1.0,1,0.5
2025-09-02T07:12:31.619108,0,6308,1.0,1,0.4
2025-09-02T07:12:32.119791,0,6308,1.0,1,0.6
2025-09-02T07:12:32.620628,0,6308,1.0,1,0.6
2025-09-02T07:12:33.121287,0,6308,1.0,1,0.6
2025-09-02T07:12:33.621870,0,6308,1.0,1,1.0
2025-09-02T07:12:34.122579,0,6308,1.0,1,1.0
2025-09-02T07:12:34.623199,0,6308,1.0,1,0.5
2025-09-02T07:12:35.123896,0,6308,1.0,1,0.5
2025-09-02T07:12:35.624660,0,6308,1.0,1,0.4
2025-09-02T07:12:36.125265,0,6308,1.0,1,2.3
2025-09-02T07:12:36.625894,0,6308,1.0,1,0.5
2025-09-02T07:12:37.126559,0,6308,1.0,1,0.9
2025-09-02T07:12:37.627107,0,6308,1.0,1,0.8
2025-09-02T07:12:38.127778,0,6308,1.0,1,1.0
2025-09-02T07:12:38.628291,0,6308,1.0,1,1.2
2025-09-02T07:12:39.128914,0,6308,1.0,1,1.1
2025-09-02T07:12:39.629477,0,6308,1.0,1,1.1
2025-09-02T07:12:40.130078,0,6308,1.0,1,0.7
2025-09-02T07:12:40.630759,0,6308,1.0,1,1.4
2025-09-02T07:12:41.131288,0,6308,1.0,1,0.9
2025-09-02T07:12:41.631959,0,6308,1.0,1,0.8
2025-09-02T07:12:42.132763,0,6308,1.0,1,1.7
2025-09-02T07:12:42.633669,0,6308,1.0,1,2.1
2025-09-02T07:12:43.134606,0,6308,1.0,1,2.7
2025-09-02T07:12:43.635621,0,6308,1.0,1,0.8
