timestamp,interval_count,total_count,queue_size,max_queue_size,cpu_percent
2025-07-29T02:43:04.984908,30,30,4.1,10,0.0
2025-07-29T02:43:05.485258,28,58,3.2142857142857144,10,23.7
2025-07-29T02:43:05.985525,38,96,3.4210526315789473,10,16.0
2025-07-29T02:43:06.485832,38,134,3.5,10,20.3
2025-07-29T02:43:06.986121,29,163,2.5172413793103448,10,24.5
2025-07-29T02:43:07.486465,29,192,2.6206896551724137,10,18.5
2025-07-29T02:43:07.986799,29,221,2.7241379310344827,10,25.5
2025-07-29T02:43:08.487081,38,259,1.9736842105263157,10,21.5
2025-07-29T02:43:08.987423,29,288,2.2413793103448274,10,24.6
2025-07-29T02:43:09.487706,39,327,2.0,10,28.7
2025-07-29T02:43:09.988076,29,356,3.0344827586206895,10,19.7
2025-07-29T02:43:10.488311,38,394,2.1315789473684212,10,17.7
2025-07-29T02:43:10.988542,38,432,4.078947368421052,10,27.8
2025-07-29T02:43:11.488754,38,470,3.8947368421052633,10,23.3
2025-07-29T02:43:11.988962,39,509,2.3076923076923075,10,32.8
2025-07-29T02:43:12.489225,38,547,3.526315789473684,10,20.2
2025-07-29T02:43:12.989446,38,585,3.8421052631578947,10,17.7
2025-07-29T02:43:13.489658,39,624,2.7948717948717947,10,24.8
2025-07-29T02:43:13.989850,28,652,2.5714285714285716,10,21.5
2025-07-29T02:43:14.490070,29,681,3.3793103448275863,10,24.1
2025-07-29T02:43:14.990294,29,710,3.4482758620689653,10,27.5
2025-07-29T02:43:15.490521,19,729,2.6315789473684212,10,36.0
2025-07-29T02:43:15.990757,29,758,2.7586206896551726,10,24.8
2025-07-29T02:43:16.493742,28,786,1.4,10,14.0
2025-07-29T02:43:16.994125,19,805,2.5925925925925926,10,28.2
2025-07-29T02:43:17.494349,29,834,3.4827586206896552,10,27.7
2025-07-29T02:43:17.994569,29,863,3.0689655172413794,10,27.7
2025-07-29T02:43:18.494773,29,892,3.103448275862069,10,24.9
2025-07-29T02:43:18.994994,28,920,4.607142857142857,10,21.1
2025-07-29T02:43:19.495279,19,939,3.6842105263157894,10,31.3
2025-07-29T02:43:19.995606,29,968,4.172413793103448,10,31.2
2025-07-29T02:43:20.495854,27,995,2.814814814814815,10,21.0
2025-07-29T02:43:20.996089,29,1024,3.206896551724138,10,28.2
2025-07-29T02:43:21.496325,19,1043,4.0,10,17.1
2025-07-29T02:43:21.996620,28,1071,3.5714285714285716,10,21.7
2025-07-29T02:43:22.496910,19,1090,2.8421052631578947,10,40.8
2025-07-29T02:43:22.997150,20,1110,3.85,10,53.8
2025-07-29T02:43:23.497479,28,1138,2.5714285714285716,10,35.3
2025-07-29T02:43:23.997763,19,1157,2.8421052631578947,10,33.5
2025-07-29T02:43:24.498222,29,1186,4.0344827586206895,10,30.2
2025-07-29T02:43:24.998578,19,1205,4.157894736842105,10,18.5
2025-07-29T02:43:25.498815,27,1232,4.777777777777778,10,27.0
2025-07-29T02:43:25.999042,29,1261,4.724137931034483,10,30.9
2025-07-29T02:43:26.499264,29,1290,3.1379310344827585,10,27.4
2025-07-29T02:43:26.999472,19,1309,4.7894736842105265,10,22.4
2025-07-29T02:43:27.499705,29,1338,4.172413793103448,10,15.2
2025-07-29T02:43:27.999983,28,1366,3.9285714285714284,10,16.2
2025-07-29T02:43:28.500202,20,1386,1.35,10,26.9
2025-07-29T02:43:29.000415,27,1413,3.2962962962962963,10,24.5
2025-07-29T02:43:29.500690,19,1432,2.8947368421052633,10,30.4
2025-07-29T02:43:30.000976,28,1460,2.2857142857142856,10,27.1
2025-07-29T02:43:30.501331,19,1479,2.6315789473684212,10,23.1
2025-07-29T02:43:31.001670,29,1508,2.9310344827586206,10,20.9
2025-07-29T02:43:31.501970,29,1537,2.0689655172413794,10,19.1
2025-07-29T02:43:32.002288,28,1565,3.0,10,23.5
2025-07-29T02:43:32.502582,19,1584,1.5789473684210527,10,41.0
2025-07-29T02:43:33.002950,29,1613,3.896551724137931,10,20.8
2025-07-29T02:43:33.503246,19,1632,4.842105263157895,10,19.8
2025-07-29T02:43:34.003455,28,1660,4.571428571428571,10,25.4
2025-07-29T02:43:34.503692,19,1679,4.2105263157894735,10,40.6
2025-07-29T02:43:35.003943,29,1708,2.586206896551724,10,12.2
2025-07-29T02:43:35.504186,19,1727,1.9473684210526316,10,39.3
2025-07-29T02:43:36.004464,29,1756,4.793103448275862,10,16.8
2025-07-29T02:43:36.504672,19,1775,2.473684210526316,10,33.2
2025-07-29T02:43:37.004902,29,1804,4.206896551724138,10,18.1
2025-07-29T02:43:37.505127,29,1833,1.9655172413793103,10,31.0
2025-07-29T02:43:38.005357,29,1862,3.7586206896551726,10,22.2
2025-07-29T02:43:38.505591,28,1890,2.607142857142857,10,20.9
2025-07-29T02:43:39.005819,19,1909,3.3157894736842106,10,36.3
2025-07-29T02:43:39.506048,28,1937,2.857142857142857,10,17.5
2025-07-29T02:43:40.006270,29,1966,3.7586206896551726,10,34.4
2025-07-29T02:43:40.506459,19,1985,3.210526315789474,10,14.1
2025-07-29T02:43:41.006730,38,2023,3.1052631578947367,10,19.9
2025-07-29T02:43:41.506989,29,2052,1.793103448275862,10,33.2
2025-07-29T02:43:42.007287,19,2071,2.1578947368421053,10,16.7
2025-07-29T02:43:42.507594,38,2109,3.8947368421052633,10,16.0
2025-07-29T02:43:43.007970,29,2138,3.9310344827586206,10,29.3
2025-07-29T02:43:43.508279,28,2166,3.3214285714285716,10,26.7
2025-07-29T02:43:44.008604,39,2205,2.948717948717949,10,30.2
2025-07-29T02:43:44.508966,38,2243,3.526315789473684,10,24.9
2025-07-29T02:43:45.009256,19,2262,2.0526315789473686,10,25.7
2025-07-29T02:43:45.509666,38,2300,3.3421052631578947,10,18.6
2025-07-29T02:43:46.009965,29,2329,3.413793103448276,10,22.5
2025-07-29T02:43:46.510354,19,2348,3.3684210526315788,10,20.6
2025-07-29T02:43:47.010609,28,2376,3.142857142857143,10,35.0
2025-07-29T02:43:47.510928,19,2395,2.473684210526316,10,28.9
2025-07-29T02:43:48.011244,29,2424,4.275862068965517,10,31.9
2025-07-29T02:43:48.511597,19,2443,3.5789473684210527,10,26.8
2025-07-29T02:43:49.012407,39,2482,4.717948717948718,10,28.4
2025-07-29T02:43:49.512754,19,2501,5.2631578947368425,10,14.8
2025-07-29T02:43:50.013138,19,2520,3.736842105263158,10,34.2
2025-07-29T02:43:50.513520,29,2549,3.2413793103448274,10,20.1
2025-07-29T02:43:51.013878,29,2578,2.4827586206896552,10,18.5
2025-07-29T02:43:51.514183,27,2605,2.7777777777777777,10,16.3
2025-07-29T02:43:52.014479,29,2634,3.0689655172413794,10,32.8
2025-07-29T02:43:52.514708,19,2653,1.263157894736842,10,9.8
2025-07-29T02:43:53.016899,19,2672,2.789473684210526,10,29.6
2025-07-29T02:43:53.517261,29,2701,1.9655172413793103,10,13.9
2025-07-29T02:43:54.017610,19,2720,1.263157894736842,10,18.7
2025-07-29T02:43:54.517985,19,2739,2.1052631578947367,10,17.4
2025-07-29T02:43:55.018278,28,2767,2.0714285714285716,10,13.3
2025-07-29T02:43:55.518726,19,2786,1.631578947368421,10,22.7
2025-07-29T02:43:56.019428,18,2804,3.1666666666666665,10,29.3
2025-07-29T02:43:56.519679,19,2823,2.5789473684210527,10,19.4
2025-07-29T02:43:57.019903,19,2842,3.5789473684210527,10,22.9
2025-07-29T02:43:57.520151,29,2871,2.8275862068965516,10,15.7
2025-07-29T02:43:58.020472,28,2899,2.4642857142857144,10,20.7
2025-07-29T02:43:58.520841,29,2928,2.6551724137931036,10,21.8
2025-07-29T02:43:59.021203,28,2956,2.7857142857142856,10,22.9
2025-07-29T02:43:59.521491,28,2984,2.3214285714285716,10,16.6
2025-07-29T02:44:00.021776,19,3003,3.736842105263158,10,28.5
2025-07-29T02:44:00.522068,19,3022,4.368421052631579,10,10.5
2025-07-29T02:44:01.022399,19,3041,2.263157894736842,10,29.6
2025-07-29T02:44:01.522737,29,3070,4.517241379310345,10,23.9
2025-07-29T02:44:02.023085,19,3089,5.2631578947368425,10,29.1
2025-07-29T02:44:02.523341,28,3117,4.571428571428571,10,21.6
2025-07-29T02:44:03.023563,19,3136,5.2631578947368425,10,35.0
2025-07-29T02:44:03.523983,29,3165,4.103448275862069,10,27.5
2025-07-29T02:44:04.024209,9,3174,5.0,10,23.0
2025-07-29T02:44:04.524464,19,3193,5.2631578947368425,10,24.1
2025-07-29T02:44:05.024696,19,3212,5.2631578947368425,10,21.8
2025-07-29T02:44:05.524925,28,3240,5.214285714285714,10,19.6
2025-07-29T02:44:06.025144,9,3249,5.0,10,27.7
2025-07-29T02:44:06.525375,19,3268,5.2631578947368425,10,21.5
2025-07-29T02:44:07.025633,29,3297,3.2758620689655173,10,25.4
2025-07-29T02:44:07.525907,19,3316,3.0526315789473686,10,17.4
2025-07-29T02:44:08.026171,19,3335,3.0,10,25.2
2025-07-29T02:44:08.526433,19,3354,2.0,10,20.9
2025-07-29T02:44:09.026706,19,3373,2.210526315789474,10,36.6
2025-07-29T02:44:09.527452,19,3392,2.736842105263158,10,18.8
2025-07-29T02:44:10.027678,19,3411,3.526315789473684,10,24.3
2025-07-29T02:44:10.527899,29,3440,4.0344827586206895,10,23.5
2025-07-29T02:44:11.028108,19,3459,4.0,10,15.2
2025-07-29T02:44:11.528333,19,3478,3.0,10,18.4
2025-07-29T02:44:12.028567,19,3497,5.2631578947368425,10,22.4
2025-07-29T02:44:12.528821,19,3516,2.3684210526315788,10,20.9
2025-07-29T02:44:13.029034,28,3544,1.6785714285714286,10,22.4
2025-07-29T02:44:13.529259,20,3564,3.3,10,26.5
2025-07-29T02:44:14.029933,28,3592,4.357142857142857,10,30.5
2025-07-29T02:44:14.530285,29,3621,3.6551724137931036,10,21.6
2025-07-29T02:44:15.030652,19,3640,3.0,10,24.5
2025-07-29T02:44:15.530947,29,3669,3.2413793103448274,10,20.5
2025-07-29T02:44:16.031333,19,3688,3.5789473684210527,10,23.0
2025-07-29T02:44:16.531829,28,3716,2.0357142857142856,10,14.5
2025-07-29T02:44:17.032287,20,3736,1.9,10,29.8
2025-07-29T02:44:17.532665,28,3764,3.107142857142857,10,26.6
2025-07-29T02:44:18.033052,20,3784,3.65,10,49.5
2025-07-29T02:44:18.533477,19,3803,4.7894736842105265,10,28.9
2025-07-29T02:44:19.033776,28,3831,4.428571428571429,10,20.9
2025-07-29T02:44:19.534055,29,3860,3.206896551724138,10,30.0
2025-07-29T02:44:20.034307,29,3889,3.8275862068965516,10,16.8
2025-07-29T02:44:20.534539,19,3908,4.7894736842105265,10,21.8
2025-07-29T02:44:21.034752,28,3936,3.5714285714285716,10,25.2
2025-07-29T02:44:21.534951,39,3975,3.230769230769231,10,19.9
2025-07-29T02:44:22.035159,28,4003,4.035714285714286,10,14.9
2025-07-29T02:44:22.535373,29,4032,2.5517241379310347,10,26.8
2025-07-29T02:44:23.035587,19,4051,3.789473684210526,10,16.5
2025-07-29T02:44:23.535809,38,4089,2.5789473684210527,10,27.1
2025-07-29T02:44:24.036024,29,4118,3.206896551724138,10,20.2
2025-07-29T02:44:24.536242,29,4147,5.344827586206897,10,13.5
2025-07-29T02:44:25.036460,29,4176,3.2413793103448274,10,19.6
2025-07-29T02:44:25.536679,28,4204,4.892857142857143,10,18.7
2025-07-29T02:44:26.036907,20,4224,4.65,10,19.6
2025-07-29T02:44:26.537171,28,4252,5.178571428571429,10,25.9
2025-07-29T02:44:27.037592,29,4281,3.9310344827586206,10,22.8
2025-07-29T02:44:27.537989,29,4310,3.0689655172413794,10,28.8
2025-07-29T02:44:28.038274,19,4329,2.9473684210526314,10,16.2
2025-07-29T02:44:28.538563,28,4357,3.857142857142857,10,23.1
2025-07-29T02:44:29.038788,19,4376,2.1052631578947367,10,30.5
2025-07-29T02:44:29.538986,29,4405,3.8620689655172415,10,19.0
2025-07-29T02:44:30.039197,19,4424,2.3684210526315788,10,23.2
2025-07-29T02:44:30.539453,19,4443,4.052631578947368,10,14.6
2025-07-29T02:44:31.039689,19,4462,2.736842105263158,10,19.1
2025-07-29T02:44:31.539921,19,4481,3.0526315789473686,10,22.2
2025-07-29T02:44:32.040135,19,4500,3.5789473684210527,10,21.0
2025-07-29T02:44:32.540375,19,4519,1.736842105263158,10,25.9
2025-07-29T02:44:33.040609,19,4538,4.7894736842105265,10,15.5
2025-07-29T02:44:33.540823,28,4566,3.5714285714285716,10,16.1
2025-07-29T02:44:34.041046,19,4585,4.7894736842105265,10,18.4
2025-07-29T02:44:34.541294,19,4604,4.7894736842105265,10,19.8
2025-07-29T02:44:35.041519,19,4623,3.6842105263157894,10,27.5
2025-07-29T02:44:35.541805,19,4642,4.7894736842105265,10,30.5
2025-07-29T02:44:36.042129,19,4661,3.736842105263158,10,28.1
2025-07-29T02:44:36.542401,29,4690,5.344827586206897,10,19.8
2025-07-29T02:44:37.042682,19,4709,2.8947368421052633,10,20.4
2025-07-29T02:44:37.542972,19,4728,5.2631578947368425,10,20.3
2025-07-29T02:44:38.043259,19,4747,2.8947368421052633,10,22.9
2025-07-29T02:44:38.543617,19,4766,5.2631578947368425,10,20.1
2025-07-29T02:44:39.043934,19,4785,2.8947368421052633,10,23.4
2025-07-29T02:44:39.544296,18,4803,3.111111111111111,10,19.1
2025-07-29T02:44:40.044651,19,4822,5.2631578947368425,10,22.0
2025-07-29T02:44:40.545017,19,4841,4.2105263157894735,10,23.1
2025-07-29T02:44:41.048194,28,4869,4.285714285714286,10,22.6
2025-07-29T02:44:41.548601,19,4888,1.631578947368421,10,19.2
2025-07-29T02:44:42.048955,20,4908,3.6,10,29.1
2025-07-29T02:44:42.549249,19,4927,5.2631578947368425,10,17.5
2025-07-29T02:44:43.049515,19,4946,3.4210526315789473,10,22.2
2025-07-29T02:44:43.549873,19,4965,3.4210526315789473,10,26.0
2025-07-29T02:44:44.050240,29,4994,3.310344827586207,10,18.2
2025-07-29T02:44:44.550596,19,5013,3.9473684210526314,10,17.7
2025-07-29T02:44:45.050947,29,5042,3.586206896551724,10,24.1
2025-07-29T02:44:45.551239,18,5060,4.555555555555555,10,18.2
2025-07-29T02:44:46.051602,19,5079,3.4210526315789473,10,29.3
2025-07-29T02:44:46.551941,28,5107,5.178571428571429,10,22.5
2025-07-29T02:44:47.052222,19,5126,5.2631578947368425,10,23.4
2025-07-29T02:44:47.552584,19,5145,4.7894736842105265,10,18.5
2025-07-29T02:44:48.052936,19,5164,5.2631578947368425,10,31.6
2025-07-29T02:44:48.609343,29,5193,4.6521739130434785,10,19.2
2025-07-29T02:44:49.109663,20,5213,2.5,10,26.4
2025-07-29T02:44:49.609867,19,5232,3.6315789473684212,10,20.7
2025-07-29T02:44:50.110079,19,5251,2.9473684210526314,10,21.2
2025-07-29T02:44:50.610319,19,5270,3.736842105263158,10,21.8
2025-07-29T02:44:51.110535,19,5289,4.526315789473684,10,24.9
2025-07-29T02:44:51.610751,19,5308,3.736842105263158,10,26.0
2025-07-29T02:44:52.110965,19,5327,2.210526315789474,10,30.2
2025-07-29T02:44:52.611229,19,5346,5.2631578947368425,10,19.3
2025-07-29T02:44:53.111435,29,5375,3.793103448275862,10,17.7
2025-07-29T02:44:53.611647,19,5394,2.8947368421052633,10,18.6
2025-07-29T02:44:54.111853,19,5413,3.1052631578947367,10,27.3
2025-07-29T02:44:54.612078,29,5442,3.2413793103448274,10,33.4
2025-07-29T02:44:55.112297,19,5461,4.7894736842105265,10,14.7
2025-07-29T02:44:55.612554,19,5480,5.2631578947368425,10,26.2
2025-07-29T02:44:56.112770,29,5509,4.0,10,21.1
2025-07-29T02:44:56.612995,19,5528,4.7894736842105265,10,23.4
2025-07-29T02:44:57.113214,19,5547,5.2631578947368425,10,19.9
2025-07-29T02:44:57.613434,19,5566,5.2631578947368425,10,17.5
2025-07-29T02:44:58.113637,28,5594,5.178571428571429,10,12.5
2025-07-29T02:44:58.613855,19,5613,3.1052631578947367,10,25.9
2025-07-29T02:44:59.114057,19,5632,4.368421052631579,10,23.3
2025-07-29T02:44:59.614277,19,5651,2.8947368421052633,10,27.6
2025-07-29T02:45:00.114496,19,5670,3.0526315789473686,10,30.9
2025-07-29T02:45:00.614717,29,5699,3.6551724137931036,10,18.1
2025-07-29T02:45:01.114933,19,5718,5.2631578947368425,10,16.4
2025-07-29T02:45:01.615242,19,5737,4.368421052631579,10,20.1
2025-07-29T02:45:02.115487,19,5756,3.4210526315789473,10,22.2
2025-07-29T02:45:02.615725,29,5785,4.0344827586206895,10,25.0
2025-07-29T02:45:03.115940,19,5804,1.5263157894736843,10,24.2
2025-07-29T02:45:03.616177,29,5833,4.0344827586206895,10,18.9
2025-07-29T02:45:04.117377,28,5861,3.4285714285714284,10,18.7
2025-07-29T02:45:04.617655,19,5880,2.0,10,18.3
2025-07-29T02:45:05.117942,19,5899,2.8947368421052633,10,32.7
2025-07-29T02:45:05.618289,29,5928,5.344827586206897,10,15.3
2025-07-29T02:45:06.118649,19,5947,4.7894736842105265,10,20.4
2025-07-29T02:45:06.619030,19,5966,4.842105263157895,10,19.7
2025-07-29T02:45:07.119370,19,5985,5.2631578947368425,10,20.0
2025-07-29T02:45:07.619600,19,6004,2.736842105263158,10,19.6
2025-07-29T02:45:08.119819,19,6023,3.6315789473684212,10,26.8
2025-07-29T02:45:08.623485,28,6051,4.476190476190476,10,15.7
2025-07-29T02:45:09.123738,19,6070,3.923076923076923,10,24.4
2025-07-29T02:45:09.623985,19,6089,5.2631578947368425,10,27.9
2025-07-29T02:45:10.124257,19,6108,5.2631578947368425,10,29.2
2025-07-29T02:45:10.624572,19,6127,3.736842105263158,10,21.8
2025-07-29T02:45:11.124830,20,6147,3.45,10,22.5
2025-07-29T02:45:11.625205,18,6165,4.555555555555555,10,21.9
2025-07-29T02:45:12.125581,19,6184,5.2631578947368425,10,19.3
2025-07-29T02:45:12.625956,19,6203,5.2631578947368425,10,20.2
2025-07-29T02:45:13.126262,28,6231,4.071428571428571,10,20.8
2025-07-29T02:45:13.626579,19,6250,3.5789473684210527,10,27.1
2025-07-29T02:45:14.126870,19,6269,4.0,10,24.3
2025-07-29T02:45:14.627145,29,6298,3.103448275862069,10,19.0
2025-07-29T02:45:15.127415,19,6317,2.9473684210526314,10,19.8
2025-07-29T02:45:15.627716,19,6336,2.4210526315789473,10,24.4
2025-07-29T02:45:16.127940,19,6355,2.9473684210526314,10,34.7
2025-07-29T02:45:16.628213,19,6374,5.2631578947368425,10,9.0
2025-07-29T02:45:17.128486,19,6393,4.7894736842105265,10,29.6
2025-07-29T02:45:17.628759,19,6412,3.6842105263157894,10,23.1
2025-07-29T02:45:18.129068,19,6431,4.7894736842105265,10,27.0
2025-07-29T02:45:18.629358,19,6450,4.7894736842105265,10,28.5
2025-07-29T02:45:19.129650,19,6469,2.8947368421052633,10,29.9
2025-07-29T02:45:19.629982,19,6488,5.2631578947368425,10,19.6
2025-07-29T02:45:20.130264,29,6517,5.0344827586206895,10,18.9
2025-07-29T02:45:20.630544,19,6536,5.2631578947368425,10,28.0
2025-07-29T02:45:21.130800,19,6555,4.368421052631579,10,23.1
2025-07-29T02:45:21.631166,19,6574,4.842105263157895,10,21.6
2025-07-29T02:45:22.131514,19,6593,2.3684210526315788,10,23.6
2025-07-29T02:45:22.631881,29,6622,3.6551724137931036,10,18.6
2025-07-29T02:45:23.132208,19,6641,3.210526315789474,10,21.3
2025-07-29T02:45:23.632505,28,6669,3.392857142857143,10,22.1
2025-07-29T02:45:24.132797,20,6689,3.8,10,26.0
2025-07-29T02:45:24.633087,28,6717,4.571428571428571,10,20.4
2025-07-29T02:45:25.133389,19,6736,3.1052631578947367,10,26.7
2025-07-29T02:45:25.633671,19,6755,3.6842105263157894,10,30.3
2025-07-29T02:45:26.134043,19,6774,5.2631578947368425,10,17.6
2025-07-29T02:45:26.634350,19,6793,4.368421052631579,10,30.1
2025-07-29T02:45:27.134626,19,6812,3.6842105263157894,10,29.5
2025-07-29T02:45:27.634916,20,6832,2.05,10,37.5
2025-07-29T02:45:28.135276,19,6851,3.3157894736842106,10,17.6
2025-07-29T02:45:28.635699,28,6879,4.607142857142857,10,16.7
2025-07-29T02:45:29.135956,19,6898,2.6842105263157894,10,20.0
2025-07-29T02:45:29.636281,19,6917,3.789473684210526,10,26.8
2025-07-29T02:45:30.136536,19,6936,5.2631578947368425,10,22.5
2025-07-29T02:45:30.636837,10,6946,2.8,10,14.0
2025-07-29T02:45:31.137090,27,6973,3.4444444444444446,10,29.7
2025-07-29T02:45:31.637376,18,6991,4.555555555555555,10,19.2
2025-07-29T02:45:32.137930,19,7010,4.7894736842105265,10,25.8
2025-07-29T02:45:32.638164,19,7029,4.7894736842105265,10,21.1
2025-07-29T02:45:33.138401,19,7048,4.473684210526316,10,17.3
2025-07-29T02:45:33.638698,19,7067,5.2631578947368425,10,21.8
2025-07-29T02:45:34.138985,19,7086,2.8947368421052633,10,22.6
2025-07-29T02:45:34.639284,19,7105,5.2631578947368425,10,22.0
2025-07-29T02:45:35.139620,19,7124,1.894736842105263,10,25.1
2025-07-29T02:45:35.639906,19,7143,4.7894736842105265,10,14.4
2025-07-29T02:45:36.140145,29,7172,4.068965517241379,10,14.6
2025-07-29T02:45:36.640404,19,7191,2.3684210526315788,10,20.9
2025-07-29T02:45:37.140678,19,7210,3.0,10,19.6
2025-07-29T02:45:37.640956,19,7229,5.2631578947368425,10,25.9
2025-07-29T02:45:38.141231,29,7258,3.5517241379310347,10,26.3
2025-07-29T02:45:38.641491,19,7277,4.368421052631579,10,18.3
2025-07-29T02:45:39.141774,19,7296,3.6842105263157894,10,19.9
2025-07-29T02:45:39.642147,19,7315,4.473684210526316,10,19.0
2025-07-29T02:45:40.142436,19,7334,4.526315789473684,10,18.7
2025-07-29T02:45:40.642735,19,7353,4.7894736842105265,10,18.0
2025-07-29T02:45:41.142995,19,7372,2.8947368421052633,10,25.4
2025-07-29T02:45:41.643396,19,7391,3.0526315789473686,10,25.1
2025-07-29T02:45:42.143614,29,7420,3.586206896551724,10,16.7
2025-07-29T02:45:42.643853,19,7439,5.2631578947368425,10,16.3
2025-07-29T02:45:43.144073,29,7468,4.724137931034483,10,27.5
2025-07-29T02:45:43.644284,29,7497,3.896551724137931,10,21.6
2025-07-29T02:45:44.144452,19,7516,3.3157894736842106,10,28.0
2025-07-29T02:45:44.644679,28,7544,4.392857142857143,10,17.4
2025-07-29T02:45:45.145029,28,7572,4.035714285714286,10,28.1
2025-07-29T02:45:45.645266,29,7601,2.5172413793103448,10,27.4
2025-07-29T02:45:46.145446,29,7630,3.2413793103448274,10,19.0
2025-07-29T02:45:46.645662,29,7659,2.0,10,17.1
2025-07-29T02:45:47.145877,29,7688,3.8275862068965516,10,21.4
2025-07-29T02:45:47.646103,19,7707,4.7894736842105265,10,19.1
2025-07-29T02:45:48.146322,29,7736,3.3448275862068964,10,25.1
2025-07-29T02:45:48.646551,19,7755,3.9473684210526314,10,22.5
2025-07-29T02:45:49.146872,28,7783,3.1785714285714284,10,19.4
2025-07-29T02:45:49.647135,19,7802,4.368421052631579,10,26.0
2025-07-29T02:45:50.147436,29,7831,3.3448275862068964,10,16.2
2025-07-29T02:45:50.647732,19,7850,2.8947368421052633,10,23.1
2025-07-29T02:45:51.148024,19,7869,3.5789473684210527,10,25.0
2025-07-29T02:45:51.648422,19,7888,3.0526315789473686,10,31.9
2025-07-29T02:45:52.148706,29,7917,3.4482758620689653,10,32.7
2025-07-29T02:45:52.648986,19,7936,4.0,10,16.4
2025-07-29T02:45:53.149378,29,7965,3.5172413793103448,10,26.8
2025-07-29T02:45:53.649608,19,7984,3.5789473684210527,10,23.6
2025-07-29T02:45:54.149942,28,8012,5.178571428571429,10,20.2
2025-07-29T02:45:54.650254,19,8031,5.2631578947368425,10,32.8
2025-07-29T02:45:55.150801,19,8050,5.2631578947368425,10,20.7
2025-07-29T02:45:55.651025,20,8070,3.45,10,12.6
2025-07-29T02:45:56.151336,28,8098,4.035714285714286,10,32.5
2025-07-29T02:45:56.651553,19,8117,2.789473684210526,10,32.5
2025-07-29T02:45:57.151809,29,8146,3.0689655172413794,10,47.2
2025-07-29T02:45:57.652083,19,8165,3.8947368421052633,10,23.8
2025-07-29T02:45:58.152390,29,8194,2.6551724137931036,10,29.6
2025-07-29T02:45:58.652674,28,8222,2.1785714285714284,10,25.1
2025-07-29T02:45:59.152991,18,8240,2.611111111111111,10,37.9
2025-07-29T02:45:59.653273,29,8269,2.9655172413793105,10,44.6
2025-07-29T02:46:00.153559,29,8298,4.724137931034483,10,16.8
2025-07-29T02:46:00.653863,19,8317,4.7894736842105265,10,20.4
2025-07-29T02:46:01.154138,28,8345,4.857142857142857,10,27.6
2025-07-29T02:46:01.726726,29,8374,1.391304347826087,10,24.8
2025-07-29T02:46:02.227142,29,8403,3.3142857142857145,10,23.6
2025-07-29T02:46:02.727434,19,8422,2.4210526315789473,10,34.4
2025-07-29T02:46:03.227757,20,8442,1.45,10,34.5
2025-07-29T02:46:03.728058,28,8470,2.8214285714285716,10,20.1
2025-07-29T02:46:04.229955,19,8489,4.368421052631579,10,35.5
2025-07-29T02:46:04.730346,29,8518,1.206896551724138,10,23.3
2025-07-29T02:46:05.230681,28,8546,4.107142857142857,10,15.4
2025-07-29T02:46:05.730958,29,8575,4.448275862068965,10,31.0
2025-07-29T02:46:06.231311,19,8594,3.473684210526316,10,20.1
2025-07-29T02:46:06.731726,29,8623,3.7586206896551726,10,21.4
2025-07-29T02:46:07.232009,9,8632,2.0,10,34.3
2025-07-29T02:46:07.733337,29,8661,4.0344827586206895,10,17.3
2025-07-29T02:46:08.233623,20,8681,2.2,10,38.1
2025-07-29T02:46:08.733856,19,8700,3.0,10,48.5
2025-07-29T02:46:09.234081,19,8719,5.2631578947368425,10,21.9
2025-07-29T02:46:09.734280,29,8748,5.344827586206897,10,23.2
2025-07-29T02:46:10.234455,19,8767,2.8947368421052633,10,24.4
2025-07-29T02:46:10.734674,19,8786,5.2631578947368425,10,26.1
2025-07-29T02:46:11.235004,28,8814,3.2142857142857144,10,26.6
2025-07-29T02:46:11.735228,19,8833,3.6842105263157894,10,18.3
2025-07-29T02:46:12.235456,19,8852,4.473684210526316,10,16.8
2025-07-29T02:46:12.735731,18,8870,2.5555555555555554,10,28.5
2025-07-29T02:46:13.236007,18,8888,3.3333333333333335,10,33.7
2025-07-29T02:46:13.736240,20,8908,3.4,10,35.4
2025-07-29T02:46:14.236476,19,8927,3.4210526315789473,10,21.0
2025-07-29T02:46:14.736707,28,8955,5.178571428571429,10,14.6
2025-07-29T02:46:15.237018,19,8974,4.7894736842105265,10,31.5
2025-07-29T02:46:15.737249,29,9003,3.310344827586207,10,28.8
2025-07-29T02:46:16.237457,19,9022,4.7894736842105265,10,22.6
2025-07-29T02:46:16.737672,29,9051,5.0344827586206895,10,17.7
2025-07-29T02:46:17.237910,19,9070,3.736842105263158,10,21.4
2025-07-29T02:46:17.738125,19,9089,5.2631578947368425,10,20.5
2025-07-29T02:46:18.238342,29,9118,3.9310344827586206,10,32.5
2025-07-29T02:46:18.738556,19,9137,4.0,10,16.8
2025-07-29T02:46:19.238778,28,9165,2.607142857142857,10,23.5
2025-07-29T02:46:19.738984,19,9184,2.5789473684210527,10,21.5
2025-07-29T02:46:20.239275,19,9203,5.2631578947368425,10,26.9
2025-07-29T02:46:20.739560,29,9232,2.4482758620689653,10,23.6
2025-07-29T02:46:21.239852,19,9251,1.9473684210526316,10,17.9
2025-07-29T02:46:21.740187,19,9270,4.368421052631579,10,48.8
2025-07-29T02:46:22.240563,19,9289,2.3157894736842106,10,32.0
2025-07-29T02:46:22.740867,29,9318,3.689655172413793,10,21.8
2025-07-29T02:46:23.241189,19,9337,5.2631578947368425,10,20.0
2025-07-29T02:46:23.741541,19,9356,4.7894736842105265,10,28.8
2025-07-29T02:46:24.241885,20,9376,1.95,10,25.5
2025-07-29T02:46:24.742179,19,9395,4.842105263157895,10,16.4
2025-07-29T02:46:25.242579,19,9414,2.1578947368421053,10,18.5
2025-07-29T02:46:25.742949,19,9433,1.8421052631578947,10,18.9
2025-07-29T02:46:26.243256,19,9452,3.210526315789474,10,18.7
2025-07-29T02:46:26.743516,19,9471,5.2631578947368425,10,19.6
2025-07-29T02:46:27.243810,28,9499,4.571428571428571,10,26.1
2025-07-29T02:46:27.744128,19,9518,5.2631578947368425,10,23.9
2025-07-29T02:46:28.244470,19,9537,5.2631578947368425,10,22.3
2025-07-29T02:46:28.744850,19,9556,2.0,10,31.2
2025-07-29T02:46:29.245118,19,9575,4.842105263157895,10,30.3
2025-07-29T02:46:29.745349,19,9594,3.6842105263157894,10,24.9
2025-07-29T02:46:30.245565,29,9623,2.8620689655172415,10,20.5
2025-07-29T02:46:30.745922,19,9642,2.8947368421052633,10,36.0
2025-07-29T02:46:31.246252,19,9661,4.0,10,26.0
2025-07-29T02:46:31.746638,20,9681,3.55,10,53.1
2025-07-29T02:46:32.247034,19,9700,3.8421052631578947,10,31.8
2025-07-29T02:46:32.747420,29,9729,2.5517241379310347,10,26.2
2025-07-29T02:46:33.247813,19,9748,2.9473684210526314,10,21.4
2025-07-29T02:46:33.748042,19,9767,2.3157894736842106,10,19.4
2025-07-29T02:46:34.248269,19,9786,2.6315789473684212,10,25.0
2025-07-29T02:46:34.748445,19,9805,3.473684210526316,10,32.6
2025-07-29T02:46:35.248670,19,9824,4.0,10,24.3
2025-07-29T02:46:35.748887,19,9843,2.789473684210526,10,26.6
2025-07-29T02:46:36.249146,19,9862,3.526315789473684,10,24.7
2025-07-29T02:46:36.749418,19,9881,2.263157894736842,10,17.7
2025-07-29T02:46:37.249720,19,9900,1.7894736842105263,10,29.6
2025-07-29T02:46:37.749972,19,9919,2.8421052631578947,10,37.3
2025-07-29T02:46:38.250205,20,9939,2.9,10,44.7
2025-07-29T02:46:38.750551,9,9948,2.2222222222222223,10,31.5
2025-07-29T02:46:39.250765,19,9967,3.0,10,26.5
2025-07-29T02:46:39.751039,19,9986,2.5789473684210527,10,20.6
2025-07-29T02:46:40.251328,19,10005,4.0,10,23.9
2025-07-29T02:46:40.751913,19,10024,2.263157894736842,10,24.5
2025-07-29T02:46:41.252221,19,10043,5.2631578947368425,10,28.0
2025-07-29T02:46:41.753536,19,10062,5.2631578947368425,10,19.9
2025-07-29T02:46:42.253933,19,10081,4.7894736842105265,10,40.1
2025-07-29T02:46:42.754228,10,10091,5.5,10,27.7
2025-07-29T02:46:43.254520,19,10110,2.526315789473684,10,21.8
2025-07-29T02:46:43.754860,19,10129,2.526315789473684,10,4.6
2025-07-29T02:46:44.258454,19,10148,1.5,10,18.5
2025-07-29T02:46:44.758889,10,10158,3.4,10,33.1
2025-07-29T02:46:45.259191,19,10177,2.263157894736842,10,23.1
2025-07-29T02:46:45.759541,19,10196,2.6842105263157894,10,23.0
2025-07-29T02:46:46.259835,19,10215,2.473684210526316,10,20.8
2025-07-29T02:46:46.760105,19,10234,3.736842105263158,10,17.5
2025-07-29T02:46:47.260453,19,10253,3.3157894736842106,10,22.4
2025-07-29T02:46:47.760741,9,10262,2.7777777777777777,10,28.0
2025-07-29T02:46:48.261028,19,10281,4.7894736842105265,10,11.8
2025-07-29T02:46:48.761387,19,10300,4.368421052631579,10,12.7
2025-07-29T02:46:49.261730,19,10319,4.2105263157894735,10,24.4
2025-07-29T02:46:49.762232,19,10338,2.6315789473684212,10,18.5
2025-07-29T02:46:50.262546,10,10348,1.1,10,57.9
2025-07-29T02:46:50.767555,19,10367,5.2631578947368425,10,19.3
2025-07-29T02:46:51.267830,20,10387,3.9,10,37.8
2025-07-29T02:46:51.768047,19,10406,5.2631578947368425,10,21.6
2025-07-29T02:46:52.268262,9,10415,5.0,10,28.4
2025-07-29T02:46:52.768454,19,10434,4.473684210526316,10,25.7
2025-07-29T02:46:53.268726,19,10453,3.473684210526316,10,10.1
2025-07-29T02:46:53.769024,10,10463,4.6,10,21.3
2025-07-29T02:46:54.269351,19,10482,4.7894736842105265,10,24.7
2025-07-29T02:46:54.769586,19,10501,4.368421052631579,10,22.1
2025-07-29T02:46:55.269815,19,10520,3.3157894736842106,10,23.6
2025-07-29T02:46:55.770085,19,10539,3.4210526315789473,10,22.7
2025-07-29T02:46:56.270367,19,10558,2.0,10,19.8
2025-07-29T02:46:56.770605,19,10577,4.842105263157895,10,18.0
2025-07-29T02:46:57.270834,9,10586,5.0,10,26.3
2025-07-29T02:46:57.771071,19,10605,5.2631578947368425,10,21.8
2025-07-29T02:46:58.271293,19,10624,3.0526315789473686,10,28.8
2025-07-29T02:46:58.771524,19,10643,3.473684210526316,10,19.7
2025-07-29T02:46:59.273383,19,10662,2.210526315789474,10,24.8
2025-07-29T02:46:59.773762,19,10681,2.8421052631578947,10,18.2
2025-07-29T02:47:00.274099,10,10691,5.5,10,27.9
2025-07-29T02:47:00.774393,19,10710,3.9473684210526314,10,20.0
2025-07-29T02:47:01.274778,19,10729,5.2631578947368425,10,21.4
2025-07-29T02:47:01.775067,19,10748,4.2105263157894735,10,28.3
2025-07-29T02:47:02.275360,19,10767,4.368421052631579,10,23.6
2025-07-29T02:47:02.775686,9,10776,4.111111111111111,10,24.7
2025-07-29T02:47:03.276050,19,10795,4.7894736842105265,10,22.5
2025-07-29T02:47:03.776349,19,10814,2.3157894736842106,10,20.6
2025-07-29T02:47:04.276611,19,10833,4.368421052631579,10,24.2
2025-07-29T02:47:04.776872,19,10852,3.736842105263158,10,24.3
2025-07-29T02:47:05.277148,19,10871,3.736842105263158,10,23.8
2025-07-29T02:47:05.777465,19,10890,3.9473684210526314,10,19.6
2025-07-29T02:47:06.277690,19,10909,3.9473684210526314,10,25.2
2025-07-29T02:47:06.777958,19,10928,4.473684210526316,10,9.7
2025-07-29T02:47:07.278321,19,10947,2.8947368421052633,10,26.4
2025-07-29T02:47:07.778673,20,10967,2.35,10,20.7
2025-07-29T02:47:08.278976,19,10986,4.315789473684211,10,22.1
2025-07-29T02:47:08.779284,19,11005,4.7894736842105265,10,22.5
2025-07-29T02:47:09.279594,19,11024,2.526315789473684,10,26.7
2025-07-29T02:47:09.779885,19,11043,2.6842105263157894,10,26.6
2025-07-29T02:47:10.280187,19,11062,3.3157894736842106,10,22.6
2025-07-29T02:47:10.780532,9,11071,5.0,10,21.1
2025-07-29T02:47:11.280888,19,11090,2.736842105263158,10,18.7
2025-07-29T02:47:11.781181,19,11109,3.5789473684210527,10,19.8
2025-07-29T02:47:12.281555,20,11129,3.35,10,19.1
2025-07-29T02:47:12.781929,19,11148,4.368421052631579,10,22.2
2025-07-29T02:47:13.282216,19,11167,5.2631578947368425,10,20.4
2025-07-29T02:47:13.782580,9,11176,5.0,10,24.0
2025-07-29T02:47:14.282868,19,11195,4.842105263157895,10,18.6
2025-07-29T02:47:14.783152,29,11224,3.8620689655172415,10,22.6
2025-07-29T02:47:15.283494,9,11233,3.3333333333333335,10,32.8
2025-07-29T02:47:15.783780,19,11252,4.368421052631579,10,14.1
2025-07-29T02:47:16.287502,29,11281,3.9545454545454546,10,21.1
2025-07-29T02:47:16.787825,19,11300,3.0,10,21.9
2025-07-29T02:47:17.342278,19,11319,4.6,10,20.5
2025-07-29T02:47:17.842589,12,11331,2.4285714285714284,10,20.1
2025-07-29T02:47:18.342909,19,11350,2.8421052631578947,10,22.7
2025-07-29T02:47:18.843250,19,11369,2.6842105263157894,10,23.1
2025-07-29T02:47:19.343599,19,11388,2.5789473684210527,10,19.2
2025-07-29T02:47:19.843924,19,11407,1.263157894736842,10,20.2
2025-07-29T02:47:20.344285,19,11426,3.3157894736842106,10,21.1
2025-07-29T02:47:20.844624,19,11445,2.6842105263157894,10,25.1
2025-07-29T02:47:21.344968,9,11454,1.8888888888888888,10,24.2
2025-07-29T02:47:21.845273,19,11473,2.8947368421052633,10,22.9
2025-07-29T02:47:22.345589,19,11492,2.4210526315789473,10,21.0
2025-07-29T02:47:22.845897,19,11511,2.6842105263157894,10,18.3
2025-07-29T02:47:23.346323,19,11530,2.526315789473684,10,15.9
2025-07-29T02:47:23.846731,19,11549,2.0526315789473686,10,30.7
2025-07-29T02:47:24.347255,10,11559,4.6,10,23.5
2025-07-29T02:47:24.847615,19,11578,2.263157894736842,10,24.2
2025-07-29T02:47:25.347974,9,11587,4.111111111111111,10,25.3
2025-07-29T02:47:25.848266,19,11606,2.8947368421052633,10,22.0
2025-07-29T02:47:26.348469,19,11625,3.9473684210526314,10,21.5
2025-07-29T02:47:26.848690,19,11644,2.210526315789474,10,12.5
2025-07-29T02:47:27.348920,19,11663,3.3157894736842106,10,14.9
2025-07-29T02:47:27.849128,19,11682,2.4210526315789473,10,21.8
2025-07-29T02:47:28.349353,10,11692,2.6,10,22.1
2025-07-29T02:47:28.849566,19,11711,2.6842105263157894,10,24.0
2025-07-29T02:47:29.349766,19,11730,3.263157894736842,10,27.7
2025-07-29T02:47:29.850012,9,11739,1.5555555555555556,10,35.3
2025-07-29T02:47:30.350302,18,11757,1.6666666666666667,10,24.3
2025-07-29T02:47:30.850717,19,11776,3.3684210526315788,10,28.5
2025-07-29T02:47:31.351049,10,11786,2.6,10,23.4
2025-07-29T02:47:31.851328,19,11805,3.5789473684210527,10,30.9
2025-07-29T02:47:32.351630,19,11824,1.5263157894736843,10,28.0
2025-07-29T02:47:32.852524,9,11833,2.2222222222222223,10,33.7
2025-07-29T02:47:33.352825,19,11852,1.8421052631578947,10,25.0
2025-07-29T02:47:33.853110,19,11871,2.1052631578947367,10,12.0
2025-07-29T02:47:34.353473,10,11881,3.8,10,31.3
2025-07-29T02:47:34.853752,19,11900,2.210526315789474,10,20.9
2025-07-29T02:47:35.354414,19,11919,1.5263157894736843,10,23.1
2025-07-29T02:47:35.854655,9,11928,1.8888888888888888,10,23.6
2025-07-29T02:47:36.354935,19,11947,3.6315789473684212,10,18.8
2025-07-29T02:47:36.855263,19,11966,2.473684210526316,10,13.9
2025-07-29T02:47:37.355702,19,11985,3.526315789473684,10,16.8
2025-07-29T02:47:37.855986,10,11995,1.1,10,26.4
2025-07-29T02:47:38.356299,19,12014,1.368421052631579,10,28.0
2025-07-29T02:47:38.856695,19,12033,3.9473684210526314,10,30.1
2025-07-29T02:47:39.356992,9,12042,2.3333333333333335,10,18.6
2025-07-29T02:47:39.857277,19,12061,1.7894736842105263,10,15.8
2025-07-29T02:47:40.357580,10,12071,4.6,10,21.5
2025-07-29T02:47:40.857920,19,12090,4.368421052631579,10,29.3
2025-07-29T02:47:41.358217,19,12109,5.2631578947368425,10,29.2
2025-07-29T02:47:41.858506,19,12128,5.2631578947368425,10,21.0
2025-07-29T02:47:42.358867,19,12147,3.473684210526316,10,31.0
2025-07-29T02:47:42.859175,19,12166,4.0,10,19.2
2025-07-29T02:47:43.359484,19,12185,2.526315789473684,10,21.3
2025-07-29T02:47:43.859814,19,12204,3.736842105263158,10,15.4
2025-07-29T02:47:44.360163,19,12223,3.3684210526315788,10,25.3
2025-07-29T02:47:44.860468,19,12242,3.789473684210526,10,42.8
2025-07-29T02:47:45.360745,19,12261,3.789473684210526,10,18.8
2025-07-29T02:47:45.860999,19,12280,5.2631578947368425,10,18.3
2025-07-29T02:47:46.361244,19,12299,4.7894736842105265,10,13.8
2025-07-29T02:47:46.861504,19,12318,5.2631578947368425,10,18.0
2025-07-29T02:47:47.361774,19,12337,4.0,10,14.3
2025-07-29T02:47:47.862085,19,12356,4.368421052631579,10,21.2
2025-07-29T02:47:48.362509,10,12366,4.6,10,21.7
2025-07-29T02:47:48.862914,19,12385,3.736842105263158,10,26.2
2025-07-29T02:47:49.363449,19,12404,3.736842105263158,10,52.5
2025-07-29T02:47:49.863713,19,12423,5.2631578947368425,10,6.1
2025-07-29T02:47:50.364090,10,12433,1.0,10,46.3
2025-07-29T02:47:50.864473,19,12452,5.2631578947368425,10,24.0
2025-07-29T02:47:51.364856,19,12471,5.2631578947368425,10,35.5
2025-07-29T02:47:51.865233,19,12490,5.2631578947368425,10,26.0
2025-07-29T02:47:52.365651,19,12509,3.0526315789473686,10,20.4
2025-07-29T02:47:52.866008,19,12528,3.789473684210526,10,20.0
2025-07-29T02:47:53.366501,9,12537,4.111111111111111,10,20.8
2025-07-29T02:47:53.866719,19,12556,3.3157894736842106,10,23.5
2025-07-29T02:47:54.367085,19,12575,1.631578947368421,10,20.6
2025-07-29T02:47:54.867433,19,12594,4.7894736842105265,10,20.2
2025-07-29T02:47:55.367755,10,12604,4.6,10,24.6
2025-07-29T02:47:55.868110,19,12623,3.736842105263158,10,23.5
2025-07-29T02:47:56.368498,19,12642,2.6842105263157894,10,25.7
2025-07-29T02:47:56.868848,19,12661,4.7894736842105265,10,28.2
2025-07-29T02:47:57.369191,19,12680,5.2631578947368425,10,26.7
2025-07-29T02:47:57.869591,19,12699,5.2631578947368425,10,19.2
2025-07-29T02:47:58.369886,9,12708,5.0,10,19.0
2025-07-29T02:47:58.870219,19,12727,5.2631578947368425,10,15.8
2025-07-29T02:47:59.370468,19,12746,3.473684210526316,10,16.2
2025-07-29T02:47:59.918272,19,12765,1.6470588235294117,10,21.1
2025-07-29T02:48:00.418475,20,12785,3.4545454545454546,10,25.4
2025-07-29T02:48:00.918675,19,12804,5.2631578947368425,10,30.5
2025-07-29T02:48:01.418890,19,12823,4.842105263157895,10,21.0
2025-07-29T02:48:01.919098,19,12842,4.368421052631579,10,19.8
2025-07-29T02:48:02.419348,9,12851,2.7777777777777777,10,27.6
2025-07-29T02:48:02.919552,29,12880,3.5172413793103448,10,19.9
2025-07-29T02:48:03.419849,19,12899,4.473684210526316,10,20.5
2025-07-29T02:48:03.920076,9,12908,4.111111111111111,10,30.1
2025-07-29T02:48:04.420294,19,12927,5.2631578947368425,10,21.1
2025-07-29T02:48:04.921479,29,12956,5.05,10,20.5
2025-07-29T02:48:05.421679,19,12975,4.607142857142857,10,25.4
2025-07-29T02:48:05.921901,19,12994,4.0,10,17.6
2025-07-29T02:48:06.422124,19,13013,5.2631578947368425,10,18.0
2025-07-29T02:48:06.922392,19,13032,5.2631578947368425,10,20.6
2025-07-29T02:48:07.422605,19,13051,5.2631578947368425,10,21.0
2025-07-29T02:48:07.922790,19,13070,5.2631578947368425,10,16.0
2025-07-29T02:48:08.423043,19,13089,5.2631578947368425,10,23.5
2025-07-29T02:48:08.923231,19,13108,5.2631578947368425,10,21.4
2025-07-29T02:48:09.423449,9,13117,5.0,10,19.9
2025-07-29T02:48:09.923719,19,13136,4.2105263157894735,10,22.2
2025-07-29T02:48:10.424040,19,13155,4.2105263157894735,10,17.5
2025-07-29T02:48:10.924321,19,13174,5.2631578947368425,10,21.1
2025-07-29T02:48:11.424563,19,13193,3.736842105263158,10,22.8
2025-07-29T02:48:11.924911,19,13212,3.3157894736842106,10,15.2
2025-07-29T02:48:12.425192,19,13231,3.0526315789473686,10,27.2
2025-07-29T02:48:12.925544,19,13250,3.0526315789473686,10,22.1
2025-07-29T02:48:13.425865,19,13269,2.6315789473684212,10,21.8
2025-07-29T02:48:13.926228,19,13288,2.8947368421052633,10,18.1
2025-07-29T02:48:14.426495,19,13307,2.8947368421052633,10,36.5
2025-07-29T02:48:14.928348,19,13326,2.9473684210526314,10,22.5
2025-07-29T02:48:15.428577,19,13345,3.9473684210526314,10,29.3
2025-07-29T02:48:15.928800,19,13364,3.0526315789473686,10,25.5
2025-07-29T02:48:16.429027,19,13383,2.1052631578947367,10,25.5
2025-07-29T02:48:16.929244,19,13402,3.3157894736842106,10,23.9
2025-07-29T02:48:17.429463,10,13412,4.6,10,21.3
2025-07-29T02:48:17.929682,19,13431,4.7894736842105265,10,25.1
2025-07-29T02:48:18.429908,19,13450,5.2631578947368425,10,25.3
2025-07-29T02:48:18.930142,19,13469,2.8421052631578947,10,28.8
2025-07-29T02:48:19.430378,19,13488,2.6315789473684212,10,23.0
2025-07-29T02:48:19.930612,19,13507,3.9473684210526314,10,20.3
2025-07-29T02:48:20.430839,19,13526,4.7894736842105265,10,22.6
2025-07-29T02:48:20.931069,19,13545,1.3157894736842106,10,28.6
2025-07-29T02:48:21.431284,29,13574,2.310344827586207,10,31.3
2025-07-29T02:48:21.932200,9,13583,2.6666666666666665,10,20.1
2025-07-29T02:48:22.432504,19,13602,2.4210526315789473,10,34.2
2025-07-29T02:48:22.932746,19,13621,3.6315789473684212,10,21.9
2025-07-29T02:48:23.432975,19,13640,4.368421052631579,10,18.7
2025-07-29T02:48:23.933191,19,13659,3.736842105263158,10,29.2
2025-07-29T02:48:24.433477,19,13678,3.1052631578947367,10,15.7
2025-07-29T02:48:24.933789,19,13697,2.263157894736842,10,22.0
2025-07-29T02:48:25.434081,19,13716,4.842105263157895,10,27.4
2025-07-29T02:48:25.934370,19,13735,2.6842105263157894,10,29.3
2025-07-29T02:48:26.434747,20,13755,1.2,10,24.9
2025-07-29T02:48:26.935097,8,13763,4.5,10,35.3
2025-07-29T02:48:27.435384,19,13782,4.0,10,22.4
2025-07-29T02:48:27.935898,19,13801,2.473684210526316,10,24.1
2025-07-29T02:48:28.436733,19,13820,4.052631578947368,10,27.1
2025-07-29T02:48:28.936958,19,13839,3.0526315789473686,10,25.7
2025-07-29T02:48:29.437172,19,13858,5.2631578947368425,10,23.0
2025-07-29T02:48:29.937376,19,13877,4.7894736842105265,10,23.0
2025-07-29T02:48:30.437651,19,13896,5.2631578947368425,10,23.6
2025-07-29T02:48:30.937935,29,13925,5.344827586206897,10,16.3
2025-07-29T02:48:31.438161,19,13944,5.2631578947368425,10,20.8
2025-07-29T02:48:31.938372,19,13963,5.2631578947368425,10,27.2
2025-07-29T02:48:32.438594,19,13982,4.0,10,16.4
2025-07-29T02:48:32.938918,28,14010,5.178571428571429,10,23.9
2025-07-29T02:48:33.439135,20,14030,3.25,10,37.4
2025-07-29T02:48:33.939347,28,14058,4.357142857142857,10,33.3
2025-07-29T02:48:34.439997,28,14086,5.178571428571429,10,14.3
2025-07-29T02:48:34.940279,19,14105,5.2631578947368425,10,17.3
2025-07-29T02:48:35.440450,19,14124,5.2631578947368425,10,27.4
2025-07-29T02:48:35.940666,19,14143,5.2631578947368425,10,21.5
2025-07-29T02:48:36.440922,29,14172,2.689655172413793,10,13.2
2025-07-29T02:48:36.941175,19,14191,1.4736842105263157,10,15.8
2025-07-29T02:48:37.441417,19,14210,5.2631578947368425,10,34.4
2025-07-29T02:48:37.941666,29,14239,3.586206896551724,10,30.6
2025-07-29T02:48:38.441897,18,14257,1.2777777777777777,10,16.9
2025-07-29T02:48:38.942240,29,14286,4.206896551724138,10,29.9
2025-07-29T02:48:39.442630,29,14315,3.0344827586206895,10,22.3
2025-07-29T02:48:39.942876,38,14353,3.8421052631578947,10,19.6
2025-07-29T02:48:40.443142,38,14391,3.263157894736842,10,22.6
2025-07-29T02:48:40.943354,29,14420,2.413793103448276,10,27.8
2025-07-29T02:48:41.443563,38,14458,4.2631578947368425,10,17.0
2025-07-29T02:48:41.943836,29,14487,4.758620689655173,10,33.3
2025-07-29T02:48:42.444208,29,14516,3.0689655172413794,10,28.0
2025-07-29T02:48:42.944500,28,14544,2.5714285714285716,10,35.3
2025-07-29T02:48:43.444740,27,14571,4.148148148148148,10,23.1
2025-07-29T02:48:43.945211,38,14609,2.6052631578947367,10,18.8
2025-07-29T02:48:44.445472,19,14628,3.0526315789473686,10,16.8
2025-07-29T02:48:44.945682,29,14657,3.8275862068965516,10,31.8
2025-07-29T02:48:45.445996,29,14686,2.9655172413793105,10,27.7
2025-07-29T02:48:45.950026,39,14725,4.410256410256411,10,26.2
2025-07-29T02:48:46.450239,28,14753,4.428571428571429,10,25.9
2025-07-29T02:48:46.950537,29,14782,2.793103448275862,10,27.0
2025-07-29T02:48:47.450835,28,14810,3.357142857142857,10,22.6
2025-07-29T02:48:47.951046,38,14848,3.8421052631578947,10,18.9
2025-07-29T02:48:48.451266,29,14877,3.103448275862069,10,23.1
2025-07-29T02:48:48.951469,28,14905,2.7142857142857144,10,26.1
2025-07-29T02:48:49.451687,38,14943,3.473684210526316,10,16.8
2025-07-29T02:48:49.951898,29,14972,2.1379310344827585,10,18.7
2025-07-29T02:48:50.452117,29,15001,5.344827586206897,10,22.2
2025-07-29T02:48:50.952337,28,15029,2.642857142857143,10,19.4
2025-07-29T02:48:51.452645,29,15058,2.1379310344827585,10,22.2
2025-07-29T02:48:51.952913,29,15087,2.2758620689655173,10,25.9
2025-07-29T02:48:52.453163,38,15125,2.736842105263158,10,28.8
2025-07-29T02:48:52.953398,29,15154,4.103448275862069,10,29.4
2025-07-29T02:48:53.453640,28,15182,4.321428571428571,10,25.5
2025-07-29T02:48:53.953889,38,15220,2.1578947368421053,10,15.4
2025-07-29T02:48:54.454101,29,15249,3.3448275862068964,10,37.2
2025-07-29T02:48:54.954358,38,15287,3.3421052631578947,10,22.4
2025-07-29T02:48:55.454572,38,15325,2.5789473684210527,10,25.6
2025-07-29T02:48:55.954773,28,15353,3.142857142857143,10,24.8
2025-07-29T02:48:56.455045,38,15391,2.5526315789473686,10,15.4
2025-07-29T02:48:56.955274,29,15420,2.8275862068965516,10,22.0
2025-07-29T02:48:57.455457,19,15439,3.473684210526316,10,21.6
2025-07-29T02:48:57.955671,28,15467,2.857142857142857,10,28.5
2025-07-29T02:48:58.455942,19,15486,1.9473684210526316,10,20.9
2025-07-29T02:48:58.956338,19,15505,2.8421052631578947,10,24.8
2025-07-29T02:48:59.456716,19,15524,3.473684210526316,10,14.9
2025-07-29T02:48:59.956939,19,15543,2.526315789473684,10,21.4
2025-07-29T02:49:00.457149,19,15562,1.368421052631579,10,27.7
2025-07-29T02:49:00.957376,29,15591,2.586206896551724,10,26.5
2025-07-29T02:49:01.457587,19,15610,3.6315789473684212,10,15.0
2025-07-29T02:49:01.957798,19,15629,4.7894736842105265,10,29.5
2025-07-29T02:49:02.458015,29,15658,3.586206896551724,10,20.5
2025-07-29T02:49:02.958216,29,15687,3.896551724137931,10,30.6
2025-07-29T02:49:03.458419,29,15716,4.0344827586206895,10,19.2
2025-07-29T02:49:03.958634,19,15735,4.368421052631579,10,26.7
2025-07-29T02:49:04.458883,28,15763,3.5357142857142856,10,26.4
2025-07-29T02:49:04.959109,20,15783,3.3,10,57.8
2025-07-29T02:49:05.459338,29,15812,3.6206896551724137,10,34.2
2025-07-29T02:49:05.959573,28,15840,3.8214285714285716,10,23.2
2025-07-29T02:49:06.459914,29,15869,4.793103448275862,10,31.7
2025-07-29T02:49:06.960274,28,15897,5.178571428571429,10,19.0
2025-07-29T02:49:07.460603,19,15916,1.7894736842105263,10,35.4
2025-07-29T02:49:07.960928,29,15945,2.5517241379310347,10,18.5
2025-07-29T02:49:08.461166,28,15973,3.9285714285714284,10,25.8
2025-07-29T02:49:08.961400,29,16002,2.9655172413793105,10,15.8
2025-07-29T02:49:09.461618,38,16040,4.815789473684211,10,24.7
2025-07-29T02:49:09.961861,28,16068,3.857142857142857,10,27.9
2025-07-29T02:49:10.462110,38,16106,3.3684210526315788,10,27.2
2025-07-29T02:49:10.962353,29,16135,2.103448275862069,10,34.7
2025-07-29T02:49:11.462593,29,16164,1.9310344827586208,10,47.2
2025-07-29T02:49:11.962820,28,16192,4.285714285714286,10,33.7
2025-07-29T02:49:12.463039,39,16231,3.717948717948718,10,29.2
2025-07-29T02:49:12.964094,29,16260,2.1724137931034484,10,39.1
2025-07-29T02:49:13.464360,29,16289,3.6206896551724137,10,38.9
2025-07-29T02:49:13.964592,19,16308,2.9473684210526314,10,18.0
2025-07-29T02:49:14.464842,29,16337,3.1379310344827585,10,24.1
2025-07-29T02:49:14.965129,38,16375,2.763157894736842,10,30.0
2025-07-29T02:49:15.465351,19,16394,4.368421052631579,10,27.2
2025-07-29T02:49:15.965614,29,16423,2.689655172413793,10,41.7
2025-07-29T02:49:16.465872,38,16461,2.4210526315789473,10,22.4
2025-07-29T02:49:16.966076,29,16490,2.793103448275862,10,42.2
2025-07-29T02:49:17.466325,38,16528,3.4210526315789473,10,21.3
2025-07-29T02:49:17.966603,29,16557,3.9310344827586206,10,28.7
2025-07-29T02:49:18.466866,28,16585,2.5357142857142856,10,50.0
2025-07-29T02:49:18.967164,29,16614,5.0344827586206895,10,24.9
2025-07-29T02:49:19.467403,38,16652,3.5,10,31.9
2025-07-29T02:49:19.967700,38,16690,2.6315789473684212,10,32.9
2025-07-29T02:49:20.468073,29,16719,1.7241379310344827,10,19.4
2025-07-29T02:49:20.968393,38,16757,4.157894736842105,10,35.2
2025-07-29T02:49:21.468623,38,16795,2.0789473684210527,10,21.7
2025-07-29T02:49:21.968837,29,16824,2.586206896551724,10,26.0
2025-07-29T02:49:22.469058,28,16852,3.392857142857143,10,20.3
2025-07-29T02:49:22.969273,29,16881,3.689655172413793,10,32.4
2025-07-29T02:49:23.469554,29,16910,3.9655172413793105,10,36.7
2025-07-29T02:49:23.969823,29,16939,3.103448275862069,10,14.3
2025-07-29T02:49:24.470111,29,16968,2.0,10,28.2
2025-07-29T02:49:24.970435,19,16987,2.210526315789474,10,22.1
2025-07-29T02:49:25.470679,29,17016,2.310344827586207,10,24.9
2025-07-29T02:49:25.971042,29,17045,4.0344827586206895,10,22.4
2025-07-29T02:49:26.471415,19,17064,3.6842105263157894,10,27.7
2025-07-29T02:49:26.971708,19,17083,2.5789473684210527,10,31.1
2025-07-29T02:49:27.471994,29,17112,3.8620689655172415,10,41.0
2025-07-29T02:49:27.972259,19,17131,2.0,10,16.9
2025-07-29T02:49:28.472591,19,17150,5.2631578947368425,10,20.1
2025-07-29T02:49:28.972868,29,17179,2.7586206896551726,10,19.6
2025-07-29T02:49:29.473168,19,17198,3.736842105263158,10,29.6
2025-07-29T02:49:29.973467,28,17226,1.8214285714285714,10,22.6
2025-07-29T02:49:30.473728,29,17255,1.5862068965517242,10,38.2
2025-07-29T02:49:30.973973,38,17293,2.5789473684210527,10,16.2
2025-07-29T02:49:31.474189,19,17312,1.9473684210526316,10,35.7
2025-07-29T02:49:31.974481,39,17351,2.8974358974358974,10,19.7
2025-07-29T02:49:32.474719,38,17389,2.789473684210526,10,28.0
2025-07-29T02:49:32.974968,29,17418,3.3793103448275863,10,32.7
2025-07-29T02:49:33.475194,38,17456,3.1842105263157894,10,31.1
2025-07-29T02:49:33.975436,29,17485,2.206896551724138,10,17.7
2025-07-29T02:49:34.475654,38,17523,2.3684210526315788,10,26.3
2025-07-29T02:49:34.975949,29,17552,2.4827586206896552,10,27.0
2025-07-29T02:49:35.476329,28,17580,1.6785714285714286,10,23.3
2025-07-29T02:49:35.976539,29,17609,2.9655172413793105,10,37.7
2025-07-29T02:49:36.476789,29,17638,1.206896551724138,10,25.2
2025-07-29T02:49:36.977039,38,17676,2.8947368421052633,10,32.8
2025-07-29T02:49:37.477304,29,17705,2.3448275862068964,10,27.7
2025-07-29T02:49:37.977587,19,17724,1.894736842105263,10,26.5
2025-07-29T02:49:38.477829,28,17752,4.571428571428571,10,27.0
2025-07-29T02:49:38.978074,29,17781,3.310344827586207,10,26.2
2025-07-29T02:49:39.478333,19,17800,2.1578947368421053,10,20.9
2025-07-29T02:49:39.978559,19,17819,4.368421052631579,10,18.6
2025-07-29T02:49:40.478795,19,17838,3.5789473684210527,10,36.5
2025-07-29T02:49:40.979012,19,17857,1.736842105263158,10,19.7
2025-07-29T02:49:41.479266,0,17857,1.0,10,18.0
2025-07-29T02:49:41.979705,0,17857,1.0,10,2.5
2025-07-29T02:49:42.480410,0,17857,1.0,10,0.8
2025-07-29T02:49:42.980977,0,17857,1.0,10,1.9
2025-07-29T02:49:43.481416,0,17857,1.0,10,2.5
2025-07-29T02:49:43.982020,0,17857,1.0,10,1.4
2025-07-29T02:49:44.482637,0,17857,1.0,10,2.1
2025-07-29T02:49:44.982923,0,17857,1.0,10,3.0
2025-07-29T02:49:45.483459,0,17857,1.0,10,3.9
2025-07-29T02:49:45.984012,0,17857,1.0,10,2.9
2025-07-29T02:49:46.484415,0,17857,1.0,10,2.2
2025-07-29T02:49:46.984927,0,17857,1.0,10,1.2
2025-07-29T02:49:47.485601,0,17857,1.0,10,0.6
2025-07-29T02:49:47.986211,0,17857,1.0,10,2.1
2025-07-29T02:49:48.486802,0,17857,1.0,10,2.9
2025-07-29T02:49:48.987457,0,17857,1.0,10,8.3
2025-07-29T02:49:49.488165,0,17857,1.0,10,8.5
2025-07-29T02:49:49.988776,0,17857,1.0,10,2.8
2025-07-29T02:49:50.489385,0,17857,1.0,10,1.2
2025-07-29T02:49:50.989951,0,17857,1.0,10,1.2
2025-07-29T02:49:51.490258,0,17857,1.0,10,1.1
2025-07-29T02:49:51.990833,0,17857,1.0,10,1.3
2025-07-29T02:49:52.491249,0,17857,1.0,10,1.1
2025-07-29T02:49:52.991792,0,17857,1.0,10,1.2
2025-07-29T02:49:53.492608,0,17857,1.0,10,1.0
2025-07-29T02:49:53.993256,0,17857,1.0,10,0.8
2025-07-29T02:49:54.493905,0,17857,1.0,10,0.8
2025-07-29T02:49:54.994613,0,17857,1.0,10,1.7
2025-07-29T02:49:55.495248,0,17857,1.0,10,2.3
2025-07-29T02:49:55.995908,0,17857,1.0,10,1.2
2025-07-29T02:49:56.496576,0,17857,1.0,10,1.1
2025-07-29T02:49:56.997069,0,17857,1.0,10,1.4
2025-07-29T02:49:57.497696,0,17857,1.0,10,1.3
2025-07-29T02:49:57.998345,0,17857,1.0,10,1.2
2025-07-29T02:49:58.498993,0,17857,1.0,10,0.4
2025-07-29T02:49:58.999310,0,17857,1.0,10,2.0
2025-07-29T02:49:59.499745,0,17857,1.0,10,1.1
2025-07-29T02:50:00.000433,0,17857,1.0,10,0.9
2025-07-29T02:50:00.501044,0,17857,1.0,10,1.3
2025-07-29T02:50:01.001591,0,17857,1.0,10,1.0
2025-07-29T02:50:01.502116,0,17857,1.0,10,0.6
2025-07-29T02:50:02.002667,0,17857,1.0,10,1.9
2025-07-29T02:50:02.503356,0,17857,1.0,10,1.4
2025-07-29T02:50:03.003900,0,17857,1.0,10,1.1
2025-07-29T02:50:03.504507,0,17857,1.0,10,0.9
2025-07-29T02:50:04.005037,0,17857,1.0,10,1.0
2025-07-29T02:50:04.505747,0,17857,1.0,10,0.8
2025-07-29T02:50:05.006299,0,17857,1.0,10,0.6
2025-07-29T02:50:05.506903,0,17857,1.0,10,0.8
2025-07-29T02:50:06.007483,0,17857,1.0,10,0.6
2025-07-29T02:50:06.508086,0,17857,1.0,10,3.6
2025-07-29T02:50:07.008644,0,17857,1.0,10,1.2
2025-07-29T02:50:07.509223,0,17857,1.0,10,0.5
2025-07-29T02:50:08.009611,0,17857,1.0,10,1.3
2025-07-29T02:50:08.510169,0,17857,1.0,10,0.8
2025-07-29T02:50:09.010807,0,17857,1.0,10,0.4
2025-07-29T02:50:09.511386,0,17857,1.0,10,1.5
2025-07-29T02:50:10.011975,0,17857,1.0,10,1.9
2025-07-29T02:50:10.512642,0,17857,1.0,10,0.3
2025-07-29T02:50:11.013180,0,17857,1.0,10,0.6
2025-07-29T02:50:11.513755,0,17857,1.0,10,0.3
2025-07-29T02:50:12.014395,0,17857,1.0,10,0.3
2025-07-29T02:50:12.514988,0,17857,1.0,10,0.9
2025-07-29T02:50:13.015646,0,17857,1.0,10,0.6
2025-07-29T02:50:13.516255,0,17857,1.0,10,0.3
2025-07-29T02:50:14.016762,0,17857,1.0,10,1.1
2025-07-29T02:50:14.517368,0,17857,1.0,10,1.1
2025-07-29T02:50:15.017983,0,17857,1.0,10,1.8
2025-07-29T02:50:15.518705,0,17857,1.0,10,1.1
2025-07-29T02:50:16.019301,0,17857,1.0,10,1.0
2025-07-29T02:50:16.519861,0,17857,1.0,10,1.5
2025-07-29T02:50:17.020452,0,17857,1.0,10,1.6
2025-07-29T02:50:17.520984,0,17857,1.0,10,1.3
2025-07-29T02:50:18.021577,0,17857,1.0,10,0.8
2025-07-29T02:50:18.522193,0,17857,1.0,10,1.1
2025-07-29T02:50:19.022698,0,17857,1.0,10,1.9
2025-07-29T02:50:19.523025,0,17857,1.0,10,1.6
2025-07-29T02:50:20.023303,0,17857,1.0,10,1.3
2025-07-29T02:50:20.523564,0,17857,1.0,10,4.6
2025-07-29T02:50:21.023904,0,17857,1.0,10,1.6
2025-07-29T02:50:21.524568,0,17857,1.0,10,1.6
2025-07-29T02:50:22.025213,0,17857,1.0,10,1.6
2025-07-29T02:50:22.526087,0,17857,1.0,10,1.6
2025-07-29T02:50:23.026727,0,17857,1.0,10,1.4
2025-07-29T02:50:23.527265,0,17857,1.0,10,2.1
2025-07-29T02:50:24.027849,0,17857,1.0,10,1.1
2025-07-29T02:50:24.528463,0,17857,1.0,10,0.2
2025-07-29T02:50:25.029011,0,17857,1.0,10,0.9
2025-07-29T02:50:25.529568,0,17857,1.0,10,1.3
2025-07-29T02:50:26.030130,0,17857,1.0,10,1.1
2025-07-29T02:50:26.530708,0,17857,1.0,10,0.7
2025-07-29T02:50:27.031216,0,17857,1.0,10,2.0
2025-07-29T02:50:27.531861,0,17857,1.0,10,1.6
2025-07-29T02:50:28.032484,0,17857,1.0,10,1.7
2025-07-29T02:50:28.533055,0,17857,1.0,10,2.8
2025-07-29T02:50:29.033603,0,17857,1.0,10,4.8
2025-07-29T02:50:29.534204,0,17857,1.0,10,1.6
2025-07-29T02:50:30.034778,0,17857,1.0,10,1.9
2025-07-29T02:50:30.535401,0,17857,1.0,10,1.6
2025-07-29T02:50:31.035962,0,17857,1.0,10,2.6
2025-07-29T02:50:31.536360,0,17857,1.0,10,0.6
2025-07-29T02:50:32.036882,0,17857,1.0,10,1.8
2025-07-29T02:50:32.537584,0,17857,1.0,10,2.1
2025-07-29T02:50:33.038199,0,17857,1.0,10,1.9
2025-07-29T02:50:33.539084,0,17857,1.0,10,1.7
2025-07-29T02:50:34.039761,0,17857,1.0,10,2.1
2025-07-29T02:50:34.540177,0,17857,1.0,10,2.8
2025-07-29T02:50:35.040795,0,17857,1.0,10,2.8
2025-07-29T02:50:35.541451,0,17857,1.0,10,2.1
2025-07-29T02:50:36.042061,0,17857,1.0,10,1.8
2025-07-29T02:50:36.542378,0,17857,1.0,10,0.9
2025-07-29T02:50:37.042891,0,17857,1.0,10,2.9
2025-07-29T02:50:37.543540,0,17857,1.0,10,1.4
2025-07-29T02:50:38.044126,0,17857,1.0,10,2.5
2025-07-29T02:50:38.544759,0,17857,1.0,10,2.3
2025-07-29T02:50:39.045294,0,17857,1.0,10,4.5
2025-07-29T02:50:39.545880,0,17857,1.0,10,2.5
2025-07-29T02:50:40.046471,0,17857,1.0,10,0.6
2025-07-29T02:50:40.547039,0,17857,1.0,10,2.7
2025-07-29T02:50:41.047598,0,17857,1.0,10,2.4
2025-07-29T02:50:41.548188,0,17857,1.0,10,2.2
2025-07-29T02:50:42.048708,0,17857,1.0,10,0.4
2025-07-29T02:50:42.549013,0,17857,1.0,10,2.0
2025-07-29T02:50:43.049531,0,17857,1.0,10,3.1
2025-07-29T02:50:43.550091,0,17857,1.0,10,0.6
2025-07-29T02:50:44.050663,0,17857,1.0,10,0.7
2025-07-29T02:50:44.551214,0,17857,1.0,10,9.9
2025-07-29T02:50:45.051807,0,17857,1.0,10,1.9
2025-07-29T02:50:45.552421,0,17857,1.0,10,3.7
2025-07-29T02:50:46.052951,0,17857,1.0,10,2.9
2025-07-29T02:50:46.553549,0,17857,1.0,10,2.0
2025-07-29T02:50:47.054072,0,17857,1.0,10,2.7
2025-07-29T02:50:47.554687,0,17857,1.0,10,1.8
2025-07-29T02:50:48.055274,0,17857,1.0,10,2.5
2025-07-29T02:50:48.555885,0,17857,1.0,10,2.3
2025-07-29T02:50:49.056577,0,17857,1.0,10,1.2
2025-07-29T02:50:49.557123,0,17857,1.0,10,1.6
2025-07-29T02:50:50.057685,0,17857,1.0,10,1.9
2025-07-29T02:50:50.558365,0,17857,1.0,10,2.3
2025-07-29T02:50:51.058772,0,17857,1.0,10,2.0
2025-07-29T02:50:51.559493,0,17857,1.0,10,1.8
2025-07-29T02:50:52.060023,0,17857,1.0,10,1.3
2025-07-29T02:50:52.560620,0,17857,1.0,10,1.2
2025-07-29T02:50:53.061209,0,17857,1.0,10,6.0
2025-07-29T02:50:53.561735,0,17857,1.0,10,2.4
2025-07-29T02:50:54.062283,0,17857,1.0,10,2.7
2025-07-29T02:50:54.563188,0,17857,1.0,10,2.5
2025-07-29T02:50:55.064155,0,17857,1.0,10,1.4
2025-07-29T02:50:55.565109,0,17857,1.0,10,1.4
2025-07-29T02:50:56.066048,0,17857,1.0,10,2.6
2025-07-29T02:50:56.566638,0,17857,1.0,10,1.8
