timestamp,interval_count,total_count,queue_size,max_queue_size,cpu_percent
2025-08-18T12:31:28.068277,20,20,1.4,4,0.0
2025-08-18T12:31:28.568648,36,56,3.3055555555555554,10,13.6
2025-08-18T12:31:29.068980,37,93,2.5405405405405403,10,12.4
2025-08-18T12:31:29.569301,73,166,2.3013698630136985,10,13.8
2025-08-18T12:31:30.069655,60,226,4.2,10,13.2
2025-08-18T12:31:30.569970,48,274,2.9583333333333335,10,12.2
2025-08-18T12:31:31.070320,10,284,3.2,10,10.0
2025-08-18T12:31:31.570679,12,296,4.0,10,11.4
2025-08-18T12:31:32.070960,0,296,1.0,10,10.2
2025-08-18T12:31:32.571262,7,303,1.8571428571428572,10,12.6
2025-08-18T12:31:33.071550,16,319,2.5625,10,11.9
2025-08-18T12:31:33.571862,10,329,4.6,10,10.2
2025-08-18T12:31:34.072153,20,349,3.25,10,12.3
2025-08-18T12:31:34.572499,0,349,1.0,10,10.2
2025-08-18T12:31:35.074419,21,370,1.368421052631579,10,11.4
2025-08-18T12:31:35.574815,10,380,2.8333333333333335,10,11.9
2025-08-18T12:31:36.075090,20,400,4.6,10,11.0
2025-08-18T12:31:36.575454,10,410,3.1,10,10.3
2025-08-18T12:31:37.075695,7,417,2.5714285714285716,10,10.4
2025-08-18T12:31:37.576050,10,427,1.8,10,11.3
2025-08-18T12:31:38.076409,8,435,4.5,10,12.4
2025-08-18T12:31:38.576746,10,445,3.1,10,12.1
2025-08-18T12:31:39.077054,12,457,3.3333333333333335,10,12.6
2025-08-18T12:31:39.577362,40,497,3.35,10,12.1
2025-08-18T12:31:40.077647,56,553,2.8392857142857144,10,12.1
2025-08-18T12:31:40.578031,40,593,3.875,10,12.4
2025-08-18T12:31:41.078320,55,648,4.036363636363636,10,13.2
2025-08-18T12:31:41.578668,10,658,4.6,10,10.5
2025-08-18T12:31:42.080519,17,675,3.588235294117647,10,11.2
2025-08-18T12:31:42.580825,40,715,2.5,10,12.8
2025-08-18T12:31:43.081193,69,784,3.130434782608696,10,14.4
2025-08-18T12:31:43.581501,78,862,3.6153846153846154,10,13.7
2025-08-18T12:31:44.081822,31,893,2.0,10,11.9
2025-08-18T12:31:44.582028,27,920,1.2592592592592593,10,11.5
2025-08-18T12:31:45.082292,0,920,1.0,10,10.5
2025-08-18T12:31:45.582592,10,930,4.6,10,10.8
2025-08-18T12:31:46.082932,10,940,1.1,10,10.1
2025-08-18T12:31:46.583198,0,940,2.0,10,10.3
2025-08-18T12:31:47.083470,6,946,2.6666666666666665,10,11.3
2025-08-18T12:31:47.583800,69,1015,2.8840579710144927,10,12.6
2025-08-18T12:31:48.084185,46,1061,2.847826086956522,10,13.0
2025-08-18T12:31:48.584574,30,1091,5.2,10,12.7
2025-08-18T12:31:49.084933,30,1121,3.7333333333333334,10,12.1
2025-08-18T12:31:49.585318,39,1160,2.5641025641025643,10,11.7
2025-08-18T12:31:50.085660,67,1227,1.8955223880597014,10,12.6
2025-08-18T12:31:50.585943,69,1296,2.550724637681159,10,13.5
2025-08-18T12:31:51.086296,68,1364,3.0441176470588234,10,12.2
2025-08-18T12:31:51.586607,51,1415,4.03921568627451,10,12.6
2025-08-18T12:31:52.086806,35,1450,2.7714285714285714,10,12.4
2025-08-18T12:31:52.587029,47,1497,3.617021276595745,10,14.0
2025-08-18T12:31:53.087284,23,1520,2.608695652173913,10,9.3
2025-08-18T12:31:53.587543,21,1541,3.4761904761904763,10,10.7
2025-08-18T12:31:54.087784,20,1561,2.85,10,11.0
2025-08-18T12:31:54.588033,21,1582,1.1904761904761905,10,12.3
2025-08-18T12:31:55.088301,16,1598,4.0,10,11.5
2025-08-18T12:31:55.588554,28,1626,1.5357142857142858,10,9.2
2025-08-18T12:31:56.088819,26,1652,3.3076923076923075,10,9.5
2025-08-18T12:31:56.589064,23,1675,5.043478260869565,10,7.9
2025-08-18T12:31:57.089305,60,1735,4.033333333333333,10,9.1
2025-08-18T12:31:57.589512,50,1785,3.94,10,8.6
2025-08-18T12:31:58.089703,36,1821,4.25,10,8.4
2025-08-18T12:31:58.590026,37,1858,4.0,10,8.8
2025-08-18T12:31:59.090294,15,1873,4.066666666666666,10,9.1
2025-08-18T12:31:59.590538,24,1897,3.125,10,8.2
2025-08-18T12:32:00.090741,5,1902,3.0,10,8.0
2025-08-18T12:32:00.591025,10,1912,5.5,10,6.9
2025-08-18T12:32:01.091292,19,1931,4.368421052631579,10,9.0
2025-08-18T12:32:01.591602,17,1948,3.5294117647058822,10,8.6
2025-08-18T12:32:02.091844,7,1955,1.5714285714285714,10,7.4
2025-08-18T12:32:02.592078,59,2014,2.4745762711864407,10,8.9
2025-08-18T12:32:03.092379,40,2054,2.85,10,8.5
2025-08-18T12:32:03.592638,10,2064,5.5,10,8.0
2025-08-18T12:32:04.092916,26,2090,1.2307692307692308,10,8.0
2025-08-18T12:32:04.593245,10,2100,1.9,10,7.3
2025-08-18T12:32:05.093553,0,2100,1.0,10,6.4
2025-08-18T12:32:05.593784,0,2100,1.0,10,6.4
2025-08-18T12:32:06.093991,9,2109,1.2222222222222223,10,7.7
2025-08-18T12:32:06.594284,0,2109,2.0,10,6.9
2025-08-18T12:32:07.094584,0,2109,2.0,10,6.5
2025-08-18T12:32:07.594829,10,2119,1.2,10,6.7
2025-08-18T12:32:08.095143,0,2119,1.0,10,6.3
2025-08-18T12:32:08.595440,0,2119,1.0,10,7.0
2025-08-18T12:32:09.095656,0,2119,1.0,10,6.6
2025-08-18T12:32:09.595879,3,2122,2.0,10,6.8
2025-08-18T12:32:10.096101,0,2122,3.0,10,10.4
2025-08-18T12:32:10.596427,10,2132,2.3,10,6.6
2025-08-18T12:32:11.096632,0,2132,3.0,10,6.4
2025-08-18T12:32:11.596941,0,2132,3.0,10,6.6
2025-08-18T12:32:12.097280,0,2132,3.0,10,6.6
2025-08-18T12:32:12.597507,6,2138,3.5,10,6.9
2025-08-18T12:32:13.097727,10,2148,2.1,10,8.8
2025-08-18T12:32:13.597951,0,2148,1.0,10,6.6
2025-08-18T12:32:14.098158,0,2148,1.0,10,6.4
2025-08-18T12:32:14.598435,0,2148,1.0,10,6.9
2025-08-18T12:32:15.098646,0,2148,1.0,10,6.4
2025-08-18T12:32:15.598863,0,2148,1.0,10,7.6
2025-08-18T12:32:16.099134,7,2155,1.5714285714285714,10,7.7
2025-08-18T12:32:16.599416,10,2165,1.7,10,6.8
2025-08-18T12:32:17.099658,0,2165,4.0,10,6.6
2025-08-18T12:32:17.599864,0,2165,4.0,10,6.7
2025-08-18T12:32:18.100082,0,2165,4.0,10,6.6
2025-08-18T12:32:18.600316,15,2180,4.066666666666666,10,9.7
2025-08-18T12:32:19.100604,0,2180,9.0,10,6.5
2025-08-18T12:32:19.600847,0,2180,9.0,10,6.8
2025-08-18T12:32:20.102643,0,2180,9.0,10,6.5
2025-08-18T12:32:20.613352,17,2197,2.6153846153846154,10,7.8
2025-08-18T12:32:21.113631,0,2197,1.75,10,6.8
2025-08-18T12:32:21.613927,0,2197,3.0,10,6.3
2025-08-18T12:32:22.114220,0,2197,3.0,10,6.6
2025-08-18T12:32:22.614521,9,2206,4.111111111111111,10,9.6
2025-08-18T12:32:23.114779,10,2216,5.5,10,6.6
2025-08-18T12:32:23.615015,0,2216,10.0,10,7.1
2025-08-18T12:32:24.115321,5,2221,1.2,10,7.3
2025-08-18T12:32:24.615581,10,2231,2.2,10,6.5
2025-08-18T12:32:25.115798,0,2231,4.0,10,6.8
2025-08-18T12:32:25.616037,15,2246,1.6,10,8.5
2025-08-18T12:32:26.116221,10,2256,4.6,10,6.4
2025-08-18T12:32:26.616423,1,2257,1.0,10,8.2
2025-08-18T12:32:27.116632,10,2267,1.6,10,7.5
2025-08-18T12:32:27.616853,0,2267,1.0,10,6.3
2025-08-18T12:32:28.117073,8,2275,1.25,10,7.6
2025-08-18T12:32:28.617512,12,2287,1.4166666666666667,10,7.0
2025-08-18T12:32:29.117801,20,2307,4.45,10,10.2
2025-08-18T12:32:29.618075,0,2307,10.0,10,6.7
2025-08-18T12:32:30.118325,4,2311,1.75,10,7.5
2025-08-18T12:32:30.618559,10,2321,5.5,10,6.9
2025-08-18T12:32:31.118778,1,2322,1.0,10,7.7
2025-08-18T12:32:31.619068,10,2332,5.5,10,6.8
2025-08-18T12:32:32.119346,17,2349,4.882352941176471,10,8.7
2025-08-18T12:32:32.619573,4,2353,2.5,10,7.6
2025-08-18T12:32:33.119871,10,2363,5.5,10,6.9
2025-08-18T12:32:33.620193,14,2377,1.4285714285714286,10,8.9
2025-08-18T12:32:34.120595,2,2379,1.0,10,7.4
2025-08-18T12:32:34.620804,22,2401,3.6818181818181817,10,7.3
2025-08-18T12:32:35.121019,20,2421,5.05,10,8.4
2025-08-18T12:32:35.621316,10,2431,3.4,10,6.5
2025-08-18T12:32:36.121534,2,2433,1.5,10,7.2
2025-08-18T12:32:36.621804,10,2443,5.5,10,7.3
2025-08-18T12:32:37.122051,7,2450,4.0,10,6.5
2025-08-18T12:32:37.622305,10,2460,5.5,10,7.7
2025-08-18T12:32:38.122543,0,2460,10.0,10,6.2
2025-08-18T12:32:38.622853,0,2460,10.0,10,6.8
2025-08-18T12:32:39.123128,0,2460,10.0,10,6.6
2025-08-18T12:32:39.623365,19,2479,5.2631578947368425,10,8.9
2025-08-18T12:32:40.123575,0,2479,10.0,10,6.9
2025-08-18T12:32:40.623818,0,2479,10.0,10,6.7
2025-08-18T12:32:41.124132,0,2479,10.0,10,6.3
2025-08-18T12:32:41.624434,0,2479,10.0,10,6.8
2025-08-18T12:32:42.124762,17,2496,4.0,10,7.8
2025-08-18T12:32:42.625077,0,2496,9.0,10,6.3
2025-08-18T12:32:43.125356,0,2496,9.0,10,6.9
2025-08-18T12:32:43.625606,0,2496,9.0,10,6.5
2025-08-18T12:32:44.125806,0,2496,9.0,10,6.5
2025-08-18T12:32:44.626034,0,2496,9.0,10,6.8
2025-08-18T12:32:45.127387,19,2515,5.2631578947368425,10,9.2
2025-08-18T12:32:45.627625,0,2515,10.0,10,7.0
2025-08-18T12:32:46.127833,0,2515,10.0,10,6.5
2025-08-18T12:32:46.628080,0,2515,10.0,10,6.4
2025-08-18T12:32:47.128288,0,2515,10.0,10,6.4
2025-08-18T12:32:47.628585,0,2515,10.0,10,6.8
2025-08-18T12:32:48.128791,1,2516,1.0,10,7.6
2025-08-18T12:32:48.629003,10,2526,5.5,10,6.9
2025-08-18T12:32:49.129224,0,2526,10.0,10,7.0
2025-08-18T12:32:49.629447,0,2526,10.0,10,6.4
2025-08-18T12:32:50.129621,0,2526,10.0,10,6.7
2025-08-18T12:32:50.629849,3,2529,2.0,10,6.8
2025-08-18T12:32:51.130113,10,2539,5.5,10,7.2
2025-08-18T12:32:51.630348,0,2539,10.0,10,7.1
2025-08-18T12:32:52.130672,0,2539,10.0,10,6.6
2025-08-18T12:32:52.630903,18,2557,5.055555555555555,10,7.6
2025-08-18T12:32:53.131175,0,2557,10.0,10,6.8
2025-08-18T12:32:53.631485,0,2557,10.0,10,6.6
2025-08-18T12:32:54.131733,1,2558,1.0,10,6.6
2025-08-18T12:32:54.631964,10,2568,5.5,10,9.3
2025-08-18T12:32:55.132211,10,2578,3.9,10,7.7
2025-08-18T12:32:55.632502,10,2588,2.8,10,6.9
2025-08-18T12:32:56.132707,0,2588,6.0,10,6.8
2025-08-18T12:32:56.633003,19,2607,5.2631578947368425,10,8.2
2025-08-18T12:32:57.133240,0,2607,10.0,10,6.6
2025-08-18T12:32:57.633540,0,2607,10.0,10,7.0
2025-08-18T12:32:58.133773,4,2611,2.5,10,7.6
2025-08-18T12:32:58.633987,10,2621,5.5,10,6.6
2025-08-18T12:32:59.134212,0,2621,10.0,10,7.4
2025-08-18T12:32:59.634518,15,2636,4.666666666666667,10,9.2
2025-08-18T12:33:00.134720,11,2647,3.6363636363636362,10,8.3
2025-08-18T12:33:00.634987,10,2657,5.5,10,7.1
2025-08-18T12:33:01.135263,0,2657,10.0,10,6.4
2025-08-18T12:33:01.635482,21,2678,3.0,10,8.5
2025-08-18T12:33:02.135698,4,2682,1.0,10,7.7
2025-08-18T12:33:02.635940,10,2692,2.1,10,7.8
2025-08-18T12:33:03.136133,5,2697,2.2,10,7.8
2025-08-18T12:33:03.636358,10,2707,3.1,10,7.4
2025-08-18T12:33:04.136597,15,2722,3.8,10,8.1
2025-08-18T12:33:04.636817,1,2723,1.0,10,7.5
2025-08-18T12:33:05.137025,20,2743,3.9,10,9.1
2025-08-18T12:33:05.637281,5,2748,1.4,10,6.7
2025-08-18T12:33:06.137533,10,2758,3.8,10,7.8
2025-08-18T12:33:06.637793,19,2777,2.0526315789473686,10,7.6
2025-08-18T12:33:07.138081,0,2777,5.0,10,6.6
2025-08-18T12:33:07.638356,20,2797,2.95,10,7.7
2025-08-18T12:33:08.138597,13,2810,3.230769230769231,10,7.6
2025-08-18T12:33:08.638903,11,2821,1.2727272727272727,10,7.8
2025-08-18T12:33:09.139148,22,2843,2.3636363636363638,10,8.1
2025-08-18T12:33:09.639388,10,2853,1.0,10,7.6
2025-08-18T12:33:10.139729,26,2879,2.8846153846153846,10,8.1
2025-08-18T12:33:10.640009,0,2879,7.0,10,6.6
2025-08-18T12:33:11.140201,0,2879,7.0,10,6.2
2025-08-18T12:33:11.640473,17,2896,4.352941176470588,10,10.6
2025-08-18T12:33:12.140738,0,2896,9.0,10,6.4
2025-08-18T12:33:12.640961,0,2896,9.0,10,6.6
2025-08-18T12:33:13.141211,14,2910,2.7142857142857144,10,8.3
2025-08-18T12:33:13.641454,0,2910,7.0,10,7.3
2025-08-18T12:33:14.141661,20,2930,3.3,10,8.8
2025-08-18T12:33:14.641858,13,2943,3.3846153846153846,10,8.2
2025-08-18T12:33:15.142048,0,2943,8.0,10,6.7
2025-08-18T12:33:15.642269,22,2965,2.6818181818181817,10,10.1
2025-08-18T12:33:16.142527,13,2978,1.3846153846153846,10,7.9
2025-08-18T12:33:16.642754,10,2988,5.5,10,6.6
2025-08-18T12:33:17.142944,10,2998,5.5,10,7.6
2025-08-18T12:33:17.643172,19,3017,5.2631578947368425,10,7.2
2025-08-18T12:33:18.143395,0,3017,9.0,10,6.9
2025-08-18T12:33:18.643696,0,3017,9.0,10,7.1
2025-08-18T12:33:19.144067,0,3017,9.0,10,6.6
2025-08-18T12:33:19.644322,0,3017,9.0,10,6.5
2025-08-18T12:33:20.144535,10,3027,5.5,10,6.8
2025-08-18T12:33:20.644821,0,3027,10.0,10,6.2
2025-08-18T12:33:21.145080,0,3027,10.0,10,6.5
2025-08-18T12:33:21.645348,0,3027,10.0,10,6.7
2025-08-18T12:33:22.145615,0,3027,10.0,10,6.1
2025-08-18T12:33:22.645841,0,3027,10.0,10,6.5
2025-08-18T12:33:23.146048,0,3027,10.0,10,6.5
2025-08-18T12:33:23.646319,0,3027,10.0,10,6.3
2025-08-18T12:33:24.146520,0,3027,10.0,10,7.0
2025-08-18T12:33:24.646846,0,3027,10.0,10,6.2
2025-08-18T12:33:25.147057,0,3027,10.0,10,6.7
2025-08-18T12:33:25.647339,0,3027,10.0,10,6.6
2025-08-18T12:33:26.147547,0,3027,10.0,10,6.2
2025-08-18T12:33:26.647755,0,3027,10.0,10,6.8
2025-08-18T12:33:27.147959,0,3027,10.0,10,6.3
2025-08-18T12:33:27.648196,3,3030,1.3333333333333333,10,7.0
2025-08-18T12:33:28.148399,0,3030,1.0,10,9.4
2025-08-18T12:33:28.648623,0,3030,1.0,10,7.5
2025-08-18T12:33:29.148815,0,3030,1.0,10,6.6
2025-08-18T12:33:29.649079,10,3040,2.6,10,7.8
2025-08-18T12:33:30.149264,0,3040,1.0,10,6.3
2025-08-18T12:33:30.649473,0,3040,1.0,10,6.3
2025-08-18T12:33:31.149696,0,3040,1.0,10,6.6
2025-08-18T12:33:31.649924,0,3040,1.0,10,6.2
2025-08-18T12:33:32.150175,0,3040,1.0,10,6.7
2025-08-18T12:33:32.650408,0,3040,1.0,10,6.3
2025-08-18T12:33:33.150630,0,3040,1.0,10,6.1
2025-08-18T12:33:33.650847,0,3040,1.0,10,7.2
2025-08-18T12:33:34.151114,0,3040,1.0,10,6.3
2025-08-18T12:33:34.651332,0,3040,1.0,10,6.3
2025-08-18T12:33:35.151593,0,3040,1.0,10,6.9
2025-08-18T12:33:35.651821,0,3040,1.0,10,6.3
2025-08-18T12:33:36.152014,0,3040,1.0,10,6.6
2025-08-18T12:33:36.652225,0,3040,1.0,10,6.7
2025-08-18T12:33:37.152436,0,3040,1.0,10,6.3
2025-08-18T12:33:37.652702,0,3040,1.0,10,6.8
2025-08-18T12:33:38.152932,0,3040,1.0,10,6.3
2025-08-18T12:33:38.653176,0,3040,1.0,10,6.3
2025-08-18T12:33:39.153416,0,3040,1.0,10,6.6
2025-08-18T12:33:39.653656,4,3044,1.25,10,9.7
2025-08-18T12:33:40.153856,0,3044,2.0,10,6.1
2025-08-18T12:33:40.654084,0,3044,2.0,10,7.3
2025-08-18T12:33:41.154336,0,3044,2.0,10,6.2
2025-08-18T12:33:41.654571,0,3044,2.0,10,6.3
2025-08-18T12:33:42.154787,10,3054,3.1,10,8.4
2025-08-18T12:33:42.655026,0,3054,7.0,10,7.0
2025-08-18T12:33:43.155244,0,3054,7.0,10,6.4
2025-08-18T12:33:43.655499,0,3054,7.0,10,7.1
2025-08-18T12:33:44.155721,0,3054,7.0,10,6.8
2025-08-18T12:33:44.655920,0,3054,7.0,10,6.5
2025-08-18T12:33:45.156174,0,3054,7.0,10,7.1
2025-08-18T12:33:45.656422,0,3054,7.0,10,6.7
2025-08-18T12:33:46.156711,0,3054,7.0,10,7.0
2025-08-18T12:33:46.656959,0,3054,7.0,10,6.7
2025-08-18T12:33:47.157242,0,3054,7.0,10,6.3
2025-08-18T12:33:47.657573,0,3054,7.0,10,6.6
2025-08-18T12:33:48.157800,0,3054,7.0,10,6.2
2025-08-18T12:33:48.658028,0,3054,7.0,10,7.1
2025-08-18T12:33:49.158245,0,3054,7.0,10,6.3
2025-08-18T12:33:49.658483,0,3054,7.0,10,6.3
2025-08-18T12:33:50.158681,2,3056,1.5,10,8.5
2025-08-18T12:33:50.658923,0,3056,2.0,10,9.3
2025-08-18T12:33:51.159141,0,3056,2.0,10,6.3
2025-08-18T12:33:51.659414,0,3056,2.0,10,6.8
2025-08-18T12:33:52.159641,0,3056,2.0,10,6.3
2025-08-18T12:33:52.659896,0,3056,2.0,10,6.4
2025-08-18T12:33:53.160111,10,3066,1.0,10,7.5
2025-08-18T12:33:53.660367,0,3066,1.0,10,6.7
2025-08-18T12:33:54.160608,0,3066,1.0,10,6.4
2025-08-18T12:33:54.660844,0,3066,1.0,10,6.6
2025-08-18T12:33:55.161069,0,3066,1.0,10,6.7
2025-08-18T12:33:55.661321,0,3066,1.0,10,6.7
2025-08-18T12:33:56.161529,0,3066,1.0,10,6.6
2025-08-18T12:33:56.661763,0,3066,1.0,10,6.8
2025-08-18T12:33:57.161986,0,3066,1.0,10,6.2
2025-08-18T12:33:57.662241,0,3066,1.0,10,6.6
2025-08-18T12:33:58.162506,0,3066,1.0,10,6.5
2025-08-18T12:33:58.662732,0,3066,1.0,10,6.4
2025-08-18T12:33:59.163037,0,3066,1.0,10,6.6
2025-08-18T12:33:59.663283,1,3067,1.0,10,10.6
2025-08-18T12:34:00.163501,0,3067,1.0,10,7.7
2025-08-18T12:34:00.663726,0,3067,1.0,10,6.9
2025-08-18T12:34:01.163970,10,3077,1.2,10,7.2
2025-08-18T12:34:01.664212,0,3077,2.0,10,8.0
2025-08-18T12:34:02.164452,0,3077,2.0,10,7.2
2025-08-18T12:34:02.664740,0,3077,2.0,10,6.6
2025-08-18T12:34:03.164976,0,3077,2.0,10,6.3
2025-08-18T12:34:03.665274,0,3077,2.0,10,6.8
2025-08-18T12:34:04.165519,0,3077,2.0,10,6.6
2025-08-18T12:34:04.665714,0,3077,2.0,10,6.7
2025-08-18T12:34:05.165953,0,3077,2.0,10,6.6
2025-08-18T12:34:05.666195,0,3077,2.0,10,7.2
2025-08-18T12:34:06.166495,0,3077,2.0,10,6.3
2025-08-18T12:34:06.666711,0,3077,2.0,10,6.6
2025-08-18T12:34:07.166939,3,3080,1.3333333333333333,10,9.5
2025-08-18T12:34:07.667175,0,3080,2.0,10,6.7
2025-08-18T12:34:08.167403,0,3080,2.0,10,6.5
2025-08-18T12:34:08.681313,10,3090,1.0,10,7.4
2025-08-18T12:34:09.185718,0,3090,1.2,10,7.0
2025-08-18T12:34:09.686060,0,3090,2.0,10,6.6
2025-08-18T12:34:10.186366,0,3090,2.0,10,7.8
2025-08-18T12:34:10.686681,0,3090,2.0,10,7.0
2025-08-18T12:34:11.186957,0,3090,2.0,10,7.1
2025-08-18T12:34:11.687294,0,3090,2.0,10,6.6
2025-08-18T12:34:12.187667,0,3090,2.0,10,6.8
2025-08-18T12:34:12.687980,0,3090,2.0,10,8.2
2025-08-18T12:34:13.188278,0,3090,2.0,10,6.8
2025-08-18T12:34:13.688606,0,3090,2.0,10,6.5
2025-08-18T12:34:14.188895,0,3090,2.0,10,6.8
2025-08-18T12:34:14.689204,0,3090,2.0,10,6.3
2025-08-18T12:34:15.189543,0,3090,2.0,10,6.7
2025-08-18T12:34:15.689880,0,3090,2.0,10,6.8
2025-08-18T12:34:16.190137,0,3090,2.0,10,6.4
2025-08-18T12:34:16.690523,0,3090,2.0,10,6.6
2025-08-18T12:34:17.190818,7,3097,1.2857142857142858,10,10.7
2025-08-18T12:34:17.691193,0,3097,1.0,10,6.4
2025-08-18T12:34:18.191477,0,3097,1.0,10,6.9
2025-08-18T12:34:18.691810,0,3097,1.0,10,6.9
2025-08-18T12:34:19.192145,10,3107,1.5,10,7.7
2025-08-18T12:34:19.692394,0,3107,2.0,10,8.0
2025-08-18T12:34:20.192626,0,3107,2.0,10,8.0
2025-08-18T12:34:20.692892,0,3107,2.0,10,6.5
2025-08-18T12:34:21.193125,0,3107,2.0,10,7.6
2025-08-18T12:34:21.693452,0,3107,2.0,10,7.0
2025-08-18T12:34:22.193724,0,3107,2.0,10,7.1
2025-08-18T12:34:22.694057,0,3107,2.0,10,7.4
2025-08-18T12:34:23.194362,0,3107,2.0,10,8.7
2025-08-18T12:34:23.694727,0,3107,2.0,10,7.2
2025-08-18T12:34:24.195038,0,3107,2.0,10,7.3
2025-08-18T12:34:24.695316,0,3107,2.0,10,7.3
2025-08-18T12:34:25.195527,0,3107,2.0,10,7.4
2025-08-18T12:34:25.695768,0,3107,2.0,10,7.5
2025-08-18T12:34:26.195986,0,3107,2.0,10,8.0
2025-08-18T12:34:26.696241,8,3115,2.125,10,11.4
2025-08-18T12:34:27.196536,0,3115,4.0,10,7.8
2025-08-18T12:34:27.696774,10,3125,1.0,10,8.3
2025-08-18T12:34:28.197047,0,3125,1.0,10,6.9
2025-08-18T12:34:28.697290,0,3125,1.0,10,8.1
2025-08-18T12:34:29.197575,0,3125,1.0,10,10.0
2025-08-18T12:34:29.697834,0,3125,1.0,10,10.5
2025-08-18T12:34:30.198101,0,3125,1.0,10,10.3
2025-08-18T12:34:30.698340,0,3125,1.0,10,10.1
2025-08-18T12:34:31.198537,0,3125,1.0,10,8.5
2025-08-18T12:34:31.698767,0,3125,1.0,10,10.2
2025-08-18T12:34:32.198987,0,3125,1.0,10,9.9
2025-08-18T12:34:32.699217,0,3125,1.0,10,10.0
2025-08-18T12:34:33.199437,0,3125,1.0,10,10.5
2025-08-18T12:34:33.699870,0,3125,1.0,10,9.7
2025-08-18T12:34:34.200115,0,3125,1.0,10,8.1
2025-08-18T12:34:34.700410,0,3125,1.0,10,9.0
2025-08-18T12:34:35.200664,0,3125,1.0,10,10.0
2025-08-18T12:34:35.700953,10,3135,2.6,10,14.4
2025-08-18T12:34:36.201270,0,3135,6.0,10,10.0
2025-08-18T12:34:36.701608,0,3135,6.0,10,9.6
2025-08-18T12:34:37.201898,0,3135,6.0,10,10.1
2025-08-18T12:34:37.702216,0,3135,6.0,10,8.2
2025-08-18T12:34:38.202529,10,3145,1.1,10,8.3
2025-08-18T12:34:38.702844,0,3145,1.0,10,8.3
2025-08-18T12:34:39.203161,0,3145,1.0,10,7.9
2025-08-18T12:34:39.703472,0,3145,1.0,10,8.3
2025-08-18T12:34:40.203791,0,3145,1.0,10,8.4
2025-08-18T12:34:40.704101,0,3145,1.0,10,8.7
2025-08-18T12:34:41.204481,0,3145,1.0,10,7.9
2025-08-18T12:34:41.704818,0,3145,1.0,10,8.2
2025-08-18T12:34:42.205337,0,3145,1.0,10,8.3
2025-08-18T12:34:42.705587,0,3145,1.0,10,8.8
2025-08-18T12:34:43.205860,0,3145,1.0,10,7.9
2025-08-18T12:34:43.706111,0,3145,1.0,10,8.3
2025-08-18T12:34:44.206338,0,3145,1.0,10,8.5
2025-08-18T12:34:44.706585,0,3145,1.0,10,8.1
2025-08-18T12:34:45.206749,0,3145,1.0,10,8.3
2025-08-18T12:34:45.706995,0,3145,1.0,10,7.5
2025-08-18T12:34:46.207218,0,3145,1.0,10,7.1
2025-08-18T12:34:46.707499,0,3145,1.0,10,7.2
2025-08-18T12:34:47.207746,10,3155,1.3,10,10.5
2025-08-18T12:34:47.707991,0,3155,1.0,10,10.6
2025-08-18T12:34:48.208212,0,3155,1.0,10,7.0
2025-08-18T12:34:48.708561,10,3165,1.4,10,9.1
2025-08-18T12:34:49.208856,0,3165,1.0,10,8.2
2025-08-18T12:34:49.709172,0,3165,1.0,10,6.8
2025-08-18T12:34:50.209690,0,3165,1.0,10,7.2
2025-08-18T12:34:50.710005,0,3165,1.0,10,6.7
2025-08-18T12:34:51.210284,0,3165,1.0,10,6.8
2025-08-18T12:34:51.710586,0,3165,1.0,10,7.0
2025-08-18T12:34:52.210901,0,3165,1.0,10,6.5
2025-08-18T12:34:52.711198,0,3165,1.0,10,6.8
2025-08-18T12:34:53.211533,0,3165,1.0,10,7.0
2025-08-18T12:34:53.711844,0,3165,1.0,10,7.2
2025-08-18T12:34:54.212145,0,3165,1.0,10,6.8
2025-08-18T12:34:54.712459,0,3165,1.0,10,6.6
2025-08-18T12:34:55.212702,0,3165,1.0,10,6.6
2025-08-18T12:34:55.713015,0,3165,1.0,10,7.1
2025-08-18T12:34:56.213343,6,3171,1.3333333333333333,10,8.5
2025-08-18T12:34:56.713689,0,3171,2.0,10,6.6
2025-08-18T12:34:57.213949,0,3171,2.0,10,7.1
2025-08-18T12:34:57.714193,0,3171,2.0,10,7.6
2025-08-18T12:34:58.227301,10,3181,4.0,10,8.2
2025-08-18T12:34:58.729996,0,3181,1.0,10,8.3
2025-08-18T12:34:59.230202,0,3181,1.0,10,7.2
2025-08-18T12:34:59.730425,0,3181,1.0,10,9.5
2025-08-18T12:35:00.230680,0,3181,1.0,10,8.2
2025-08-18T12:35:00.730911,0,3181,1.0,10,8.0
2025-08-18T12:35:01.231160,0,3181,1.0,10,9.0
2025-08-18T12:35:01.731403,0,3181,1.0,10,7.5
2025-08-18T12:35:02.231664,0,3181,1.0,10,8.8
2025-08-18T12:35:02.731910,0,3181,1.0,10,7.3
2025-08-18T12:35:03.232127,0,3181,1.0,10,8.5
2025-08-18T12:35:03.732354,0,3181,1.0,10,7.5
2025-08-18T12:35:04.232562,0,3181,1.0,10,7.2
2025-08-18T12:35:04.732793,0,3181,1.0,10,7.0
2025-08-18T12:35:05.233027,0,3181,1.0,10,6.9
2025-08-18T12:35:05.733243,5,3186,3.0,10,11.1
2025-08-18T12:35:06.233530,0,3186,5.0,10,7.4
2025-08-18T12:35:06.733815,0,3186,5.0,10,7.1
2025-08-18T12:35:07.234060,10,3196,1.2,10,7.7
2025-08-18T12:35:07.734295,0,3196,2.0,10,9.6
2025-08-18T12:35:08.234523,0,3196,2.0,10,7.3
2025-08-18T12:35:08.734746,0,3196,2.0,10,8.0
2025-08-18T12:35:09.234973,0,3196,2.0,10,7.6
2025-08-18T12:35:09.735215,0,3196,2.0,10,7.3
2025-08-18T12:35:10.235433,0,3196,2.0,10,7.4
2025-08-18T12:35:10.735670,0,3196,2.0,10,6.7
2025-08-18T12:35:11.235891,0,3196,2.0,10,7.5
2025-08-18T12:35:11.736127,0,3196,2.0,10,8.5
2025-08-18T12:35:12.236373,0,3196,2.0,10,7.3
2025-08-18T12:35:12.736628,0,3196,2.0,10,8.2
2025-08-18T12:35:13.236850,7,3203,1.2857142857142858,10,8.6
2025-08-18T12:35:13.737155,0,3203,2.0,10,8.6
2025-08-18T12:35:14.237349,10,3213,2.0,10,6.9
2025-08-18T12:35:14.737583,0,3213,4.0,10,7.4
2025-08-18T12:35:15.237788,0,3213,4.0,10,7.4
2025-08-18T12:35:15.738075,0,3213,4.0,10,8.5
2025-08-18T12:35:16.238304,0,3213,4.0,10,7.2
2025-08-18T12:35:16.738547,0,3213,4.0,10,8.5
2025-08-18T12:35:17.238827,0,3213,4.0,10,8.4
2025-08-18T12:35:17.739061,0,3213,4.0,10,8.7
2025-08-18T12:35:18.239272,0,3213,4.0,10,9.5
2025-08-18T12:35:18.739503,0,3213,4.0,10,10.5
2025-08-18T12:35:19.239778,0,3213,4.0,10,7.1
2025-08-18T12:35:19.740016,0,3213,4.0,10,8.4
2025-08-18T12:35:20.240269,7,3220,3.142857142857143,10,8.6
2025-08-18T12:35:20.740518,0,3220,6.0,10,8.8
2025-08-18T12:35:21.240741,0,3220,6.0,10,9.5
2025-08-18T12:35:21.740978,10,3230,1.0,10,9.3
2025-08-18T12:35:22.241241,0,3230,1.0,10,8.7
2025-08-18T12:35:22.741467,0,3230,1.0,10,8.8
2025-08-18T12:35:23.241748,0,3230,1.0,10,9.0
2025-08-18T12:35:23.742077,0,3230,1.0,10,7.8
2025-08-18T12:35:24.242318,0,3230,1.0,10,8.7
2025-08-18T12:35:24.742591,0,3230,1.0,10,8.5
2025-08-18T12:35:25.242816,0,3230,1.0,10,7.8
2025-08-18T12:35:25.743072,0,3230,1.0,10,7.3
2025-08-18T12:35:26.243381,0,3230,1.0,10,7.4
2025-08-18T12:35:26.743672,0,3230,1.0,10,7.1
2025-08-18T12:35:27.243918,0,3230,1.0,10,6.8
2025-08-18T12:35:27.753286,9,3239,5.0,10,7.5
2025-08-18T12:35:28.253594,0,3239,9.0,10,10.1
2025-08-18T12:35:28.753911,10,3249,2.3,10,9.4
2025-08-18T12:35:29.254236,0,3249,4.0,10,8.6
2025-08-18T12:35:29.754596,0,3249,4.0,10,8.9
2025-08-18T12:35:30.254911,0,3249,4.0,10,7.6
2025-08-18T12:35:30.755262,0,3249,4.0,10,7.1
2025-08-18T12:35:31.255524,0,3249,4.0,10,7.3
2025-08-18T12:35:31.755780,0,3249,4.0,10,6.6
2025-08-18T12:35:32.256020,0,3249,4.0,10,6.5
2025-08-18T12:35:32.756272,0,3249,4.0,10,7.4
2025-08-18T12:35:33.256494,0,3249,4.0,10,6.8
2025-08-18T12:35:33.756724,4,3253,2.5,10,8.0
2025-08-18T12:35:34.256995,0,3253,4.0,10,7.1
2025-08-18T12:35:34.757241,0,3253,4.0,10,7.0
2025-08-18T12:35:35.257473,0,3253,4.0,10,7.0
2025-08-18T12:35:35.757707,10,3263,2.3,10,8.4
2025-08-18T12:35:36.257945,0,3263,1.0,10,6.9
2025-08-18T12:35:36.758189,0,3263,1.0,10,6.6
2025-08-18T12:35:37.258423,0,3263,1.0,10,6.5
2025-08-18T12:35:37.758655,0,3263,1.0,10,9.1
2025-08-18T12:35:38.258907,0,3263,1.0,10,7.6
2025-08-18T12:35:38.759151,0,3263,1.0,10,7.8
2025-08-18T12:35:39.259406,0,3263,1.0,10,7.3
2025-08-18T12:35:39.759649,0,3263,1.0,10,7.3
2025-08-18T12:35:40.259878,0,3263,1.0,10,8.4
2025-08-18T12:35:40.760126,0,3263,1.0,10,7.1
2025-08-18T12:35:41.260379,0,3263,1.0,10,7.4
2025-08-18T12:35:41.760634,0,3263,1.0,10,9.7
2025-08-18T12:35:42.260918,0,3263,1.0,10,8.4
2025-08-18T12:35:42.761179,0,3263,1.0,10,8.5
2025-08-18T12:35:43.261433,0,3263,1.0,10,7.3
2025-08-18T12:35:43.761678,1,3264,1.0,10,8.2
2025-08-18T12:35:44.261915,0,3264,1.0,10,7.3
2025-08-18T12:35:44.762144,0,3264,1.0,10,7.6
2025-08-18T12:35:45.262383,10,3274,1.1,10,9.2
2025-08-18T12:35:45.762634,0,3274,1.0,10,6.8
2025-08-18T12:35:46.262848,0,3274,1.0,10,7.3
2025-08-18T12:35:46.763092,0,3274,1.0,10,7.1
2025-08-18T12:35:47.263325,0,3274,1.0,10,6.7
2025-08-18T12:35:47.763645,0,3274,1.0,10,7.4
2025-08-18T12:35:48.263897,0,3274,1.0,10,8.1
2025-08-18T12:35:48.764118,0,3274,1.0,10,7.6
2025-08-18T12:35:49.264350,0,3274,1.0,10,7.5
2025-08-18T12:35:49.764642,0,3274,1.0,10,9.0
2025-08-18T12:35:50.264869,0,3274,1.0,10,7.2
2025-08-18T12:35:50.765126,0,3274,1.0,10,7.4
2025-08-18T12:35:51.265346,0,3274,1.0,10,7.5
2025-08-18T12:35:51.765584,0,3274,1.0,10,7.1
2025-08-18T12:35:52.265827,0,3274,1.0,10,7.3
2025-08-18T12:35:52.766080,0,3274,1.0,10,6.9
2025-08-18T12:35:53.266353,0,3274,1.0,10,7.2
2025-08-18T12:35:53.766592,0,3274,1.0,10,7.0
2025-08-18T12:35:54.266810,0,3274,1.0,10,6.8
2025-08-18T12:35:54.767054,0,3274,1.0,10,7.0
2025-08-18T12:35:55.267277,0,3274,1.0,10,9.2
2025-08-18T12:35:55.767518,0,3274,1.0,10,7.4
2025-08-18T12:35:56.271556,3,3277,1.0,10,7.2
2025-08-18T12:35:56.771786,0,3277,2.0,10,10.1
2025-08-18T12:35:57.272003,0,3277,2.0,10,7.4
2025-08-18T12:35:57.772238,0,3277,2.0,10,7.4
2025-08-18T12:35:58.272523,10,3287,4.6,10,7.3
2025-08-18T12:35:58.772745,0,3287,9.0,10,8.8
2025-08-18T12:35:59.273014,0,3287,9.0,10,7.2
2025-08-18T12:35:59.773251,0,3287,9.0,10,7.0
2025-08-18T12:36:00.273544,0,3287,9.0,10,7.3
2025-08-18T12:36:00.773809,0,3287,9.0,10,7.0
2025-08-18T12:36:01.274037,0,3287,9.0,10,7.1
2025-08-18T12:36:01.774336,0,3287,9.0,10,7.0
2025-08-18T12:36:02.274595,0,3287,9.0,10,7.3
2025-08-18T12:36:02.774892,0,3287,9.0,10,8.9
2025-08-18T12:36:03.275181,0,3287,9.0,10,7.8
2025-08-18T12:36:03.775412,0,3287,9.0,10,8.0
2025-08-18T12:36:04.275640,0,3287,9.0,10,7.0
2025-08-18T12:36:04.775935,0,3287,9.0,10,7.0
2025-08-18T12:36:05.276195,0,3287,9.0,10,6.6
2025-08-18T12:36:05.776480,0,3287,9.0,10,7.0
2025-08-18T12:36:06.276787,0,3287,9.0,10,6.7
2025-08-18T12:36:06.777084,0,3287,9.0,10,7.2
2025-08-18T12:36:07.277351,0,3287,9.0,10,7.3
2025-08-18T12:36:07.777584,0,3287,9.0,10,7.1
2025-08-18T12:36:08.277817,0,3287,9.0,10,7.3
2025-08-18T12:36:08.778051,0,3287,9.0,10,7.5
2025-08-18T12:36:09.278264,0,3287,9.0,10,7.2
2025-08-18T12:36:09.778498,10,3297,5.5,10,11.0
2025-08-18T12:36:10.278720,0,3297,10.0,10,6.8
2025-08-18T12:36:10.778973,0,3297,10.0,10,8.4
2025-08-18T12:36:11.279202,0,3297,10.0,10,7.1
2025-08-18T12:36:11.779470,10,3307,3.8,10,8.0
2025-08-18T12:36:12.279774,0,3307,1.0,10,10.7
2025-08-18T12:36:12.780013,0,3307,1.0,10,9.8
2025-08-18T12:36:13.280237,0,3307,1.0,10,7.5
2025-08-18T12:36:13.780469,0,3307,1.0,10,8.8
2025-08-18T12:36:14.280665,0,3307,1.0,10,7.9
2025-08-18T12:36:14.780902,0,3307,1.0,10,7.7
2025-08-18T12:36:15.281199,0,3307,1.0,10,7.4
2025-08-18T12:36:15.781477,0,3307,1.0,10,7.1
2025-08-18T12:36:16.281736,3,3310,1.0,10,10.3
2025-08-18T12:36:16.781970,10,3320,1.1,10,8.4
2025-08-18T12:36:17.282204,0,3320,2.0,10,6.8
2025-08-18T12:36:17.782496,0,3320,2.0,10,7.1
2025-08-18T12:36:18.282721,0,3320,2.0,10,7.4
2025-08-18T12:36:18.783017,0,3320,2.0,10,8.3
2025-08-18T12:36:19.283250,0,3320,2.0,10,7.3
2025-08-18T12:36:19.783485,0,3320,2.0,10,7.7
2025-08-18T12:36:20.283772,0,3320,2.0,10,7.5
2025-08-18T12:36:20.784062,8,3328,2.375,10,10.4
2025-08-18T12:36:21.284348,10,3338,3.2,10,7.8
2025-08-18T12:36:21.784685,0,3338,2.0,10,7.1
2025-08-18T12:36:22.284933,0,3338,2.0,10,7.8
2025-08-18T12:36:22.785174,10,3348,3.1,10,7.1
2025-08-18T12:36:23.285416,0,3348,1.0,10,8.3
2025-08-18T12:36:23.785679,0,3348,1.0,10,6.9
2025-08-18T12:36:24.285949,0,3348,1.0,10,6.9
2025-08-18T12:36:24.786231,0,3348,1.0,10,6.8
2025-08-18T12:36:25.286532,0,3348,1.0,10,7.1
2025-08-18T12:36:25.786824,9,3357,4.111111111111111,10,7.3
2025-08-18T12:36:26.287042,0,3357,8.0,10,7.7
2025-08-18T12:36:26.787285,10,3367,3.1,10,7.4
2025-08-18T12:36:27.287500,0,3367,7.0,10,6.9
2025-08-18T12:36:27.787806,0,3367,7.0,10,6.9
2025-08-18T12:36:28.288136,0,3367,7.0,10,7.0
2025-08-18T12:36:28.788419,17,3384,1.6470588235294117,10,9.6
2025-08-18T12:36:29.288702,0,3384,1.0,10,6.9
2025-08-18T12:36:29.789107,9,3393,2.3333333333333335,10,7.7
2025-08-18T12:36:30.289384,10,3403,5.5,10,9.7
2025-08-18T12:36:30.789683,0,3403,10.0,10,7.0
2025-08-18T12:36:31.289914,0,3403,10.0,10,6.7
2025-08-18T12:36:31.790156,6,3409,3.5,10,7.2
2025-08-18T12:36:32.290411,0,3409,6.0,10,8.9
2025-08-18T12:36:32.790659,10,3419,2.5,10,7.1
2025-08-18T12:36:33.290875,0,3419,6.0,10,6.6
2025-08-18T12:36:33.791110,0,3419,6.0,10,6.7
2025-08-18T12:36:34.291339,0,3419,6.0,10,7.0
2025-08-18T12:36:34.791584,8,3427,1.375,10,7.6
2025-08-18T12:36:35.291845,10,3437,1.0,10,7.7
2025-08-18T12:36:35.792084,0,3437,1.0,10,7.0
2025-08-18T12:36:36.292345,3,3440,1.3333333333333333,10,7.0
2025-08-18T12:36:36.792634,10,3450,2.1,10,8.6
2025-08-18T12:36:37.292873,0,3450,2.0,10,6.8
2025-08-18T12:36:37.793156,19,3469,3.6842105263157894,10,8.1
2025-08-18T12:36:38.293425,10,3479,2.0,10,7.5
2025-08-18T12:36:38.793711,5,3484,3.0,10,9.5
2025-08-18T12:36:39.293940,10,3494,1.4,10,7.3
2025-08-18T12:36:39.794171,7,3501,1.5714285714285714,10,7.1
2025-08-18T12:36:40.294432,10,3511,3.8,10,7.7
2025-08-18T12:36:40.794698,0,3511,8.0,10,7.2
2025-08-18T12:36:41.294933,0,3511,8.0,10,6.7
2025-08-18T12:36:41.796048,10,3521,5.5,10,7.1
2025-08-18T12:36:42.296259,10,3531,2.1,10,10.7
2025-08-18T12:36:42.796490,0,3531,2.0,10,7.2
2025-08-18T12:36:43.296699,4,3535,1.75,10,9.0
2025-08-18T12:36:43.796921,10,3545,4.6,10,7.2
2025-08-18T12:36:44.297140,0,3545,9.0,10,6.8
2025-08-18T12:36:44.797363,6,3551,1.5,10,9.0
2025-08-18T12:36:45.297648,10,3561,2.3,10,7.5
2025-08-18T12:36:45.797879,0,3561,3.0,10,7.5
2025-08-18T12:36:46.298101,8,3569,1.75,10,8.2
2025-08-18T12:36:46.798421,10,3579,4.6,10,7.1
2025-08-18T12:36:47.298645,0,3579,9.0,10,7.2
2025-08-18T12:36:47.798870,9,3588,4.111111111111111,10,7.4
2025-08-18T12:36:48.299169,10,3598,5.5,10,7.2
2025-08-18T12:36:48.799485,0,3598,10.0,10,7.0
2025-08-18T12:36:49.299763,0,3598,10.0,10,8.4
2025-08-18T12:36:49.799993,26,3624,3.1923076923076925,10,8.4
2025-08-18T12:36:50.300257,0,3624,9.0,10,6.9
2025-08-18T12:36:50.800485,0,3624,9.0,10,7.1
2025-08-18T12:36:51.300761,29,3653,2.9310344827586206,10,9.0
2025-08-18T12:36:51.800987,0,3653,8.0,10,7.4
2025-08-18T12:36:52.301212,2,3655,1.0,10,7.5
2025-08-18T12:36:52.801457,10,3665,5.5,10,8.1
2025-08-18T12:36:53.301640,0,3665,10.0,10,7.6
2025-08-18T12:36:53.801871,0,3665,10.0,10,7.1
2025-08-18T12:36:54.302163,7,3672,1.5714285714285714,10,7.7
2025-08-18T12:36:54.802402,10,3682,3.8,10,7.5
2025-08-18T12:36:55.302617,0,3682,8.0,10,7.0
2025-08-18T12:36:55.802844,8,3690,3.625,10,8.0
2025-08-18T12:36:56.303094,10,3700,3.1,10,7.5
2025-08-18T12:36:56.803324,0,3700,7.0,10,6.7
2025-08-18T12:36:57.303546,0,3700,7.0,10,6.8
2025-08-18T12:36:57.803801,10,3710,4.6,10,7.6
2025-08-18T12:36:58.303999,10,3720,5.5,10,9.5
2025-08-18T12:36:58.804264,0,3720,10.0,10,7.3
2025-08-18T12:36:59.304473,0,3720,10.0,10,6.8
2025-08-18T12:36:59.804711,24,3744,4.5,10,10.4
2025-08-18T12:37:00.304976,0,3744,10.0,10,7.4
2025-08-18T12:37:00.805196,0,3744,10.0,10,7.2
2025-08-18T12:37:01.305419,0,3744,10.0,10,6.7
2025-08-18T12:37:01.805694,0,3744,10.0,10,7.3
2025-08-18T12:37:02.305915,0,3744,10.0,10,7.5
2025-08-18T12:37:02.806163,0,3744,10.0,10,6.4
2025-08-18T12:37:03.306382,8,3752,4.5,10,7.9
2025-08-18T12:37:03.806662,0,3752,8.0,10,7.0
2025-08-18T12:37:04.306883,0,3752,8.0,10,6.9
2025-08-18T12:37:04.807101,10,3762,1.0,10,7.3
2025-08-18T12:37:05.307301,0,3762,1.0,10,6.7
2025-08-18T12:37:05.807542,0,3762,1.0,10,6.7
2025-08-18T12:37:06.307765,0,3762,1.0,10,7.0
2025-08-18T12:37:06.807996,0,3762,1.0,10,6.8
2025-08-18T12:37:07.308249,0,3762,1.0,10,6.6
2025-08-18T12:37:07.808491,0,3762,1.0,10,6.4
2025-08-18T12:37:08.308780,0,3762,1.0,10,6.6
2025-08-18T12:37:08.809068,0,3762,1.0,10,7.0
2025-08-18T12:37:09.309353,0,3762,1.0,10,6.8
2025-08-18T12:37:09.809683,0,3762,1.0,10,6.6
2025-08-18T12:37:10.309931,0,3762,1.0,10,6.9
2025-08-18T12:37:10.810165,0,3762,1.0,10,6.9
2025-08-18T12:37:11.310420,0,3762,1.0,10,6.9
2025-08-18T12:37:11.810663,5,3767,1.8,10,8.0
2025-08-18T12:37:12.310895,0,3767,2.0,10,7.1
2025-08-18T12:37:12.811140,0,3767,2.0,10,6.8
2025-08-18T12:37:13.311409,10,3777,1.1,10,8.3
2025-08-18T12:37:13.811743,0,3777,2.0,10,7.2
2025-08-18T12:37:14.312018,0,3777,2.0,10,6.8
2025-08-18T12:37:14.812320,0,3777,2.0,10,6.6
2025-08-18T12:37:15.312575,0,3777,2.0,10,6.8
2025-08-18T12:37:15.812821,3,3780,2.0,10,9.8
2025-08-18T12:37:16.313083,10,3790,1.1,10,12.5
2025-08-18T12:37:16.813450,2,3792,1.5,10,8.0
2025-08-18T12:37:17.313717,0,3792,2.0,10,7.3
2025-08-18T12:37:17.813963,0,3792,2.0,10,6.6
2025-08-18T12:37:18.314172,0,3792,2.0,10,6.8
2025-08-18T12:37:18.814403,0,3792,2.0,10,6.8
2025-08-18T12:37:19.314670,10,3802,5.5,10,7.3
2025-08-18T12:37:19.814909,0,3802,10.0,10,6.5
2025-08-18T12:37:20.315184,6,3808,2.1666666666666665,10,9.1
2025-08-18T12:37:20.815437,10,3818,3.2,10,7.8
2025-08-18T12:37:21.315648,0,3818,7.0,10,6.6
2025-08-18T12:37:21.815959,6,3824,3.5,10,8.8
2025-08-18T12:37:22.316199,10,3834,1.9,10,9.1
2025-08-18T12:37:22.816436,0,3834,4.0,10,6.8
2025-08-18T12:37:23.316641,2,3836,1.5,10,7.3
2025-08-18T12:37:23.816840,0,3836,2.0,10,7.5
2025-08-18T12:37:24.317110,10,3846,5.5,10,7.4
2025-08-18T12:37:24.817337,0,3846,10.0,10,6.8
2025-08-18T12:37:25.317533,4,3850,1.75,10,8.0
2025-08-18T12:37:25.817777,10,3860,3.8,10,7.5
2025-08-18T12:37:26.318005,0,3860,1.0,10,6.6
2025-08-18T12:37:26.818366,10,3870,5.5,10,9.4
2025-08-18T12:37:27.318651,10,3880,2.5,10,7.8
2025-08-18T12:37:27.818902,0,3880,6.0,10,6.9
2025-08-18T12:37:28.319124,6,3886,1.6666666666666667,10,7.6
2025-08-18T12:37:28.819381,0,3886,3.0,10,7.1
2025-08-18T12:37:29.319620,10,3896,5.5,10,7.4
2025-08-18T12:37:29.819853,0,3896,10.0,10,6.6
2025-08-18T12:37:30.320141,7,3903,1.8571428571428572,10,7.9
2025-08-18T12:37:30.820402,10,3913,5.5,10,7.5
2025-08-18T12:37:31.320687,0,3913,10.0,10,6.9
2025-08-18T12:37:31.820941,9,3922,2.7777777777777777,10,7.7
2025-08-18T12:37:32.321219,37,3959,3.189189189189189,10,9.4
2025-08-18T12:37:32.821562,38,3997,3.1842105263157894,10,8.2
2025-08-18T12:37:33.321795,21,4018,3.761904761904762,10,8.3
2025-08-18T12:37:33.822199,38,4056,4.315789473684211,10,10.7
2025-08-18T12:37:34.322447,58,4114,1.6724137931034482,10,9.4
2025-08-18T12:37:34.822716,64,4178,4.1875,10,9.6
2025-08-18T12:37:35.322927,64,4242,3.28125,10,9.3
2025-08-18T12:37:35.823144,76,4318,3.8026315789473686,10,9.9
2025-08-18T12:37:36.323356,53,4371,2.981132075471698,10,9.1
2025-08-18T12:37:36.823582,68,4439,2.323529411764706,10,9.5
2025-08-18T12:37:37.323811,76,4515,3.1710526315789473,10,10.9
2025-08-18T12:37:37.824031,65,4580,4.123076923076923,10,10.1
2025-08-18T12:37:38.324227,37,4617,1.5675675675675675,10,8.7
2025-08-18T12:37:38.824464,58,4675,1.5862068965517242,10,9.0
2025-08-18T12:37:39.324658,68,4743,3.573529411764706,10,9.8
2025-08-18T12:37:39.824884,48,4791,2.9166666666666665,10,9.7
2025-08-18T12:37:40.325130,46,4837,2.717391304347826,10,9.3
2025-08-18T12:37:40.825421,32,4869,1.03125,10,8.8
2025-08-18T12:37:41.325640,0,4869,1.0,10,6.8
2025-08-18T12:37:41.825894,20,4889,4.65,10,8.1
2025-08-18T12:37:42.326096,10,4899,5.5,10,7.9
2025-08-18T12:37:42.826401,20,4919,2.55,10,8.1
2025-08-18T12:37:43.326599,8,4927,3.625,10,7.6
2025-08-18T12:37:43.826876,25,4952,4.6,10,8.7
2025-08-18T12:37:44.327153,10,4962,4.6,10,7.2
2025-08-18T12:37:44.827380,10,4972,5.5,10,6.9
2025-08-18T12:37:45.327582,5,4977,3.0,10,7.6
2025-08-18T12:37:45.827879,10,4987,1.6,10,8.1
2025-08-18T12:37:46.328114,0,4987,1.0,10,6.7
2025-08-18T12:37:46.828423,0,4987,1.0,10,7.0
2025-08-18T12:37:47.328641,7,4994,1.8571428571428572,10,7.3
2025-08-18T12:37:47.828889,10,5004,2.2,10,9.2
2025-08-18T12:37:48.329110,0,5004,5.0,10,6.6
2025-08-18T12:37:48.829356,0,5004,5.0,10,7.1
2025-08-18T12:37:49.329598,0,5004,5.0,10,7.9
2025-08-18T12:37:49.830020,6,5010,1.3333333333333333,10,7.7
2025-08-18T12:37:50.330225,10,5020,2.0,10,9.8
2025-08-18T12:37:50.830525,0,5020,3.0,10,6.8
2025-08-18T12:37:51.330737,0,5020,3.0,10,6.8
2025-08-18T12:37:51.830989,0,5020,3.0,10,7.1
2025-08-18T12:37:52.331221,3,5023,2.0,10,9.8
2025-08-18T12:37:52.831528,10,5033,1.1,10,7.3
2025-08-18T12:37:53.331772,2,5035,1.0,10,8.9
2025-08-18T12:37:53.832038,20,5055,2.55,10,7.8
2025-08-18T12:37:54.332275,0,5055,6.0,10,6.8
2025-08-18T12:37:54.832546,7,5062,2.4285714285714284,10,7.1
2025-08-18T12:37:55.332813,10,5072,5.5,10,7.8
2025-08-18T12:37:55.833046,0,5072,10.0,10,7.3
2025-08-18T12:37:56.333329,0,5072,10.0,10,6.7
2025-08-18T12:37:56.833667,0,5072,10.0,10,6.7
2025-08-18T12:37:57.333916,0,5072,10.0,10,6.7
2025-08-18T12:37:57.834183,8,5080,3.625,10,7.8
2025-08-18T12:37:58.334393,10,5090,4.6,10,7.0
2025-08-18T12:37:58.834707,0,5090,9.0,10,6.7
2025-08-18T12:37:59.335040,0,5090,9.0,10,6.9
2025-08-18T12:37:59.835377,0,5090,9.0,10,7.0
2025-08-18T12:38:00.335670,0,5090,9.0,10,7.0
2025-08-18T12:38:00.835995,0,5090,9.0,10,7.3
2025-08-18T12:38:01.336297,0,5090,9.0,10,7.0
2025-08-18T12:38:01.836626,0,5090,9.0,10,7.0
2025-08-18T12:38:02.336830,1,5091,1.0,10,9.0
2025-08-18T12:38:02.837078,0,5091,1.0,10,7.6
2025-08-18T12:38:03.337290,0,5091,1.0,10,6.7
2025-08-18T12:38:03.837624,10,5101,5.5,10,7.5
2025-08-18T12:38:04.337839,0,5101,10.0,10,6.8
2025-08-18T12:38:04.838075,0,5101,10.0,10,6.6
2025-08-18T12:38:05.338299,0,5101,10.0,10,6.8
2025-08-18T12:38:05.838740,0,5101,10.0,10,7.1
2025-08-18T12:38:06.339004,0,5101,10.0,10,7.1
2025-08-18T12:38:06.839236,0,5101,10.0,10,6.8
2025-08-18T12:38:07.339491,0,5101,10.0,10,7.1
2025-08-18T12:38:07.839917,3,5104,1.3333333333333333,10,9.9
2025-08-18T12:38:08.340232,0,5104,2.0,10,6.9
2025-08-18T12:38:08.840567,0,5104,2.0,10,9.2
2025-08-18T12:38:09.341016,10,5114,4.6,10,9.0
2025-08-18T12:38:09.841428,0,5114,9.0,10,7.3
2025-08-18T12:38:10.341803,0,5114,9.0,10,7.3
2025-08-18T12:38:10.842152,0,5114,9.0,10,7.3
2025-08-18T12:38:11.342673,0,5114,9.0,10,6.6
2025-08-18T12:38:11.843021,0,5114,9.0,10,7.0
2025-08-18T12:38:12.343341,0,5114,9.0,10,6.7
2025-08-18T12:38:12.843669,5,5119,1.0,10,8.2
2025-08-18T12:38:13.344108,0,5119,1.0,10,9.7
2025-08-18T12:38:13.844485,0,5119,1.0,10,7.4
2025-08-18T12:38:14.344826,10,5129,2.0,10,7.7
2025-08-18T12:38:14.845150,0,5129,1.0,10,6.8
2025-08-18T12:38:15.345539,0,5129,1.0,10,6.5
2025-08-18T12:38:15.845877,0,5129,1.0,10,7.1
2025-08-18T12:38:16.346224,0,5129,1.0,10,6.8
2025-08-18T12:38:16.846706,0,5129,1.0,10,7.1
2025-08-18T12:38:17.346984,0,5129,1.0,10,6.9
2025-08-18T12:38:17.847287,0,5129,1.0,10,6.8
2025-08-18T12:38:18.347857,10,5139,2.6,10,7.1
2025-08-18T12:38:18.848118,0,5139,5.0,10,9.2
2025-08-18T12:38:19.348373,0,5139,5.0,10,6.5
2025-08-18T12:38:19.848688,10,5149,5.5,10,7.6
2025-08-18T12:38:20.348987,0,5149,10.0,10,7.1
2025-08-18T12:38:20.849227,0,5149,10.0,10,7.0
2025-08-18T12:38:21.349522,0,5149,10.0,10,6.7
2025-08-18T12:38:21.849928,0,5149,10.0,10,6.8
2025-08-18T12:38:22.350314,0,5149,10.0,10,7.2
2025-08-18T12:38:22.850619,0,5149,10.0,10,7.1
2025-08-18T12:38:23.350907,0,5149,10.0,10,6.7
2025-08-18T12:38:23.851153,7,5156,2.4285714285714284,10,7.2
2025-08-18T12:38:24.351623,0,5156,5.0,10,8.7
2025-08-18T12:38:24.852043,10,5166,4.6,10,7.7
2025-08-18T12:38:25.352395,0,5166,1.0,10,6.7
2025-08-18T12:38:25.852757,0,5166,1.0,10,7.1
2025-08-18T12:38:26.353097,0,5166,1.0,10,6.6
2025-08-18T12:38:26.853468,0,5166,1.0,10,7.0
2025-08-18T12:38:27.353848,0,5166,1.0,10,6.9
2025-08-18T12:38:27.854096,0,5166,1.0,10,6.5
2025-08-18T12:38:28.354349,4,5170,1.75,10,7.1
2025-08-18T12:38:28.854768,0,5170,3.0,10,10.0
2025-08-18T12:38:29.355098,0,5170,3.0,10,8.1
2025-08-18T12:38:29.855413,10,5180,2.2,10,7.2
2025-08-18T12:38:30.355638,0,5180,1.0,10,6.8
2025-08-18T12:38:30.855887,0,5180,1.0,10,7.0
2025-08-18T12:38:31.356139,0,5180,1.0,10,7.0
2025-08-18T12:38:31.856498,0,5180,1.0,10,6.7
2025-08-18T12:38:32.356810,0,5180,1.0,10,6.9
2025-08-18T12:38:32.858504,4,5184,1.75,10,9.6
2025-08-18T12:38:33.358704,0,5184,3.0,10,6.6
2025-08-18T12:38:33.859018,0,5184,3.0,10,7.0
2025-08-18T12:38:34.359260,10,5194,2.5,10,7.4
2025-08-18T12:38:34.859503,0,5194,6.0,10,6.7
2025-08-18T12:38:35.359777,0,5194,6.0,10,6.9
2025-08-18T12:38:35.860024,0,5194,6.0,10,6.9
2025-08-18T12:38:36.360305,0,5194,6.0,10,6.6
2025-08-18T12:38:36.860566,0,5194,6.0,10,7.1
2025-08-18T12:38:37.360855,0,5194,6.0,10,6.8
2025-08-18T12:38:37.861145,0,5194,6.0,10,6.7
2025-08-18T12:38:38.361538,0,5194,6.0,10,6.6
2025-08-18T12:38:38.861819,8,5202,3.625,10,9.8
2025-08-18T12:38:39.362117,10,5212,2.5,10,7.3
2025-08-18T12:38:39.862424,0,5212,6.0,10,6.6
2025-08-18T12:38:40.362723,0,5212,6.0,10,6.9
2025-08-18T12:38:40.863158,0,5212,6.0,10,6.9
2025-08-18T12:38:41.363585,0,5212,6.0,10,7.3
2025-08-18T12:38:41.863930,0,5212,6.0,10,6.6
2025-08-18T12:38:42.364252,7,5219,3.142857142857143,10,8.2
2025-08-18T12:38:42.864580,0,5219,6.0,10,8.8
2025-08-18T12:38:43.364929,0,5219,6.0,10,6.8
2025-08-18T12:38:43.865259,10,5229,1.7,10,7.5
2025-08-18T12:38:44.365592,0,5229,2.0,10,6.8
2025-08-18T12:38:44.865827,0,5229,2.0,10,6.4
2025-08-18T12:38:45.366060,0,5229,2.0,10,7.8
2025-08-18T12:38:45.866412,0,5229,2.0,10,7.2
2025-08-18T12:38:46.366877,0,5229,2.0,10,6.9
2025-08-18T12:38:46.867124,0,5229,2.0,10,6.8
2025-08-18T12:38:47.367392,0,5229,2.0,10,6.6
2025-08-18T12:38:47.867718,3,5232,1.0,10,9.8
2025-08-18T12:38:48.367966,0,5232,1.0,10,6.6
2025-08-18T12:38:48.868224,10,5242,2.1,10,8.3
2025-08-18T12:38:49.368573,0,5242,5.0,10,6.9
2025-08-18T12:38:49.868934,0,5242,5.0,10,7.2
2025-08-18T12:38:50.369223,0,5242,5.0,10,7.6
2025-08-18T12:38:50.869495,0,5242,5.0,10,7.2
2025-08-18T12:38:51.369719,0,5242,5.0,10,6.8
2025-08-18T12:38:51.870085,0,5242,5.0,10,6.5
2025-08-18T12:38:52.370617,0,5242,5.0,10,7.2
2025-08-18T12:38:52.870871,0,5242,5.0,10,7.0
2025-08-18T12:38:53.371166,3,5245,1.3333333333333333,10,9.5
2025-08-18T12:38:53.871566,0,5245,2.0,10,6.7
2025-08-18T12:38:54.371869,10,5255,2.8,10,8.7
2025-08-18T12:38:54.872102,0,5255,3.0,10,6.6
2025-08-18T12:38:55.372338,0,5255,3.0,10,6.6
2025-08-18T12:38:55.872568,0,5255,3.0,10,7.1
2025-08-18T12:38:56.372806,0,5255,3.0,10,6.5
2025-08-18T12:38:56.873057,0,5255,3.0,10,7.1
2025-08-18T12:38:57.373336,0,5255,3.0,10,6.6
2025-08-18T12:38:57.873638,4,5259,1.25,10,8.0
2025-08-18T12:38:58.384740,10,5269,4.0,10,6.9
2025-08-18T12:38:58.885106,0,5269,1.0,10,7.4
2025-08-18T12:38:59.385303,0,5269,1.0,10,6.5
2025-08-18T12:38:59.885546,0,5269,1.0,10,6.8
2025-08-18T12:39:00.385754,0,5269,1.0,10,6.8
2025-08-18T12:39:00.886000,0,5269,1.0,10,7.2
2025-08-18T12:39:01.386258,0,5269,1.0,10,6.7
2025-08-18T12:39:01.886493,0,5269,1.0,10,6.6
2025-08-18T12:39:02.386764,5,5274,1.4,10,7.9
2025-08-18T12:39:02.887153,0,5274,2.0,10,8.6
2025-08-18T12:39:03.387377,0,5274,2.0,10,7.3
2025-08-18T12:39:03.887681,10,5284,1.6,10,7.3
2025-08-18T12:39:04.387901,0,5284,4.0,10,6.6
2025-08-18T12:39:04.888154,0,5284,4.0,10,6.7
2025-08-18T12:39:05.388380,0,5284,4.0,10,6.8
2025-08-18T12:39:05.888708,0,5284,4.0,10,6.8
2025-08-18T12:39:06.388932,0,5284,4.0,10,6.7
2025-08-18T12:39:06.889174,0,5284,4.0,10,6.7
2025-08-18T12:39:07.389479,9,5293,1.6666666666666667,10,8.3
2025-08-18T12:39:07.889732,0,5293,1.0,10,6.6
2025-08-18T12:39:08.389997,10,5303,2.5,10,7.4
2025-08-18T12:39:08.890287,0,5303,1.0,10,7.0
2025-08-18T12:39:09.390496,0,5303,1.0,10,6.6
2025-08-18T12:39:09.890733,0,5303,1.0,10,6.8
2025-08-18T12:39:10.390949,0,5303,1.0,10,6.8
2025-08-18T12:39:10.891196,0,5303,1.0,10,7.2
2025-08-18T12:39:11.391413,0,5303,1.0,10,6.6
2025-08-18T12:39:11.891719,0,5303,1.0,10,6.8
2025-08-18T12:39:12.392008,7,5310,1.2857142857142858,10,9.5
2025-08-18T12:39:12.892307,0,5310,2.0,10,6.6
2025-08-18T12:39:13.392556,10,5320,5.5,10,7.6
2025-08-18T12:39:13.892785,0,5320,10.0,10,6.8
2025-08-18T12:39:14.393020,0,5320,10.0,10,6.6
2025-08-18T12:39:14.893255,0,5320,10.0,10,6.7
2025-08-18T12:39:15.393491,0,5320,10.0,10,7.0
2025-08-18T12:39:15.893720,0,5320,10.0,10,7.0
2025-08-18T12:39:16.393958,0,5320,10.0,10,6.7
2025-08-18T12:39:16.894259,1,5321,1.0,10,9.3
2025-08-18T12:39:17.394606,0,5321,1.0,10,7.1
2025-08-18T12:39:17.894899,0,5321,1.0,10,6.9
2025-08-18T12:39:18.395152,10,5331,2.1,10,7.1
2025-08-18T12:39:18.895448,0,5331,2.0,10,6.8
2025-08-18T12:39:19.395775,0,5331,2.0,10,6.5
2025-08-18T12:39:19.896072,0,5331,2.0,10,6.9
2025-08-18T12:39:20.396390,0,5331,2.0,10,6.8
2025-08-18T12:39:20.896682,0,5331,2.0,10,7.3
2025-08-18T12:39:21.396957,0,5331,2.0,10,6.9
2025-08-18T12:39:21.897243,0,5331,2.0,10,6.8
2025-08-18T12:39:22.397545,3,5334,2.0,10,10.0
2025-08-18T12:39:22.897822,0,5334,3.0,10,7.9
2025-08-18T12:39:23.398080,10,5344,3.9,10,7.7
2025-08-18T12:39:23.898397,0,5344,8.0,10,7.1
2025-08-18T12:39:24.398634,0,5344,8.0,10,6.6
2025-08-18T12:39:24.898877,0,5344,8.0,10,6.8
2025-08-18T12:39:25.399214,0,5344,8.0,10,8.0
2025-08-18T12:39:25.899535,0,5344,8.0,10,6.9
2025-08-18T12:39:26.399741,0,5344,8.0,10,6.9
2025-08-18T12:39:26.900048,0,5344,8.0,10,6.5
2025-08-18T12:39:27.400341,0,5344,8.0,10,6.6
2025-08-18T12:39:27.900652,0,5344,8.0,10,6.8
2025-08-18T12:39:28.400892,7,5351,4.0,10,8.3
2025-08-18T12:39:28.901131,0,5351,7.0,10,8.4
2025-08-18T12:39:29.401459,0,5351,7.0,10,6.6
2025-08-18T12:39:29.901767,0,5351,7.0,10,6.6
2025-08-18T12:39:30.402164,0,5351,7.0,10,6.6
2025-08-18T12:39:30.902389,0,5351,7.0,10,7.3
2025-08-18T12:39:31.402688,10,5361,3.1,10,7.1
2025-08-18T12:39:31.902969,0,5361,7.0,10,6.5
2025-08-18T12:39:32.403238,0,5361,7.0,10,6.8
2025-08-18T12:39:32.903533,0,5361,7.0,10,7.1
2025-08-18T12:39:33.403817,0,5361,7.0,10,6.5
2025-08-18T12:39:33.904127,0,5361,7.0,10,6.6
2025-08-18T12:39:34.404378,0,5361,7.0,10,7.1
2025-08-18T12:39:34.904663,0,5361,7.0,10,6.7
2025-08-18T12:39:35.404919,0,5361,7.0,10,6.6
2025-08-18T12:39:35.905161,0,5361,7.0,10,6.7
2025-08-18T12:39:36.405407,9,5370,5.0,10,8.3
2025-08-18T12:39:36.905706,0,5370,9.0,10,6.5
2025-08-18T12:39:37.405939,10,5380,5.5,10,8.0
2025-08-18T12:39:37.906183,0,5380,10.0,10,6.5
2025-08-18T12:39:38.406438,0,5380,10.0,10,7.1
2025-08-18T12:39:38.906722,0,5380,10.0,10,7.0
2025-08-18T12:39:39.407002,0,5380,10.0,10,6.9
2025-08-18T12:39:39.907310,0,5380,10.0,10,6.7
2025-08-18T12:39:40.407683,10,5390,5.5,10,9.6
2025-08-18T12:39:40.907942,10,5400,5.5,10,7.5
2025-08-18T12:39:41.408166,0,5400,10.0,10,6.6
2025-08-18T12:39:41.908397,0,5400,10.0,10,6.6
2025-08-18T12:39:42.408639,0,5400,10.0,10,6.6
2025-08-18T12:39:42.908867,0,5400,10.0,10,6.9
2025-08-18T12:39:43.409089,1,5401,1.0,10,8.0
2025-08-18T12:39:43.909317,0,5401,1.0,10,7.6
2025-08-18T12:39:44.409798,0,5401,1.0,10,6.7
2025-08-18T12:39:44.910084,0,5401,1.0,10,6.8
2025-08-18T12:39:45.410374,10,5411,5.5,10,7.4
2025-08-18T12:39:45.910659,0,5411,10.0,10,7.0
2025-08-18T12:39:46.411229,0,5411,10.0,10,6.9
2025-08-18T12:39:46.911535,0,5411,10.0,10,6.6
2025-08-18T12:39:47.411862,0,5411,10.0,10,7.0
2025-08-18T12:39:47.912270,0,5411,10.0,10,6.9
2025-08-18T12:39:48.412541,0,5411,10.0,10,7.0
2025-08-18T12:39:48.912823,0,5411,10.0,10,6.9
2025-08-18T12:39:49.413108,0,5411,10.0,10,6.9
2025-08-18T12:39:49.913511,0,5411,10.0,10,6.6
2025-08-18T12:39:50.413894,10,5421,3.2,10,9.9
2025-08-18T12:39:50.914147,0,5421,1.0,10,7.2
2025-08-18T12:39:51.414385,10,5431,3.1,10,7.4
2025-08-18T12:39:51.914674,0,5431,1.0,10,7.2
2025-08-18T12:39:52.414935,0,5431,1.0,10,6.8
2025-08-18T12:39:52.915298,0,5431,1.0,10,6.9
2025-08-18T12:39:53.415587,0,5431,1.0,10,6.8
2025-08-18T12:39:53.915835,0,5431,1.0,10,6.8
2025-08-18T12:39:54.416304,0,5431,1.0,10,6.8
2025-08-18T12:39:54.916676,0,5431,1.0,10,6.9
2025-08-18T12:39:55.416917,9,5440,1.0,10,8.9
2025-08-18T12:39:55.917143,0,5440,1.0,10,7.1
2025-08-18T12:39:56.426872,10,5450,1.0,10,7.4
2025-08-18T12:39:56.927098,0,5450,2.25,10,8.7
2025-08-18T12:39:57.427294,14,5464,2.142857142857143,10,10.1
2025-08-18T12:39:57.927532,0,5464,6.0,10,7.1
2025-08-18T12:39:58.427780,0,5464,6.0,10,6.6
2025-08-18T12:39:58.933688,14,5478,2.0,10,7.9
2025-08-18T12:39:59.433933,0,5478,1.0,10,6.9
2025-08-18T12:39:59.934202,0,5478,1.0,10,6.5
2025-08-18T12:40:00.434479,0,5478,1.0,10,7.2
2025-08-18T12:40:00.934732,0,5478,1.0,10,7.1
2025-08-18T12:40:01.434938,9,5487,4.111111111111111,10,8.9
2025-08-18T12:40:01.935160,0,5487,8.0,10,6.6
2025-08-18T12:40:02.435375,10,5497,1.0,10,7.8
2025-08-18T12:40:02.935686,0,5497,1.0,10,7.0
2025-08-18T12:40:03.436036,3,5500,2.0,10,7.1
2025-08-18T12:40:03.936323,0,5500,3.0,10,7.4
2025-08-18T12:40:04.436561,10,5510,2.2,10,6.9
2025-08-18T12:40:04.936783,1,5511,1.0,10,7.0
2025-08-18T12:40:05.436986,0,5511,1.0,10,6.9
2025-08-18T12:40:05.937261,10,5521,4.6,10,8.1
2025-08-18T12:40:06.437485,10,5531,2.6,10,6.8
2025-08-18T12:40:06.937737,42,5573,1.5952380952380953,10,10.6
2025-08-18T12:40:07.437939,31,5604,3.7096774193548385,10,8.6
2025-08-18T12:40:07.938147,30,5634,1.7333333333333334,10,8.1
2025-08-18T12:40:08.438398,20,5654,2.75,10,9.3
2025-08-18T12:40:08.938635,10,5664,2.1,10,7.4
2025-08-18T12:40:09.438840,17,5681,2.588235294117647,10,8.2
2025-08-18T12:40:09.939074,48,5729,3.6875,10,9.2
2025-08-18T12:40:10.439279,16,5745,2.8125,10,8.8
2025-08-18T12:40:10.939569,31,5776,3.2580645161290325,10,8.8
2025-08-18T12:40:11.439762,21,5797,2.4761904761904763,10,8.6
2025-08-18T12:40:11.939993,35,5832,3.6,10,8.8
2025-08-18T12:40:12.440255,1,5833,1.0,10,6.8
2025-08-18T12:40:12.940539,20,5853,2.3,10,7.8
2025-08-18T12:40:13.440751,10,5863,2.8,10,6.9
2025-08-18T12:40:13.940963,7,5870,2.0,10,8.3
2025-08-18T12:40:14.441203,20,5890,2.9,10,9.9
2025-08-18T12:40:14.941424,0,5890,5.0,10,6.8
2025-08-18T12:40:15.441632,0,5890,5.0,10,6.8
2025-08-18T12:40:15.941875,24,5914,2.0,10,10.4
2025-08-18T12:40:16.442140,20,5934,3.4,10,8.0
2025-08-18T12:40:16.942389,8,5942,1.875,10,8.7
2025-08-18T12:40:17.442677,10,5952,3.1,10,7.3
2025-08-18T12:40:17.942885,21,5973,3.238095238095238,10,7.8
2025-08-18T12:40:18.443116,0,5973,5.0,10,6.8
2025-08-18T12:40:18.943426,4,5977,1.75,10,7.0
2025-08-18T12:40:19.443718,10,5987,1.8,10,8.3
2025-08-18T12:40:19.943951,0,5987,4.0,10,6.8
2025-08-18T12:40:20.444190,0,5987,4.0,10,6.5
2025-08-18T12:40:20.944490,19,6006,2.4210526315789473,10,8.5
2025-08-18T12:40:21.444802,9,6015,4.111111111111111,10,8.3
2025-08-18T12:40:21.945054,10,6025,3.1,10,7.1
2025-08-18T12:40:22.445269,9,6034,5.0,10,7.2
2025-08-18T12:40:22.945515,10,6044,5.5,10,7.6
2025-08-18T12:40:23.445780,0,6044,10.0,10,6.8
2025-08-18T12:40:23.946086,40,6084,2.875,10,10.0
2025-08-18T12:40:24.446353,0,6084,2.0,10,7.1
2025-08-18T12:40:24.946678,3,6087,1.3333333333333333,10,9.1
2025-08-18T12:40:25.446926,10,6097,2.5,10,7.7
2025-08-18T12:40:25.947176,0,6097,1.0,10,7.1
2025-08-18T12:40:26.447438,0,6097,1.0,10,6.9
2025-08-18T12:40:26.947674,8,6105,3.625,10,7.6
2025-08-18T12:40:27.447945,0,6105,7.0,10,6.5
2025-08-18T12:40:27.948260,10,6115,3.0,10,7.4
2025-08-18T12:40:28.448514,7,6122,1.8571428571428572,10,6.9
2025-08-18T12:40:28.948795,20,6142,1.55,10,8.4
2025-08-18T12:40:29.449067,0,6142,5.0,10,7.0
2025-08-18T12:40:29.952343,21,6163,1.7857142857142858,10,7.7
2025-08-18T12:40:30.452706,0,6163,3.142857142857143,10,7.6
2025-08-18T12:40:30.953020,19,6182,2.3684210526315788,10,8.3
2025-08-18T12:40:31.453299,10,6192,2.1,10,7.2
2025-08-18T12:40:31.953655,0,6192,2.0,10,7.0
2025-08-18T12:40:32.453883,18,6210,2.8333333333333335,10,8.3
2025-08-18T12:40:32.954172,0,6210,6.0,10,7.1
2025-08-18T12:40:33.454429,23,6233,2.9130434782608696,10,9.4
2025-08-18T12:40:33.954630,2,6235,1.5,10,7.0
2025-08-18T12:40:34.454863,10,6245,2.5,10,7.6
2025-08-18T12:40:34.955133,19,6264,3.9473684210526314,10,8.3
2025-08-18T12:40:35.455394,10,6274,4.6,10,7.1
2025-08-18T12:40:35.955616,12,6286,4.0,10,7.5
2025-08-18T12:40:36.455786,10,6296,5.5,10,7.5
2025-08-18T12:40:36.956062,0,6296,10.0,10,7.0
2025-08-18T12:40:37.456271,0,6296,10.0,10,6.8
2025-08-18T12:40:37.956527,19,6315,5.2631578947368425,10,8.0
2025-08-18T12:40:38.456770,12,6327,4.833333333333333,10,7.4
2025-08-18T12:40:38.957061,10,6337,5.5,10,8.1
2025-08-18T12:40:39.457269,20,6357,5.5,10,9.5
2025-08-18T12:40:39.957522,10,6367,5.5,10,6.8
2025-08-18T12:40:40.457793,0,6367,10.0,10,6.6
2025-08-18T12:40:40.958044,6,6373,3.5,10,7.8
2025-08-18T12:40:41.458265,10,6383,3.9,10,7.1
2025-08-18T12:40:41.958516,13,6396,4.6923076923076925,10,8.2
2025-08-18T12:40:42.458801,10,6406,5.5,10,6.8
2025-08-18T12:40:42.959081,0,6406,10.0,10,6.8
2025-08-18T12:40:43.459270,5,6411,3.0,10,9.3
2025-08-18T12:40:43.959495,10,6421,5.5,10,8.7
2025-08-18T12:40:44.459716,5,6426,3.0,10,6.9
2025-08-18T12:40:44.959969,10,6436,1.0,10,8.0
2025-08-18T12:40:45.460228,0,6436,1.0,10,6.8
2025-08-18T12:40:45.960482,12,6448,4.0,10,8.2
2025-08-18T12:40:46.460707,0,6448,9.0,10,7.0
2025-08-18T12:40:46.960942,10,6458,1.6,10,7.0
2025-08-18T12:40:47.461214,0,6458,4.0,10,7.1
2025-08-18T12:40:47.961448,14,6472,4.642857142857143,10,8.3
2025-08-18T12:40:48.461649,0,6472,10.0,10,8.9
2025-08-18T12:40:48.961884,19,6491,5.2631578947368425,10,8.3
2025-08-18T12:40:49.462153,0,6491,10.0,10,7.1
2025-08-18T12:40:49.962370,7,6498,3.142857142857143,10,8.1
2025-08-18T12:40:50.462604,10,6508,1.3,10,8.3
2025-08-18T12:40:50.962927,0,6508,3.0,10,7.4
2025-08-18T12:40:51.463239,0,6508,3.0,10,6.9
2025-08-18T12:40:51.963559,0,6508,3.0,10,6.6
2025-08-18T12:40:52.463805,20,6528,4.6,10,8.0
2025-08-18T12:40:52.964031,0,6528,9.0,10,8.4
2025-08-18T12:40:53.464320,0,6528,9.0,10,6.8
2025-08-18T12:40:53.964618,12,6540,2.25,10,9.8
2025-08-18T12:40:54.464857,0,6540,6.0,10,7.7
2025-08-18T12:40:54.965139,0,6540,6.0,10,7.5
2025-08-18T12:40:55.465378,5,6545,2.2,10,7.5
2025-08-18T12:40:55.965645,10,6555,4.6,10,9.7
2025-08-18T12:40:56.465885,0,6555,9.0,10,8.1
2025-08-18T12:40:56.966146,0,6555,9.0,10,7.7
2025-08-18T12:40:57.466378,0,6555,9.0,10,8.3
2025-08-18T12:40:57.966678,20,6575,3.85,10,8.0
2025-08-18T12:40:58.466922,0,6575,7.0,10,7.0
2025-08-18T12:40:58.967288,2,6577,1.0,10,10.1
2025-08-18T12:40:59.467528,20,6597,2.55,10,8.3
2025-08-18T12:40:59.967766,0,6597,6.0,10,8.3
2025-08-18T12:41:00.468015,0,6597,6.0,10,8.1
2025-08-18T12:41:00.968320,9,6606,3.4444444444444446,10,13.7
2025-08-18T12:41:01.468603,0,6606,2.0,10,16.4
2025-08-18T12:41:01.968860,10,6616,1.5,10,10.5
2025-08-18T12:41:02.469104,0,6616,2.0,10,9.1
2025-08-18T12:41:02.969342,0,6616,2.0,10,8.4
2025-08-18T12:41:03.469627,0,6616,2.0,10,6.9
2025-08-18T12:41:03.969876,0,6616,2.0,10,7.4
2025-08-18T12:41:04.470104,0,6616,2.0,10,7.4
2025-08-18T12:41:04.970337,0,6616,2.0,10,6.9
2025-08-18T12:41:05.470625,0,6616,2.0,10,7.4
2025-08-18T12:41:05.970868,7,6623,1.7142857142857142,10,8.5
2025-08-18T12:41:06.471102,10,6633,1.0,10,7.9
2025-08-18T12:41:06.971335,0,6633,1.0,10,9.1
2025-08-18T12:41:07.471660,0,6633,1.0,10,9.8
2025-08-18T12:41:07.971919,0,6633,1.0,10,9.7
2025-08-18T12:41:08.472201,0,6633,1.0,10,8.2
2025-08-18T12:41:08.972439,0,6633,1.0,10,9.1
2025-08-18T12:41:09.472675,0,6633,1.0,10,8.2
2025-08-18T12:41:09.972919,0,6633,1.0,10,9.1
2025-08-18T12:41:10.473136,5,6638,2.2,10,11.4
2025-08-18T12:41:10.973384,10,6648,4.6,10,8.9
2025-08-18T12:41:11.473662,0,6648,9.0,10,8.1
2025-08-18T12:41:11.973927,0,6648,9.0,10,9.9
2025-08-18T12:41:12.474171,0,6648,9.0,10,7.6
2025-08-18T12:41:12.974462,0,6648,9.0,10,7.7
2025-08-18T12:41:13.474695,0,6648,9.0,10,7.3
2025-08-18T12:41:13.975031,0,6648,9.0,10,9.7
2025-08-18T12:41:14.475279,0,6648,9.0,10,8.0
2025-08-18T12:41:14.976764,9,6657,5.0,10,7.7
2025-08-18T12:41:15.477076,0,6657,9.0,10,9.3
2025-08-18T12:41:15.977328,10,6667,1.4,10,8.1
2025-08-18T12:41:16.477612,0,6667,2.0,10,6.9
2025-08-18T12:41:16.977906,0,6667,2.0,10,7.5
2025-08-18T12:41:17.478202,0,6667,2.0,10,7.2
2025-08-18T12:41:17.978479,0,6667,2.0,10,8.4
2025-08-18T12:41:18.478720,0,6667,2.0,10,9.3
2025-08-18T12:41:18.978998,0,6667,2.0,10,8.1
2025-08-18T12:41:19.479367,0,6667,2.0,10,8.5
2025-08-18T12:41:19.979721,0,6667,2.0,10,9.7
2025-08-18T12:41:20.480126,0,6667,2.0,10,7.8
2025-08-18T12:41:20.980446,0,6667,2.0,10,9.7
2025-08-18T12:41:21.480771,3,6670,1.3333333333333333,10,8.8
2025-08-18T12:41:21.981097,10,6680,2.0,10,9.0
2025-08-18T12:41:22.481444,0,6680,1.0,10,7.4
2025-08-18T12:41:22.981807,0,6680,1.0,10,7.7
2025-08-18T12:41:23.482132,0,6680,1.0,10,7.5
2025-08-18T12:41:23.982469,0,6680,1.0,10,8.7
2025-08-18T12:41:24.482791,0,6680,1.0,10,8.6
2025-08-18T12:41:24.983101,0,6680,1.0,10,7.5
2025-08-18T12:41:25.483414,0,6680,1.0,10,7.0
2025-08-18T12:41:25.983738,0,6680,1.0,10,7.7
2025-08-18T12:41:26.484058,0,6680,1.0,10,8.9
2025-08-18T12:41:26.984391,8,6688,1.5,10,8.2
2025-08-18T12:41:27.484756,0,6688,1.0,10,7.1
2025-08-18T12:41:27.985025,0,6688,1.0,10,7.5
2025-08-18T12:41:28.485263,10,6698,1.4,10,7.6
2025-08-18T12:41:28.985647,0,6698,3.0,10,8.0
2025-08-18T12:41:29.485909,0,6698,3.0,10,7.7
2025-08-18T12:41:29.986143,0,6698,3.0,10,7.7
2025-08-18T12:41:30.486420,0,6698,3.0,10,8.4
2025-08-18T12:41:30.986678,0,6698,3.0,10,8.0
2025-08-18T12:41:31.486913,0,6698,3.0,10,9.8
2025-08-18T12:41:31.987137,0,6698,3.0,10,8.8
2025-08-18T12:41:32.487360,11,6709,2.4545454545454546,10,8.9
2025-08-18T12:41:32.987630,0,6709,6.0,10,7.9
2025-08-18T12:41:33.487911,0,6709,6.0,10,8.8
2025-08-18T12:41:33.988152,0,6709,6.0,10,8.3
2025-08-18T12:41:34.488373,0,6709,6.0,10,8.7
2025-08-18T12:41:34.988650,0,6709,6.0,10,7.9
2025-08-18T12:41:35.488877,0,6709,6.0,10,8.2
2025-08-18T12:41:35.989139,0,6709,6.0,10,8.5
2025-08-18T12:41:36.489383,0,6709,6.0,10,9.0
2025-08-18T12:41:36.989627,0,6709,6.0,10,7.3
2025-08-18T12:41:37.489949,19,6728,1.5789473684210527,10,11.2
2025-08-18T12:41:37.990186,10,6738,1.0,10,8.3
2025-08-18T12:41:38.490440,0,6738,1.0,10,7.8
2025-08-18T12:41:38.990929,0,6738,1.0,10,7.2
2025-08-18T12:41:39.491397,0,6738,1.0,10,7.6
2025-08-18T12:41:39.991644,0,6738,1.0,10,8.5
2025-08-18T12:41:40.491865,0,6738,1.0,10,7.2
2025-08-18T12:41:40.992120,0,6738,1.0,10,7.7
2025-08-18T12:41:41.492344,0,6738,1.0,10,7.9
2025-08-18T12:41:41.992574,14,6752,1.2857142857142858,10,9.2
2025-08-18T12:41:42.492804,0,6752,1.0,10,8.1
2025-08-18T12:41:42.993081,0,6752,1.0,10,7.3
2025-08-18T12:41:43.493306,0,6752,1.0,10,6.9
2025-08-18T12:41:43.993588,0,6752,1.0,10,7.4
2025-08-18T12:41:44.493820,0,6752,1.0,10,8.2
2025-08-18T12:41:44.994102,0,6752,1.0,10,7.3
2025-08-18T12:41:45.494378,8,6760,4.5,10,8.4
2025-08-18T12:41:45.994645,0,6760,8.0,10,7.3
2025-08-18T12:41:46.496098,10,6770,3.2,10,7.6
2025-08-18T12:41:46.996392,0,6770,1.0,10,7.1
2025-08-18T12:41:47.496618,0,6770,1.0,10,7.6
2025-08-18T12:41:47.996869,3,6773,2.0,10,8.7
2025-08-18T12:41:48.497110,0,6773,3.0,10,10.2
2025-08-18T12:41:48.997530,0,6773,3.0,10,7.9
2025-08-18T12:41:49.497752,10,6783,3.2,10,8.1
2025-08-18T12:41:49.997960,0,6783,7.0,10,7.6
2025-08-18T12:41:50.498191,0,6783,7.0,10,8.5
2025-08-18T12:41:50.998413,0,6783,7.0,10,7.5
2025-08-18T12:41:51.498633,0,6783,7.0,10,6.9
2025-08-18T12:41:51.998844,0,6783,7.0,10,7.8
2025-08-18T12:41:52.499080,0,6783,7.0,10,9.6
2025-08-18T12:41:52.999370,4,6787,2.5,10,9.2
2025-08-18T12:41:53.499613,0,6787,4.0,10,7.4
2025-08-18T12:41:53.999829,10,6797,2.0,10,8.7
2025-08-18T12:41:54.500044,0,6797,5.0,10,8.1
2025-08-18T12:41:55.000240,0,6797,5.0,10,8.3
2025-08-18T12:41:55.500485,0,6797,5.0,10,7.1
2025-08-18T12:41:56.000727,3,6800,1.3333333333333333,10,10.5
2025-08-18T12:41:56.500949,10,6810,1.1,10,8.5
2025-08-18T12:41:57.001173,0,6810,2.0,10,8.1
2025-08-18T12:41:57.501556,0,6810,2.0,10,7.3
2025-08-18T12:41:58.001806,0,6810,2.0,10,9.8
2025-08-18T12:41:58.502076,0,6810,2.0,10,8.5
2025-08-18T12:41:59.002376,0,6810,2.0,10,8.1
2025-08-18T12:41:59.502659,0,6810,2.0,10,7.3
2025-08-18T12:42:00.002906,7,6817,1.8571428571428572,10,9.4
2025-08-18T12:42:00.503141,0,6817,4.0,10,7.5
2025-08-18T12:42:01.003377,10,6827,1.3,10,8.6
2025-08-18T12:42:01.503677,0,6827,1.0,10,7.9
2025-08-18T12:42:02.003918,0,6827,1.0,10,9.4
2025-08-18T12:42:02.504162,0,6827,1.0,10,9.6
2025-08-18T12:42:03.004486,1,6828,1.0,10,8.8
2025-08-18T12:42:03.504797,0,6828,1.0,10,6.7
2025-08-18T12:42:04.005036,0,6828,1.0,10,6.8
2025-08-18T12:42:04.505274,0,6828,1.0,10,6.9
2025-08-18T12:42:05.005558,10,6838,4.6,10,7.1
2025-08-18T12:42:05.505864,0,6838,9.0,10,6.9
2025-08-18T12:42:06.006155,0,6838,9.0,10,7.1
2025-08-18T12:42:06.506432,0,6838,9.0,10,6.7
2025-08-18T12:42:07.006686,0,6838,9.0,10,7.1
2025-08-18T12:42:07.506916,0,6838,9.0,10,6.8
2025-08-18T12:42:08.007270,10,6848,1.4,10,10.2
2025-08-18T12:42:08.507570,10,6858,2.2,10,9.0
2025-08-18T12:42:09.007812,0,6858,4.0,10,7.0
2025-08-18T12:42:09.508039,0,6858,4.0,10,6.6
2025-08-18T12:42:10.008293,0,6858,4.0,10,6.8
2025-08-18T12:42:10.508622,0,6858,4.0,10,6.9
2025-08-18T12:42:11.008862,0,6858,4.0,10,7.3
2025-08-18T12:42:11.509067,4,6862,1.75,10,9.0
2025-08-18T12:42:12.009363,10,6872,1.0,10,8.1
2025-08-18T12:42:12.509617,0,6872,1.0,10,7.0
2025-08-18T12:42:13.009914,0,6872,1.0,10,7.3
2025-08-18T12:42:13.510150,0,6872,1.0,10,6.6
2025-08-18T12:42:14.010436,0,6872,1.0,10,7.1
2025-08-18T12:42:14.510638,10,6882,2.3,10,6.9
2025-08-18T12:42:15.010832,10,6892,3.8,10,9.6
2025-08-18T12:42:15.511104,0,6892,1.0,10,6.8
2025-08-18T12:42:16.011330,0,6892,1.0,10,7.0
2025-08-18T12:42:16.511605,0,6892,1.0,10,6.8
2025-08-18T12:42:17.011878,0,6892,1.0,10,7.0
2025-08-18T12:42:17.512155,0,6892,1.0,10,6.8
2025-08-18T12:42:18.012430,0,6892,1.0,10,6.9
2025-08-18T12:42:18.512714,0,6892,1.0,10,6.8
2025-08-18T12:42:19.013021,4,6896,1.75,10,9.4
2025-08-18T12:42:19.513328,0,6896,3.0,10,6.6
2025-08-18T12:42:20.013609,0,6896,3.0,10,7.2
2025-08-18T12:42:20.513852,10,6906,2.6,10,7.2
2025-08-18T12:42:21.014170,0,6906,6.0,10,6.9
2025-08-18T12:42:21.514498,0,6906,6.0,10,6.8
2025-08-18T12:42:22.014789,0,6906,6.0,10,7.1
2025-08-18T12:42:22.515074,0,6906,6.0,10,6.7
2025-08-18T12:42:23.015336,0,6906,6.0,10,6.6
2025-08-18T12:42:23.515618,0,6906,6.0,10,7.2
2025-08-18T12:42:24.015863,0,6906,6.0,10,6.9
2025-08-18T12:42:24.516105,5,6911,1.2,10,9.0
2025-08-18T12:42:25.016402,0,6911,1.0,10,6.8
2025-08-18T12:42:25.516698,10,6921,1.2,10,7.1
2025-08-18T12:42:26.017034,0,6921,2.0,10,7.4
2025-08-18T12:42:26.517287,0,6921,2.0,10,6.9
2025-08-18T12:42:27.017588,0,6921,2.0,10,6.7
2025-08-18T12:42:27.517837,0,6921,2.0,10,6.6
2025-08-18T12:42:28.018154,0,6921,2.0,10,6.9
2025-08-18T12:42:28.518451,0,6921,2.0,10,7.1
2025-08-18T12:42:29.018702,0,6921,2.0,10,6.7
2025-08-18T12:42:29.518936,0,6921,2.0,10,6.7
2025-08-18T12:42:30.019229,0,6921,2.0,10,7.6
2025-08-18T12:42:30.519456,0,6921,2.0,10,6.9
2025-08-18T12:42:31.019659,17,6938,1.5294117647058822,10,10.6
2025-08-18T12:42:31.519908,0,6938,2.0,10,7.0
2025-08-18T12:42:32.020151,0,6938,2.0,10,7.1
2025-08-18T12:42:32.520375,0,6938,2.0,10,8.3
2025-08-18T12:42:33.020619,0,6938,2.0,10,6.7
2025-08-18T12:42:33.520860,0,6938,2.0,10,6.9
2025-08-18T12:42:34.021105,0,6938,2.0,10,6.6
2025-08-18T12:42:34.521336,0,6938,2.0,10,6.8
2025-08-18T12:42:35.021619,7,6945,1.2857142857142858,10,8.3
2025-08-18T12:42:35.521852,10,6955,2.5,10,7.4
2025-08-18T12:42:36.022085,0,6955,1.0,10,6.8
2025-08-18T12:42:36.522312,0,6955,1.0,10,6.9
2025-08-18T12:42:37.022632,0,6955,1.0,10,7.0
2025-08-18T12:42:37.522920,0,6955,1.0,10,6.6
2025-08-18T12:42:38.023152,0,6955,1.0,10,6.6
2025-08-18T12:42:38.523373,17,6972,1.3529411764705883,10,8.2
2025-08-18T12:42:39.023690,0,6972,2.0,10,7.2
2025-08-18T12:42:39.523928,0,6972,2.0,10,6.6
2025-08-18T12:42:40.024157,0,6972,2.0,10,6.8
2025-08-18T12:42:40.524371,0,6972,2.0,10,6.9
2025-08-18T12:42:41.024621,0,6972,2.0,10,7.2
2025-08-18T12:42:41.524866,0,6972,2.0,10,6.9
2025-08-18T12:42:42.025101,0,6972,2.0,10,6.5
2025-08-18T12:42:42.525378,0,6972,2.0,10,6.6
2025-08-18T12:42:43.025613,0,6972,2.0,10,6.8
2025-08-18T12:42:43.525835,0,6972,2.0,10,6.7
2025-08-18T12:42:44.026070,0,6972,2.0,10,6.8
2025-08-18T12:42:44.526316,8,6980,4.5,10,8.3
2025-08-18T12:42:45.026562,10,6990,1.6,10,7.2
2025-08-18T12:42:45.526785,0,6990,1.0,10,7.0
2025-08-18T12:42:46.027018,0,6990,1.0,10,6.8
2025-08-18T12:42:46.527309,0,6990,1.0,10,6.4
2025-08-18T12:42:47.027587,0,6990,1.0,10,6.6
2025-08-18T12:42:47.527870,0,6990,1.0,10,7.5
2025-08-18T12:42:48.028115,0,6990,1.0,10,6.8
2025-08-18T12:42:48.528342,0,6990,1.0,10,6.8
2025-08-18T12:42:49.028636,0,6990,1.0,10,6.8
2025-08-18T12:42:49.528861,0,6990,1.0,10,6.4
2025-08-18T12:42:50.029139,0,6990,1.0,10,7.2
2025-08-18T12:42:50.529416,1,6991,1.0,10,9.2
2025-08-18T12:42:51.029767,0,6991,1.0,10,6.8
2025-08-18T12:42:51.530150,10,7001,1.1,10,7.0
2025-08-18T12:42:52.030469,0,7001,1.0,10,6.8
2025-08-18T12:42:52.530787,0,7001,1.0,10,7.1
2025-08-18T12:42:53.031118,0,7001,1.0,10,6.6
2025-08-18T12:42:53.531429,0,7001,1.0,10,7.0
2025-08-18T12:42:54.031799,0,7001,1.0,10,6.7
2025-08-18T12:42:54.532137,0,7001,1.0,10,7.1
2025-08-18T12:42:55.032453,8,7009,1.125,10,8.3
2025-08-18T12:42:55.532718,10,7019,1.0,10,7.3
2025-08-18T12:42:56.033024,0,7019,1.0,10,6.9
2025-08-18T12:42:56.533328,0,7019,1.0,10,6.7
2025-08-18T12:42:57.033620,0,7019,1.0,10,7.1
2025-08-18T12:42:57.533868,0,7019,1.0,10,6.6
2025-08-18T12:42:58.034162,0,7019,1.0,10,6.6
2025-08-18T12:42:58.534395,3,7022,1.0,10,10.1
2025-08-18T12:42:59.034681,10,7032,1.0,10,7.8
2025-08-18T12:42:59.534930,0,7032,1.0,10,6.7
2025-08-18T12:43:00.035176,0,7032,1.0,10,6.8
2025-08-18T12:43:00.535403,0,7032,1.0,10,6.9
2025-08-18T12:43:01.035658,0,7032,1.0,10,6.7
2025-08-18T12:43:01.535875,0,7032,1.0,10,6.8
2025-08-18T12:43:02.036112,0,7032,1.0,10,6.8
2025-08-18T12:43:02.536335,0,7032,1.0,10,7.1
2025-08-18T12:43:03.036585,0,7032,1.0,10,6.9
2025-08-18T12:43:03.536791,0,7032,1.0,10,6.9
2025-08-18T12:43:04.037007,4,7036,1.25,10,7.2
2025-08-18T12:43:04.537222,0,7036,1.0,10,8.1
2025-08-18T12:43:05.037503,0,7036,1.0,10,6.7
2025-08-18T12:43:05.537730,10,7046,3.4,10,7.3
2025-08-18T12:43:06.037972,0,7046,3.0,10,7.2
2025-08-18T12:43:06.538210,0,7046,3.0,10,6.7
2025-08-18T12:43:07.038436,0,7046,3.0,10,6.6
2025-08-18T12:43:07.538656,0,7046,3.0,10,6.5
2025-08-18T12:43:08.038945,0,7046,3.0,10,7.3
2025-08-18T12:43:08.539155,0,7046,3.0,10,7.1
2025-08-18T12:43:09.039384,0,7046,3.0,10,6.7
2025-08-18T12:43:09.539648,0,7046,3.0,10,6.8
2025-08-18T12:43:10.039941,7,7053,1.1428571428571428,10,8.1
2025-08-18T12:43:10.540215,10,7063,1.7,10,7.3
2025-08-18T12:43:11.040548,0,7063,2.0,10,6.8
2025-08-18T12:43:11.540915,0,7063,2.0,10,6.5
2025-08-18T12:43:12.041256,0,7063,2.0,10,7.5
2025-08-18T12:43:12.541599,0,7063,2.0,10,7.0
2025-08-18T12:43:13.041867,0,7063,2.0,10,6.7
2025-08-18T12:43:13.542081,0,7063,2.0,10,6.8
2025-08-18T12:43:14.042383,0,7063,2.0,10,6.8
2025-08-18T12:43:14.542640,0,7063,2.0,10,7.3
2025-08-18T12:43:15.042979,5,7068,3.0,10,8.4
2025-08-18T12:43:15.543231,0,7068,5.0,10,7.0
2025-08-18T12:43:16.043470,10,7078,1.6,10,6.8
2025-08-18T12:43:16.543672,0,7078,4.0,10,6.9
2025-08-18T12:43:17.043967,0,7078,4.0,10,6.6
2025-08-18T12:43:17.544204,0,7078,4.0,10,6.8
2025-08-18T12:43:18.044444,0,7078,4.0,10,6.5
2025-08-18T12:43:18.544710,0,7078,4.0,10,7.2
2025-08-18T12:43:19.044958,0,7078,4.0,10,6.9
2025-08-18T12:43:19.545182,0,7078,4.0,10,6.9
2025-08-18T12:43:20.045435,0,7078,4.0,10,6.8
2025-08-18T12:43:20.545638,4,7082,1.25,10,10.6
2025-08-18T12:43:21.045872,10,7092,1.5,10,7.2
2025-08-18T12:43:21.546176,0,7092,1.0,10,6.6
2025-08-18T12:43:22.046411,0,7092,1.0,10,6.8
2025-08-18T12:43:22.546636,0,7092,1.0,10,6.5
2025-08-18T12:43:23.046925,0,7092,1.0,10,6.8
2025-08-18T12:43:23.547162,0,7092,1.0,10,6.9
2025-08-18T12:43:24.047401,0,7092,1.0,10,6.6
2025-08-18T12:43:24.547622,0,7092,1.0,10,6.7
2025-08-18T12:43:25.047855,4,7096,1.75,10,9.3
2025-08-18T12:43:25.619548,10,7106,3.625,10,8.0
2025-08-18T12:43:26.119934,0,7106,1.0,10,6.8
2025-08-18T12:43:26.620149,0,7106,1.0,10,8.3
2025-08-18T12:43:27.120371,0,7106,1.0,10,8.6
2025-08-18T12:43:27.620600,0,7106,1.0,10,6.9
2025-08-18T12:43:28.120826,0,7106,1.0,10,6.6
2025-08-18T12:43:28.621042,0,7106,1.0,10,6.9
2025-08-18T12:43:29.121258,5,7111,3.0,10,9.1
2025-08-18T12:43:29.621462,0,7111,5.0,10,6.9
2025-08-18T12:43:30.121711,10,7121,5.5,10,7.0
2025-08-18T12:43:30.621932,0,7121,10.0,10,6.6
2025-08-18T12:43:31.122292,0,7121,10.0,10,6.7
2025-08-18T12:43:31.622515,0,7121,10.0,10,7.1
2025-08-18T12:43:32.122751,0,7121,10.0,10,6.6
2025-08-18T12:43:32.622994,0,7121,10.0,10,6.6
2025-08-18T12:43:33.123226,0,7121,10.0,10,6.7
2025-08-18T12:43:33.623506,0,7121,10.0,10,7.2
2025-08-18T12:43:34.123744,7,7128,2.0,10,9.7
2025-08-18T12:43:34.623984,10,7138,3.1,10,8.2
2025-08-18T12:43:35.124280,0,7138,6.0,10,7.7
2025-08-18T12:43:35.624586,0,7138,6.0,10,7.7
2025-08-18T12:43:36.124817,0,7138,6.0,10,8.1
2025-08-18T12:43:36.625122,0,7138,6.0,10,6.9
2025-08-18T12:43:37.125427,0,7138,6.0,10,6.8
2025-08-18T12:43:37.625702,0,7138,6.0,10,6.8
2025-08-18T12:43:38.125997,0,7138,6.0,10,6.5
2025-08-18T12:43:38.626233,4,7142,2.5,10,9.8
2025-08-18T12:43:39.126480,10,7152,3.8,10,7.3
2025-08-18T12:43:39.626764,0,7152,1.0,10,7.0
2025-08-18T12:43:40.127051,0,7152,1.0,10,6.9
2025-08-18T12:43:40.627337,0,7152,1.0,10,6.7
2025-08-18T12:43:41.127621,0,7152,1.0,10,6.8
2025-08-18T12:43:41.627843,0,7152,1.0,10,6.9
2025-08-18T12:43:42.128088,0,7152,1.0,10,6.8
2025-08-18T12:43:42.628329,0,7152,1.0,10,6.7
2025-08-18T12:43:43.128650,0,7152,1.0,10,6.9
2025-08-18T12:43:43.628876,3,7155,1.3333333333333333,10,9.2
2025-08-18T12:43:44.129093,10,7165,4.6,10,7.3
2025-08-18T12:43:44.629318,0,7165,9.0,10,7.0
2025-08-18T12:43:45.129619,0,7165,9.0,10,6.9
2025-08-18T12:43:45.629842,0,7165,9.0,10,7.0
2025-08-18T12:43:46.130078,0,7165,9.0,10,6.9
2025-08-18T12:43:46.630401,0,7165,9.0,10,6.9
2025-08-18T12:43:47.130686,0,7165,9.0,10,6.7
2025-08-18T12:43:47.630923,0,7165,9.0,10,7.5
2025-08-18T12:43:48.131194,0,7165,9.0,10,7.0
2025-08-18T12:43:48.631482,0,7165,9.0,10,6.8
2025-08-18T12:43:49.131778,9,7174,1.7777777777777777,10,7.3
2025-08-18T12:43:49.632007,0,7174,1.0,10,7.2
2025-08-18T12:43:50.132294,10,7184,1.3,10,9.0
2025-08-18T12:43:50.632559,0,7184,1.0,10,6.8
2025-08-18T12:43:51.132804,0,7184,1.0,10,6.6
2025-08-18T12:43:51.633059,0,7184,1.0,10,6.7
2025-08-18T12:43:52.133376,0,7184,1.0,10,7.0
2025-08-18T12:43:52.633623,0,7184,1.0,10,6.9
2025-08-18T12:43:53.133877,0,7184,1.0,10,6.8
2025-08-18T12:43:53.634183,0,7184,1.0,10,7.1
2025-08-18T12:43:54.134500,3,7187,1.0,10,8.2
2025-08-18T12:43:54.634742,10,7197,4.6,10,7.8
2025-08-18T12:43:55.134974,0,7197,9.0,10,7.3
2025-08-18T12:43:55.635207,0,7197,9.0,10,7.9
2025-08-18T12:43:56.135442,0,7197,9.0,10,7.6
2025-08-18T12:43:56.635666,0,7197,9.0,10,8.1
2025-08-18T12:43:57.135897,0,7197,9.0,10,9.9
2025-08-18T12:43:57.636138,0,7197,9.0,10,7.4
2025-08-18T12:43:58.136375,0,7197,9.0,10,7.5
2025-08-18T12:43:58.636623,0,7197,9.0,10,14.2
2025-08-18T12:43:59.136860,0,7197,9.0,10,13.6
2025-08-18T12:43:59.637102,0,7197,9.0,10,7.9
2025-08-18T12:44:00.137381,4,7201,1.25,10,11.1
2025-08-18T12:44:00.637627,0,7201,1.0,10,8.5
2025-08-18T12:44:01.137866,10,7211,2.0,10,7.8
2025-08-18T12:44:01.638097,0,7211,5.0,10,7.9
2025-08-18T12:44:02.138338,0,7211,5.0,10,10.2
2025-08-18T12:44:02.638552,0,7211,5.0,10,8.4
2025-08-18T12:44:03.138827,0,7211,5.0,10,7.8
2025-08-18T12:44:03.639089,0,7211,5.0,10,7.2
2025-08-18T12:44:04.139323,0,7211,5.0,10,6.9
2025-08-18T12:44:04.639565,0,7211,5.0,10,6.6
2025-08-18T12:44:05.139811,0,7211,5.0,10,7.3
2025-08-18T12:44:05.640051,0,7211,5.0,10,9.3
2025-08-18T12:44:06.140294,6,7217,1.6666666666666667,10,9.8
2025-08-18T12:44:06.640627,0,7217,2.0,10,9.5
2025-08-18T12:44:07.140878,10,7227,1.2,10,9.5
2025-08-18T12:44:07.641120,0,7227,1.0,10,8.4
2025-08-18T12:44:08.141415,0,7227,1.0,10,7.4
2025-08-18T12:44:08.641686,0,7227,1.0,10,7.1
2025-08-18T12:44:09.141990,0,7227,1.0,10,7.0
2025-08-18T12:44:09.642258,0,7227,1.0,10,6.5
2025-08-18T12:44:10.142505,0,7227,1.0,10,6.8
2025-08-18T12:44:10.642750,0,7227,1.0,10,6.9
2025-08-18T12:44:11.143022,3,7230,1.3333333333333333,10,8.5
2025-08-18T12:44:11.643232,0,7230,2.0,10,7.8
2025-08-18T12:44:12.143538,10,7240,1.4,10,7.7
2025-08-18T12:44:12.643772,0,7240,2.0,10,6.5
2025-08-18T12:44:13.144013,0,7240,2.0,10,6.6
2025-08-18T12:44:13.644224,0,7240,2.0,10,6.6
2025-08-18T12:44:14.144489,0,7240,2.0,10,6.8
2025-08-18T12:44:14.644730,0,7240,2.0,10,6.6
2025-08-18T12:44:15.145002,0,7240,2.0,10,6.6
2025-08-18T12:44:15.645223,0,7240,2.0,10,7.1
2025-08-18T12:44:16.145435,0,7240,2.0,10,6.8
2025-08-18T12:44:16.645772,0,7240,2.0,10,6.8
2025-08-18T12:44:17.146027,0,7240,2.0,10,6.6
2025-08-18T12:44:17.646244,0,7240,2.0,10,6.6
2025-08-18T12:44:18.146555,0,7240,2.0,10,6.9
2025-08-18T12:44:18.646917,2,7242,1.0,10,9.5
2025-08-18T12:44:19.147195,0,7242,1.0,10,8.0
2025-08-18T12:44:19.647475,0,7242,1.0,10,6.5
2025-08-18T12:44:20.160999,10,7252,1.0,10,7.3
2025-08-18T12:44:20.662695,0,7252,1.1666666666666667,10,7.3
2025-08-18T12:44:21.162907,0,7252,1.0,10,6.6
2025-08-18T12:44:21.663138,0,7252,1.0,10,6.9
2025-08-18T12:44:22.163440,0,7252,1.0,10,6.7
2025-08-18T12:44:22.663711,0,7252,1.0,10,6.8
2025-08-18T12:44:23.163932,0,7252,1.0,10,6.6
2025-08-18T12:44:23.664205,0,7252,1.0,10,6.9
2025-08-18T12:44:24.164446,0,7252,1.0,10,6.9
2025-08-18T12:44:24.664735,0,7252,1.0,10,6.7
2025-08-18T12:44:25.164959,0,7252,1.0,10,7.0
2025-08-18T12:44:25.665190,0,7252,1.0,10,6.9
2025-08-18T12:44:26.165462,0,7252,1.0,10,6.7
2025-08-18T12:44:26.665644,9,7261,4.111111111111111,10,8.3
2025-08-18T12:44:27.165871,0,7261,8.0,10,8.1
2025-08-18T12:44:27.666144,10,7271,1.4,10,7.3
2025-08-18T12:44:28.166433,0,7271,3.0,10,6.8
2025-08-18T12:44:28.666647,0,7271,3.0,10,6.6
2025-08-18T12:44:29.166882,0,7271,3.0,10,7.1
2025-08-18T12:44:29.667111,0,7271,3.0,10,6.8
2025-08-18T12:44:30.167346,0,7271,3.0,10,6.8
2025-08-18T12:44:30.667580,0,7271,3.0,10,6.7
2025-08-18T12:44:31.167805,0,7271,3.0,10,6.6
2025-08-18T12:44:31.668058,0,7271,3.0,10,6.7
2025-08-18T12:44:32.168346,0,7271,3.0,10,6.5
2025-08-18T12:44:32.668642,6,7277,3.5,10,7.7
2025-08-18T12:44:33.168904,0,7277,6.0,10,6.6
2025-08-18T12:44:33.669160,0,7277,6.0,10,6.9
2025-08-18T12:44:34.169408,10,7287,2.2,10,7.1
2025-08-18T12:44:34.669717,0,7287,1.0,10,6.8
2025-08-18T12:44:35.169970,0,7287,1.0,10,6.8
2025-08-18T12:44:35.670257,0,7287,1.0,10,6.9
2025-08-18T12:44:36.170549,0,7287,1.0,10,7.1
2025-08-18T12:44:36.670773,0,7287,1.0,10,6.9
2025-08-18T12:44:37.171013,0,7287,1.0,10,6.8
2025-08-18T12:44:37.671245,0,7287,1.0,10,6.5
2025-08-18T12:44:38.171491,0,7287,1.0,10,6.7
2025-08-18T12:44:38.671725,0,7287,1.0,10,7.0
2025-08-18T12:44:39.171934,10,7297,2.6,10,9.2
2025-08-18T12:44:39.672179,10,7307,1.2,10,7.2
2025-08-18T12:44:40.172485,0,7307,2.0,10,6.8
2025-08-18T12:44:40.672725,0,7307,2.0,10,6.8
2025-08-18T12:44:41.172993,0,7307,2.0,10,6.8
2025-08-18T12:44:41.673231,0,7307,2.0,10,6.7
2025-08-18T12:44:42.173480,0,7307,2.0,10,6.8
2025-08-18T12:44:42.673726,0,7307,2.0,10,6.7
2025-08-18T12:44:43.173960,0,7307,2.0,10,6.9
2025-08-18T12:44:43.674243,0,7307,2.0,10,7.1
2025-08-18T12:44:44.174478,0,7307,2.0,10,6.8
2025-08-18T12:44:44.674709,0,7307,2.0,10,6.6
2025-08-18T12:44:45.174959,2,7309,1.0,10,7.8
2025-08-18T12:44:45.675203,10,7319,1.1,10,7.0
2025-08-18T12:44:46.175437,0,7319,1.0,10,7.1
2025-08-18T12:44:46.675651,0,7319,1.0,10,6.7
2025-08-18T12:44:47.175877,0,7319,1.0,10,6.9
2025-08-18T12:44:47.676110,0,7319,1.0,10,7.4
2025-08-18T12:44:48.176367,0,7319,1.0,10,6.7
2025-08-18T12:44:48.676603,0,7319,1.0,10,7.1
2025-08-18T12:44:49.176873,0,7319,1.0,10,8.1
2025-08-18T12:44:49.677117,0,7319,1.0,10,6.8
2025-08-18T12:44:50.177351,0,7319,1.0,10,6.7
2025-08-18T12:44:50.677642,9,7328,2.6666666666666665,10,8.3
2025-08-18T12:44:51.177906,10,7338,3.9,10,7.3
2025-08-18T12:44:51.678203,0,7338,8.0,10,6.5
2025-08-18T12:44:52.178456,0,7338,8.0,10,6.9
2025-08-18T12:44:52.678864,0,7338,8.0,10,6.9
2025-08-18T12:44:53.179102,0,7338,8.0,10,6.7
2025-08-18T12:44:53.679334,0,7338,8.0,10,6.8
2025-08-18T12:44:54.179579,0,7338,8.0,10,6.6
2025-08-18T12:44:54.679791,0,7338,8.0,10,7.0
2025-08-18T12:44:55.180071,0,7338,8.0,10,7.1
2025-08-18T12:44:55.680297,0,7338,8.0,10,6.7
2025-08-18T12:44:56.180538,0,7338,8.0,10,6.7
2025-08-18T12:44:56.680776,0,7338,8.0,10,6.6
2025-08-18T12:44:57.181021,1,7339,1.0,10,6.9
2025-08-18T12:44:57.681235,10,7349,3.8,10,8.4
2025-08-18T12:44:58.181459,0,7349,8.0,10,8.6
2025-08-18T12:44:58.681664,10,7359,1.0,10,8.8
2025-08-18T12:44:59.181891,0,7359,1.0,10,7.0
2025-08-18T12:44:59.682114,0,7359,1.0,10,7.0
2025-08-18T12:45:00.182336,0,7359,1.0,10,8.1
2025-08-18T12:45:00.682580,0,7359,1.0,10,7.5
2025-08-18T12:45:01.182832,0,7359,1.0,10,9.2
2025-08-18T12:45:01.683076,0,7359,1.0,10,6.9
2025-08-18T12:45:02.183330,0,7359,1.0,10,14.1
2025-08-18T12:45:02.683578,0,7359,1.0,10,15.1
2025-08-18T12:45:03.183809,0,7359,1.0,10,8.1
2025-08-18T12:45:03.684026,0,7359,1.0,10,8.1
2025-08-18T12:45:04.184264,0,7359,1.0,10,8.0
2025-08-18T12:45:04.684486,9,7368,1.5555555555555556,10,10.7
2025-08-18T12:45:05.184711,10,7378,1.7,10,7.5
2025-08-18T12:45:05.684966,10,7388,1.3,10,7.6
2025-08-18T12:45:06.185276,0,7388,1.0,10,7.0
2025-08-18T12:45:06.685583,0,7388,1.0,10,7.0
2025-08-18T12:45:07.185831,0,7388,1.0,10,7.0
2025-08-18T12:45:07.686051,0,7388,1.0,10,6.5
2025-08-18T12:45:08.186337,0,7388,1.0,10,6.6
2025-08-18T12:45:08.686608,0,7388,1.0,10,6.8
2025-08-18T12:45:09.186877,0,7388,1.0,10,6.6
2025-08-18T12:45:09.687143,0,7388,1.0,10,6.6
2025-08-18T12:45:10.187392,4,7392,1.75,10,7.4
2025-08-18T12:45:10.687727,0,7392,1.0,10,7.6
2025-08-18T12:45:11.188035,10,7402,4.6,10,7.8
2025-08-18T12:45:11.688325,0,7402,1.0,10,6.5
2025-08-18T12:45:12.188632,0,7402,1.0,10,6.9
2025-08-18T12:45:12.688840,0,7402,1.0,10,6.6
2025-08-18T12:45:13.189059,0,7402,1.0,10,6.9
2025-08-18T12:45:13.689347,0,7402,1.0,10,6.8
2025-08-18T12:45:14.189667,0,7402,1.0,10,6.6
2025-08-18T12:45:14.689863,0,7402,1.0,10,6.6
2025-08-18T12:45:15.190156,0,7402,1.0,10,6.8
2025-08-18T12:45:15.690359,8,7410,1.375,10,9.4
2025-08-18T12:45:16.190606,0,7410,1.0,10,6.9
2025-08-18T12:45:16.690873,10,7420,5.5,10,7.0
2025-08-18T12:45:17.191114,0,7420,10.0,10,6.7
2025-08-18T12:45:17.691361,0,7420,10.0,10,6.8
2025-08-18T12:45:18.191646,0,7420,10.0,10,6.9
2025-08-18T12:45:18.691878,0,7420,10.0,10,6.6
2025-08-18T12:45:19.192175,0,7420,10.0,10,6.6
2025-08-18T12:45:19.692383,0,7420,10.0,10,7.8
2025-08-18T12:45:20.192609,0,7420,10.0,10,7.0
2025-08-18T12:45:20.692880,0,7420,10.0,10,6.5
2025-08-18T12:45:21.193380,4,7424,1.75,10,9.7
2025-08-18T12:45:21.693688,10,7434,1.4,10,7.0
2025-08-18T12:45:22.193983,0,7434,2.0,10,6.8
2025-08-18T12:45:22.694267,0,7434,2.0,10,6.8
2025-08-18T12:45:23.194694,0,7434,2.0,10,6.5
2025-08-18T12:45:23.694980,0,7434,2.0,10,6.7
2025-08-18T12:45:24.195290,0,7434,2.0,10,6.9
2025-08-18T12:45:24.695573,0,7434,2.0,10,6.5
2025-08-18T12:45:25.195890,0,7434,2.0,10,6.8
2025-08-18T12:45:25.696253,0,7434,2.0,10,6.8
2025-08-18T12:45:26.196689,10,7444,4.6,10,7.1
2025-08-18T12:45:26.696985,0,7444,9.0,10,9.7
2025-08-18T12:45:27.197327,0,7444,9.0,10,6.6
2025-08-18T12:45:27.697659,10,7454,3.8,10,7.4
2025-08-18T12:45:28.197985,0,7454,8.0,10,6.6
2025-08-18T12:45:28.698284,0,7454,8.0,10,6.9
2025-08-18T12:45:29.198609,0,7454,8.0,10,6.7
2025-08-18T12:45:29.698900,0,7454,8.0,10,6.5
2025-08-18T12:45:30.199200,0,7454,8.0,10,6.5
2025-08-18T12:45:30.699548,0,7454,8.0,10,6.9
2025-08-18T12:45:31.199856,0,7454,8.0,10,6.8
2025-08-18T12:45:31.700210,0,7454,8.0,10,6.6
2025-08-18T12:45:32.200515,0,7454,8.0,10,6.7
2025-08-18T12:45:32.700787,0,7454,8.0,10,7.0
2025-08-18T12:45:33.201030,10,7464,5.5,10,9.6
2025-08-18T12:45:33.701270,10,7474,2.8,10,7.3
2025-08-18T12:45:34.201524,0,7474,3.0,10,6.8
2025-08-18T12:45:34.701740,0,7474,3.0,10,6.6
2025-08-18T12:45:35.201969,0,7474,3.0,10,6.7
2025-08-18T12:45:35.702186,0,7474,3.0,10,6.8
2025-08-18T12:45:36.202442,0,7474,3.0,10,6.8
2025-08-18T12:45:36.702634,0,7474,3.0,10,6.8
2025-08-18T12:45:37.202877,0,7474,3.0,10,6.5
2025-08-18T12:45:37.703114,0,7474,3.0,10,6.9
2025-08-18T12:45:38.203357,0,7474,3.0,10,6.5
2025-08-18T12:45:38.703593,0,7474,3.0,10,6.6
2025-08-18T12:45:39.203837,8,7482,1.875,10,9.2
2025-08-18T12:45:39.704057,10,7492,1.0,10,6.7
2025-08-18T12:45:40.204311,0,7492,1.0,10,7.1
2025-08-18T12:45:40.704711,0,7492,1.0,10,6.8
2025-08-18T12:45:41.204950,0,7492,1.0,10,6.7
2025-08-18T12:45:41.705256,0,7492,1.0,10,6.4
2025-08-18T12:45:42.205546,0,7492,1.0,10,6.8
2025-08-18T12:45:42.705761,0,7492,1.0,10,6.6
2025-08-18T12:45:43.205994,0,7492,1.0,10,6.8
2025-08-18T12:45:43.706224,0,7492,1.0,10,6.6
2025-08-18T12:45:44.206445,0,7492,1.0,10,6.6
2025-08-18T12:45:44.706623,0,7492,1.0,10,6.9
2025-08-18T12:45:45.206876,3,7495,2.0,10,7.3
2025-08-18T12:45:45.707131,10,7505,3.1,10,8.8
2025-08-18T12:45:46.207366,0,7505,1.0,10,6.6
2025-08-18T12:45:46.707645,0,7505,1.0,10,6.8
2025-08-18T12:45:47.207912,0,7505,1.0,10,6.8
2025-08-18T12:45:47.708073,0,7505,1.0,10,6.8
2025-08-18T12:45:48.208374,0,7505,1.0,10,8.1
2025-08-18T12:45:48.708642,0,7505,1.0,10,7.0
2025-08-18T12:45:49.208861,0,7505,1.0,10,7.2
2025-08-18T12:45:49.709065,0,7505,1.0,10,6.8
2025-08-18T12:45:50.209358,0,7505,1.0,10,6.9
2025-08-18T12:45:50.709637,0,7505,1.0,10,6.5
2025-08-18T12:45:51.209931,0,7505,1.0,10,7.1
2025-08-18T12:45:51.715516,5,7510,2.2,10,7.2
2025-08-18T12:45:52.215705,0,7510,4.0,10,7.7
2025-08-18T12:45:52.715992,0,7510,4.0,10,6.5
2025-08-18T12:45:53.216236,10,7520,1.3,10,7.4
2025-08-18T12:45:53.716477,0,7520,1.0,10,7.0
2025-08-18T12:45:54.216711,0,7520,1.0,10,7.2
2025-08-18T12:45:54.716933,0,7520,1.0,10,6.8
2025-08-18T12:45:55.217209,0,7520,1.0,10,7.1
2025-08-18T12:45:55.717416,0,7520,1.0,10,6.9
2025-08-18T12:45:56.217739,0,7520,1.0,10,6.9
2025-08-18T12:45:56.717967,0,7520,1.0,10,6.7
2025-08-18T12:45:57.218288,0,7520,1.0,10,6.7
2025-08-18T12:45:57.718535,0,7520,1.0,10,6.6
2025-08-18T12:45:58.218784,0,7520,1.0,10,6.9
2025-08-18T12:45:58.719009,3,7523,1.3333333333333333,10,9.3
2025-08-18T12:45:59.219274,10,7533,5.5,10,6.8
2025-08-18T12:45:59.719522,0,7533,10.0,10,6.6
2025-08-18T12:46:00.219741,0,7533,10.0,10,7.2
2025-08-18T12:46:00.719953,0,7533,10.0,10,6.9
2025-08-18T12:46:01.220165,0,7533,10.0,10,6.9
2025-08-18T12:46:01.720391,0,7533,10.0,10,7.0
2025-08-18T12:46:02.220621,0,7533,10.0,10,7.2
2025-08-18T12:46:02.720831,0,7533,10.0,10,8.1
2025-08-18T12:46:03.221091,0,7533,10.0,10,7.3
2025-08-18T12:46:03.721315,0,7533,10.0,10,7.5
2025-08-18T12:46:04.221551,0,7533,10.0,10,7.0
2025-08-18T12:46:04.721763,0,7533,10.0,10,8.1
2025-08-18T12:46:05.222041,0,7533,10.0,10,7.1
2025-08-18T12:46:05.722276,3,7536,1.3333333333333333,10,7.8
2025-08-18T12:46:06.222496,0,7536,2.0,10,6.4
2025-08-18T12:46:06.722711,10,7546,1.0,10,7.2
2025-08-18T12:46:07.222976,0,7546,1.0,10,6.8
2025-08-18T12:46:07.723205,0,7546,1.0,10,6.8
2025-08-18T12:46:08.223450,0,7546,1.0,10,6.5
2025-08-18T12:46:08.723633,0,7546,1.0,10,6.8
2025-08-18T12:46:09.223853,0,7546,1.0,10,7.0
2025-08-18T12:46:09.724064,0,7546,1.0,10,6.6
2025-08-18T12:46:10.224294,0,7546,1.0,10,6.8
2025-08-18T12:46:10.724555,5,7551,1.2,10,8.8
2025-08-18T12:46:11.224791,0,7551,1.0,10,6.8
2025-08-18T12:46:11.725000,10,7561,1.1,10,8.7
2025-08-18T12:46:12.225225,0,7561,1.0,10,6.6
2025-08-18T12:46:12.725464,0,7561,1.0,10,6.7
2025-08-18T12:46:13.225671,0,7561,1.0,10,6.7
2025-08-18T12:46:13.725868,0,7561,1.0,10,7.0
2025-08-18T12:46:14.226134,0,7561,1.0,10,6.7
2025-08-18T12:46:14.726439,0,7561,1.0,10,6.7
2025-08-18T12:46:15.226727,0,7561,1.0,10,6.6
2025-08-18T12:46:15.726943,0,7561,1.0,10,7.0
2025-08-18T12:46:16.227182,0,7561,1.0,10,6.5
2025-08-18T12:46:16.727404,8,7569,3.625,10,9.1
2025-08-18T12:46:17.227700,0,7569,7.0,10,6.9
2025-08-18T12:46:17.727926,0,7569,7.0,10,6.7
2025-08-18T12:46:18.228162,10,7579,2.6,10,7.1
2025-08-18T12:46:18.728388,0,7579,6.0,10,6.8
2025-08-18T12:46:19.228652,0,7579,6.0,10,7.0
2025-08-18T12:46:19.728868,0,7579,6.0,10,6.6
2025-08-18T12:46:20.229102,0,7579,6.0,10,6.6
2025-08-18T12:46:20.729341,0,7579,6.0,10,6.8
2025-08-18T12:46:21.229640,0,7579,6.0,10,7.1
2025-08-18T12:46:21.729879,0,7579,6.0,10,7.0
2025-08-18T12:46:22.230116,0,7579,6.0,10,6.6
2025-08-18T12:46:22.730354,10,7589,1.3,10,8.1
2025-08-18T12:46:23.230659,0,7589,1.0,10,6.6
2025-08-18T12:46:23.730888,10,7599,5.5,10,7.6
2025-08-18T12:46:24.231126,0,7599,10.0,10,6.8
2025-08-18T12:46:24.731339,0,7599,10.0,10,6.7
2025-08-18T12:46:25.231550,0,7599,10.0,10,6.8
2025-08-18T12:46:25.731848,0,7599,10.0,10,6.9
2025-08-18T12:46:26.232105,0,7599,10.0,10,6.5
2025-08-18T12:46:26.732359,0,7599,10.0,10,6.9
2025-08-18T12:46:27.232614,0,7599,10.0,10,6.5
2025-08-18T12:46:27.732896,0,7599,10.0,10,7.0
2025-08-18T12:46:28.233182,0,7599,10.0,10,6.5
2025-08-18T12:46:28.733442,0,7599,10.0,10,6.9
2025-08-18T12:46:29.233668,0,7599,10.0,10,6.7
2025-08-18T12:46:29.733895,0,7599,10.0,10,6.7
2025-08-18T12:46:30.234126,10,7609,5.5,10,9.6
2025-08-18T12:46:30.734377,0,7609,10.0,10,7.7
2025-08-18T12:46:31.234613,10,7619,2.6,10,8.2
2025-08-18T12:46:31.734843,0,7619,6.0,10,6.8
2025-08-18T12:46:32.235104,0,7619,6.0,10,6.5
2025-08-18T12:46:32.735329,0,7619,6.0,10,7.0
2025-08-18T12:46:33.235566,0,7619,6.0,10,6.5
2025-08-18T12:46:33.735790,0,7619,6.0,10,6.8
2025-08-18T12:46:34.236017,0,7619,6.0,10,6.5
2025-08-18T12:46:34.736248,0,7619,6.0,10,6.9
2025-08-18T12:46:35.236474,0,7619,6.0,10,7.0
2025-08-18T12:46:35.736708,0,7619,6.0,10,6.6
2025-08-18T12:46:36.236963,0,7619,6.0,10,6.6
2025-08-18T12:46:36.737266,9,7628,2.0,10,7.4
2025-08-18T12:46:37.237493,10,7638,4.6,10,7.9
2025-08-18T12:46:37.737714,0,7638,9.0,10,6.6
2025-08-18T12:46:38.237939,0,7638,9.0,10,6.6
2025-08-18T12:46:38.738171,0,7638,9.0,10,6.8
2025-08-18T12:46:39.238432,0,7638,9.0,10,7.1
2025-08-18T12:46:39.738667,0,7638,9.0,10,6.8
2025-08-18T12:46:40.238909,0,7638,9.0,10,6.8
2025-08-18T12:46:40.739127,0,7638,9.0,10,6.7
2025-08-18T12:46:41.239359,0,7638,9.0,10,6.9
2025-08-18T12:46:41.739602,0,7638,9.0,10,6.9
2025-08-18T12:46:42.239842,3,7641,2.0,10,8.0
2025-08-18T12:46:42.740078,10,7651,1.5,10,8.2
2025-08-18T12:46:43.240319,0,7651,3.0,10,7.0
2025-08-18T12:46:43.740533,0,7651,3.0,10,6.9
2025-08-18T12:46:44.240834,0,7651,3.0,10,6.8
2025-08-18T12:46:44.741061,0,7651,3.0,10,6.5
2025-08-18T12:46:45.241306,0,7651,3.0,10,6.8
2025-08-18T12:46:45.741529,0,7651,3.0,10,6.8
2025-08-18T12:46:46.241763,3,7654,1.3333333333333333,10,9.8
2025-08-18T12:46:46.741996,0,7654,2.0,10,6.6
2025-08-18T12:46:47.242299,10,7664,2.1,10,7.2
2025-08-18T12:46:47.742596,0,7664,1.0,10,6.7
2025-08-18T12:46:48.242893,0,7664,1.0,10,7.1
2025-08-18T12:46:48.743179,0,7664,1.0,10,6.9
2025-08-18T12:46:49.243417,0,7664,1.0,10,7.0
2025-08-18T12:46:49.743637,0,7664,1.0,10,6.8
2025-08-18T12:46:50.243917,2,7666,1.5,10,8.3
2025-08-18T12:46:50.744162,10,7676,2.1,10,6.9
2025-08-18T12:46:51.244437,0,7676,1.0,10,6.9
2025-08-18T12:46:51.744640,0,7676,1.0,10,6.9
2025-08-18T12:46:52.244868,0,7676,1.0,10,6.9
2025-08-18T12:46:52.745085,0,7676,1.0,10,6.8
2025-08-18T12:46:53.245326,0,7676,1.0,10,6.5
2025-08-18T12:46:53.745561,0,7676,1.0,10,6.7
2025-08-18T12:46:54.245848,0,7676,1.0,10,7.2
2025-08-18T12:46:54.746069,0,7676,1.0,10,6.6
2025-08-18T12:46:55.246346,5,7681,1.8,10,7.2
2025-08-18T12:46:55.746610,10,7691,1.7,10,9.6
2025-08-18T12:46:56.246847,0,7691,1.0,10,6.8
2025-08-18T12:46:56.747084,0,7691,1.0,10,6.8
2025-08-18T12:46:57.247331,0,7691,1.0,10,6.6
2025-08-18T12:46:57.747553,0,7691,1.0,10,6.8
2025-08-18T12:46:58.247797,0,7691,1.0,10,6.6
2025-08-18T12:46:58.748015,3,7694,2.0,10,8.1
2025-08-18T12:46:59.248252,0,7694,3.0,10,6.9
2025-08-18T12:46:59.748473,10,7704,3.9,10,6.9
2025-08-18T12:47:00.248724,0,7704,2.0,10,6.8
2025-08-18T12:47:00.748964,0,7704,2.0,10,6.6
2025-08-18T12:47:01.249224,0,7704,2.0,10,7.1
2025-08-18T12:47:01.749450,0,7704,2.0,10,6.8
2025-08-18T12:47:02.249661,0,7704,2.0,10,6.9
2025-08-18T12:47:02.749885,0,7704,2.0,10,6.8
2025-08-18T12:47:03.250132,0,7704,2.0,10,7.4
2025-08-18T12:47:03.750348,0,7704,2.0,10,6.8
2025-08-18T12:47:04.250616,0,7704,2.0,10,6.6
2025-08-18T12:47:04.754758,10,7714,1.125,10,6.7
2025-08-18T12:47:05.254992,0,7714,1.0,10,8.0
2025-08-18T12:47:05.755219,10,7724,2.3,10,7.3
2025-08-18T12:47:06.255486,0,7724,1.0,10,6.9
2025-08-18T12:47:06.755731,0,7724,1.0,10,7.1
2025-08-18T12:47:07.255971,0,7724,1.0,10,6.7
2025-08-18T12:47:07.756201,0,7724,1.0,10,6.7
2025-08-18T12:47:08.256439,0,7724,1.0,10,7.1
2025-08-18T12:47:08.756679,0,7724,1.0,10,6.9
2025-08-18T12:47:09.256921,0,7724,1.0,10,8.3
2025-08-18T12:47:09.757138,0,7724,1.0,10,7.0
2025-08-18T12:47:10.257475,0,7724,1.0,10,7.4
2025-08-18T12:47:10.757694,0,7724,1.0,10,6.8
2025-08-18T12:47:11.257941,0,7724,1.0,10,6.8
2025-08-18T12:47:11.758161,7,7731,1.5714285714285714,10,9.4
2025-08-18T12:47:12.258409,10,7741,2.1,10,7.4
2025-08-18T12:47:12.758621,0,7741,1.0,10,6.9
2025-08-18T12:47:13.258863,0,7741,1.0,10,6.9
2025-08-18T12:47:13.759090,0,7741,1.0,10,6.9
2025-08-18T12:47:14.259362,0,7741,1.0,10,7.1
2025-08-18T12:47:14.759589,0,7741,1.0,10,6.5
2025-08-18T12:47:15.259829,0,7741,1.0,10,6.7
2025-08-18T12:47:15.760052,3,7744,2.0,10,7.7
2025-08-18T12:47:16.260552,10,7754,4.6,10,7.1
2025-08-18T12:47:16.760858,0,7754,9.0,10,6.9
2025-08-18T12:47:17.261119,0,7754,9.0,10,6.5
2025-08-18T12:47:17.761355,0,7754,9.0,10,6.8
2025-08-18T12:47:18.261652,0,7754,9.0,10,6.8
2025-08-18T12:47:18.761875,0,7754,9.0,10,6.8
2025-08-18T12:47:19.262120,0,7754,9.0,10,6.6
2025-08-18T12:47:19.762333,0,7754,9.0,10,6.6
2025-08-18T12:47:20.262582,0,7754,9.0,10,7.2
2025-08-18T12:47:20.762790,0,7754,9.0,10,6.8
2025-08-18T12:47:21.263012,0,7754,9.0,10,6.6
2025-08-18T12:47:21.763236,0,7754,9.0,10,6.6
2025-08-18T12:47:22.263475,0,7754,9.0,10,6.8
2025-08-18T12:47:22.763688,0,7754,9.0,10,6.7
2025-08-18T12:47:23.263938,0,7754,9.0,10,6.6
2025-08-18T12:47:23.764143,8,7762,1.875,10,7.6
2025-08-18T12:47:24.264376,10,7772,2.1,10,9.3
2025-08-18T12:47:24.764593,0,7772,1.0,10,6.9
2025-08-18T12:47:25.264857,0,7772,1.0,10,6.7
2025-08-18T12:47:25.765102,0,7772,1.0,10,6.8
2025-08-18T12:47:26.265330,0,7772,1.0,10,6.8
2025-08-18T12:47:26.765591,0,7772,1.0,10,6.9
2025-08-18T12:47:27.265889,0,7772,1.0,10,6.6
2025-08-18T12:47:27.766166,0,7772,1.0,10,7.0
2025-08-18T12:47:28.266413,0,7772,1.0,10,6.7
2025-08-18T12:47:28.766685,0,7772,1.0,10,6.8
2025-08-18T12:47:29.266937,0,7772,1.0,10,6.7
2025-08-18T12:47:29.767167,4,7776,2.5,10,9.3
2025-08-18T12:47:30.267469,0,7776,4.0,10,7.9
2025-08-18T12:47:30.767631,0,7776,4.0,10,6.6
2025-08-18T12:47:31.267879,10,7786,1.2,10,7.4
2025-08-18T12:47:31.768095,0,7786,1.0,10,6.8
2025-08-18T12:47:32.268384,0,7786,1.0,10,6.8
2025-08-18T12:47:32.768783,0,7786,1.0,10,6.5
2025-08-18T12:47:33.269131,0,7786,1.0,10,6.8
2025-08-18T12:47:33.769407,0,7786,1.0,10,7.0
2025-08-18T12:47:34.269745,0,7786,1.0,10,6.5
2025-08-18T12:47:34.770029,0,7786,1.0,10,6.4
2025-08-18T12:47:35.270380,0,7786,1.0,10,7.0
2025-08-18T12:47:35.770687,0,7786,1.0,10,6.7
2025-08-18T12:47:36.270980,0,7786,1.0,10,6.5
2025-08-18T12:47:36.771296,0,7786,1.0,10,6.6
2025-08-18T12:47:37.271657,0,7786,1.0,10,6.7
2025-08-18T12:47:37.771938,10,7796,2.5,10,7.8
2025-08-18T12:47:38.272296,0,7796,1.0,10,10.3
2025-08-18T12:47:38.772647,0,7796,1.0,10,6.7
2025-08-18T12:47:39.272961,10,7806,2.6,10,7.7
2025-08-18T12:47:39.773285,0,7806,2.0,10,8.3
2025-08-18T12:47:40.273651,0,7806,2.0,10,7.1
2025-08-18T12:47:40.773925,0,7806,2.0,10,11.0
2025-08-18T12:47:41.274262,0,7806,2.0,10,14.4
2025-08-18T12:47:41.774597,0,7806,2.0,10,8.8
2025-08-18T12:47:42.274881,0,7806,2.0,10,8.0
2025-08-18T12:47:42.775170,0,7806,2.0,10,7.0
2025-08-18T12:47:43.275543,0,7806,2.0,10,7.8
2025-08-18T12:47:43.775769,0,7806,2.0,10,7.7
2025-08-18T12:47:44.276020,0,7806,2.0,10,8.3
2025-08-18T12:47:44.776302,0,7806,2.0,10,7.3
2025-08-18T12:47:45.276538,0,7806,2.0,10,7.8
2025-08-18T12:47:45.776777,0,7806,2.0,10,7.9
2025-08-18T12:47:46.276999,0,7806,2.0,10,9.0
2025-08-18T12:47:46.777218,0,7806,2.0,10,9.3
2025-08-18T12:47:47.277462,0,7806,2.0,10,6.9
2025-08-18T12:47:47.777708,0,7806,2.0,10,6.6
2025-08-18T12:47:48.277945,4,7810,2.5,10,8.2
2025-08-18T12:47:48.778147,0,7810,4.0,10,10.8
2025-08-18T12:47:49.278379,10,7820,2.5,10,7.4
2025-08-18T12:47:49.778632,0,7820,1.0,10,6.8
2025-08-18T12:47:50.278932,0,7820,1.0,10,7.4
2025-08-18T12:47:50.779143,0,7820,1.0,10,6.7
2025-08-18T12:47:51.279439,0,7820,1.0,10,7.1
2025-08-18T12:47:51.779700,0,7820,1.0,10,6.8
2025-08-18T12:47:52.279935,0,7820,1.0,10,6.7
2025-08-18T12:47:52.780161,0,7820,1.0,10,6.7
2025-08-18T12:47:53.280447,0,7820,1.0,10,6.7
2025-08-18T12:47:53.780702,0,7820,1.0,10,6.7
2025-08-18T12:47:54.280968,0,7820,1.0,10,6.5
2025-08-18T12:47:54.781190,0,7820,1.0,10,7.4
2025-08-18T12:47:55.281484,0,7820,1.0,10,6.6
2025-08-18T12:47:55.781708,0,7820,1.0,10,6.8
2025-08-18T12:47:56.281949,10,7830,3.2,10,9.7
2025-08-18T12:47:56.782281,0,7830,7.0,10,9.7
2025-08-18T12:47:57.282584,10,7840,1.0,10,7.2
2025-08-18T12:47:57.782839,0,7840,1.0,10,6.7
2025-08-18T12:47:58.283086,0,7840,1.0,10,6.6
2025-08-18T12:47:58.783312,0,7840,1.0,10,7.2
2025-08-18T12:47:59.283546,0,7840,1.0,10,6.7
2025-08-18T12:47:59.783807,0,7840,1.0,10,6.7
2025-08-18T12:48:00.284060,0,7840,1.0,10,6.8
2025-08-18T12:48:00.784348,0,7840,1.0,10,7.1
2025-08-18T12:48:01.284669,0,7840,1.0,10,6.6
2025-08-18T12:48:01.784967,0,7840,1.0,10,6.6
2025-08-18T12:48:02.285282,0,7840,1.0,10,6.6
2025-08-18T12:48:02.785579,0,7840,1.0,10,7.1
2025-08-18T12:48:03.285835,0,7840,1.0,10,7.1
2025-08-18T12:48:03.786059,0,7840,1.0,10,6.7
2025-08-18T12:48:04.286396,0,7840,1.0,10,6.9
2025-08-18T12:48:04.786642,0,7840,1.0,10,6.9
2025-08-18T12:48:05.286863,0,7840,1.0,10,6.8
2025-08-18T12:48:05.787091,7,7847,2.5714285714285716,10,9.4
2025-08-18T12:48:06.287365,0,7847,2.0,10,6.7
2025-08-18T12:48:06.787612,0,7847,2.0,10,7.1
2025-08-18T12:48:07.287884,10,7857,1.3,10,8.5
2025-08-18T12:48:07.788169,0,7857,1.0,10,6.6
2025-08-18T12:48:08.288425,0,7857,1.0,10,6.8
2025-08-18T12:48:08.788716,0,7857,1.0,10,6.9
2025-08-18T12:48:09.288961,0,7857,1.0,10,6.9
2025-08-18T12:48:09.789186,0,7857,1.0,10,6.6
2025-08-18T12:48:10.289526,0,7857,1.0,10,6.8
2025-08-18T12:48:10.789860,0,7857,1.0,10,6.8
2025-08-18T12:48:11.290110,0,7857,1.0,10,8.1
2025-08-18T12:48:11.790396,0,7857,1.0,10,6.8
2025-08-18T12:48:12.290721,0,7857,1.0,10,6.6
2025-08-18T12:48:12.791045,0,7857,1.0,10,7.0
2025-08-18T12:48:13.291334,0,7857,1.0,10,6.8
2025-08-18T12:48:13.791672,0,7857,1.0,10,6.8
2025-08-18T12:48:14.291927,0,7857,1.0,10,6.6
2025-08-18T12:48:14.792177,0,7857,1.0,10,6.6
2025-08-18T12:48:15.292428,0,7857,1.0,10,7.0
2025-08-18T12:48:15.792730,4,7861,2.5,10,9.6
2025-08-18T12:48:16.292949,0,7861,4.0,10,6.7
2025-08-18T12:48:16.793181,10,7871,2.0,10,8.1
2025-08-18T12:48:17.293432,0,7871,5.0,10,7.2
2025-08-18T12:48:17.793714,0,7871,5.0,10,6.7
2025-08-18T12:48:18.293951,0,7871,5.0,10,6.9
2025-08-18T12:48:18.794381,0,7871,5.0,10,7.1
2025-08-18T12:48:19.294715,0,7871,5.0,10,7.2
2025-08-18T12:48:19.794951,0,7871,5.0,10,6.8
2025-08-18T12:48:20.295198,0,7871,5.0,10,7.2
2025-08-18T12:48:20.795478,0,7871,5.0,10,6.9
2025-08-18T12:48:21.295749,1,7872,1.0,10,9.2
2025-08-18T12:48:21.796024,0,7872,1.0,10,7.5
2025-08-18T12:48:22.296315,0,7872,1.0,10,6.9
2025-08-18T12:48:22.796575,0,7872,1.0,10,6.9
2025-08-18T12:48:23.296830,10,7882,1.0,10,7.1
2025-08-18T12:48:23.797069,0,7882,1.0,10,7.6
2025-08-18T12:48:24.297349,0,7882,1.0,10,6.8
2025-08-18T12:48:24.797662,0,7882,1.0,10,6.8
2025-08-18T12:48:25.297889,0,7882,1.0,10,7.1
2025-08-18T12:48:25.798115,0,7882,1.0,10,6.5
2025-08-18T12:48:26.298422,0,7882,1.0,10,6.8
2025-08-18T12:48:26.798708,0,7882,1.0,10,7.0
2025-08-18T12:48:27.298949,0,7882,1.0,10,6.6
2025-08-18T12:48:27.799209,0,7882,1.0,10,6.5
2025-08-18T12:48:28.299578,0,7882,1.0,10,6.8
2025-08-18T12:48:28.799837,7,7889,4.0,10,8.0
2025-08-18T12:48:29.300079,0,7889,7.0,10,6.7
2025-08-18T12:48:29.800311,10,7899,3.4,10,7.3
2025-08-18T12:48:30.300639,0,7899,7.0,10,6.8
2025-08-18T12:48:30.800889,0,7899,7.0,10,7.1
2025-08-18T12:48:31.301111,0,7899,7.0,10,6.7
2025-08-18T12:48:31.801406,0,7899,7.0,10,7.1
2025-08-18T12:48:32.301709,0,7899,7.0,10,6.6
2025-08-18T12:48:32.802157,0,7899,7.0,10,6.8
2025-08-18T12:48:33.302415,0,7899,7.0,10,7.2
2025-08-18T12:48:33.802649,0,7899,7.0,10,6.8
2025-08-18T12:48:34.302953,0,7899,7.0,10,6.6
2025-08-18T12:48:34.803244,0,7899,7.0,10,6.4
2025-08-18T12:48:35.303462,0,7899,7.0,10,6.8
2025-08-18T12:48:35.803773,0,7899,7.0,10,6.9
2025-08-18T12:48:36.304049,10,7909,3.1,10,8.1
2025-08-18T12:48:36.804356,10,7919,5.5,10,7.3
2025-08-18T12:48:37.305988,0,7919,10.0,10,6.6
2025-08-18T12:48:37.806277,0,7919,10.0,10,7.0
2025-08-18T12:48:38.306577,0,7919,10.0,10,6.5
2025-08-18T12:48:38.807046,0,7919,10.0,10,6.7
2025-08-18T12:48:39.307538,0,7919,10.0,10,7.1
2025-08-18T12:48:39.807790,0,7919,10.0,10,7.8
2025-08-18T12:48:40.308036,0,7919,10.0,10,6.8
2025-08-18T12:48:40.808273,0,7919,10.0,10,6.6
2025-08-18T12:48:41.308539,0,7919,10.0,10,6.8
2025-08-18T12:48:41.808767,0,7919,10.0,10,6.8
2025-08-18T12:48:42.309061,0,7919,10.0,10,6.6
2025-08-18T12:48:42.809298,0,7919,10.0,10,6.6
2025-08-18T12:48:43.309593,0,7919,10.0,10,6.9
2025-08-18T12:48:43.809849,0,7919,10.0,10,6.7
2025-08-18T12:48:44.310149,0,7919,10.0,10,6.6
2025-08-18T12:48:44.810372,0,7919,10.0,10,6.6
2025-08-18T12:48:45.310779,6,7925,3.5,10,10.8
2025-08-18T12:48:45.811023,10,7935,3.9,10,9.2
2025-08-18T12:48:46.311260,0,7935,8.0,10,6.6
2025-08-18T12:48:46.811572,0,7935,8.0,10,6.3
2025-08-18T12:48:47.311807,0,7935,8.0,10,7.2
2025-08-18T12:48:47.812041,0,7935,8.0,10,6.8
2025-08-18T12:48:48.312275,0,7935,8.0,10,6.9
2025-08-18T12:48:48.812570,0,7935,8.0,10,6.8
2025-08-18T12:48:49.312876,0,7935,8.0,10,6.8
2025-08-18T12:48:49.813159,0,7935,8.0,10,7.0
2025-08-18T12:48:50.313453,0,7935,8.0,10,7.2
2025-08-18T12:48:50.813760,0,7935,8.0,10,6.5
2025-08-18T12:48:51.314065,0,7935,8.0,10,6.6
2025-08-18T12:48:51.814306,0,7935,8.0,10,7.1
2025-08-18T12:48:52.314604,0,7935,8.0,10,7.4
2025-08-18T12:48:52.814933,0,7935,8.0,10,6.7
2025-08-18T12:48:53.315172,9,7944,5.0,10,9.1
2025-08-18T12:48:53.815485,0,7944,9.0,10,8.0
2025-08-18T12:48:54.315790,0,7944,9.0,10,6.7
2025-08-18T12:48:54.816095,10,7954,4.6,10,7.5
2025-08-18T12:48:55.316383,0,7954,9.0,10,6.9
2025-08-18T12:48:55.816679,0,7954,9.0,10,6.8
2025-08-18T12:48:56.316927,0,7954,9.0,10,6.8
2025-08-18T12:48:56.817178,0,7954,9.0,10,6.5
2025-08-18T12:48:57.317452,0,7954,9.0,10,7.3
2025-08-18T12:48:57.817765,0,7954,9.0,10,7.1
2025-08-18T12:48:58.318002,0,7954,9.0,10,6.6
2025-08-18T12:48:58.818294,0,7954,9.0,10,6.7
2025-08-18T12:48:59.318664,0,7954,9.0,10,7.1
2025-08-18T12:48:59.818903,0,7954,9.0,10,6.6
2025-08-18T12:49:00.319127,0,7954,9.0,10,6.7
2025-08-18T12:49:00.819354,0,7954,9.0,10,6.8
2025-08-18T12:49:01.319621,0,7954,9.0,10,7.1
2025-08-18T12:49:01.819876,0,7954,9.0,10,6.6
2025-08-18T12:49:02.320114,9,7963,3.4444444444444446,10,7.2
2025-08-18T12:49:02.820367,0,7963,2.0,10,9.1
2025-08-18T12:49:03.320651,0,7963,2.0,10,7.4
2025-08-18T12:49:03.820876,10,7973,1.4,10,7.8
2025-08-18T12:49:04.321124,0,7973,1.0,10,6.8
2025-08-18T12:49:04.821423,0,7973,1.0,10,6.6
2025-08-18T12:49:05.321707,0,7973,1.0,10,6.9
2025-08-18T12:49:05.821942,0,7973,1.0,10,6.6
2025-08-18T12:49:06.322252,0,7973,1.0,10,7.0
2025-08-18T12:49:06.822536,0,7973,1.0,10,6.8
2025-08-18T12:49:07.322773,0,7973,1.0,10,7.0
2025-08-18T12:49:07.823005,0,7973,1.0,10,6.6
2025-08-18T12:49:08.323230,0,7973,1.0,10,6.6
2025-08-18T12:49:08.823488,0,7973,1.0,10,7.6
2025-08-18T12:49:09.323722,0,7973,1.0,10,6.7
2025-08-18T12:49:09.824032,0,7973,1.0,10,6.8
2025-08-18T12:49:10.324321,0,7973,1.0,10,7.1
2025-08-18T12:49:10.824623,0,7973,1.0,10,6.8
2025-08-18T12:49:11.324970,7,7980,1.2857142857142858,10,9.1
2025-08-18T12:49:11.840114,10,7990,3.0,10,9.7
2025-08-18T12:49:12.340379,0,7990,1.4,10,6.7
2025-08-18T12:49:12.840595,0,7990,2.0,10,6.8
2025-08-18T12:49:13.340827,0,7990,2.0,10,6.6
2025-08-18T12:49:13.841034,0,7990,2.0,10,7.8
2025-08-18T12:49:14.341263,0,7990,2.0,10,6.9
2025-08-18T12:49:14.841519,0,7990,2.0,10,7.2
2025-08-18T12:49:15.341761,0,7990,2.0,10,7.2
2025-08-18T12:49:15.841960,0,7990,2.0,10,7.0
2025-08-18T12:49:16.342191,0,7990,2.0,10,6.8
2025-08-18T12:49:16.842450,0,7990,2.0,10,6.6
2025-08-18T12:49:17.342669,0,7990,2.0,10,6.8
2025-08-18T12:49:17.842879,0,7990,2.0,10,6.9
2025-08-18T12:49:18.343144,9,7999,2.111111111111111,10,10.3
2025-08-18T12:49:18.843422,10,8009,1.3,10,7.5
2025-08-18T12:49:19.343722,0,8009,1.0,10,7.1
2025-08-18T12:49:19.843927,0,8009,1.0,10,7.3
2025-08-18T12:49:20.344164,0,8009,1.0,10,7.3
2025-08-18T12:49:20.844378,0,8009,1.0,10,7.3
2025-08-18T12:49:21.344703,0,8009,1.0,10,7.2
2025-08-18T12:49:21.844920,0,8009,1.0,10,7.5
2025-08-18T12:49:22.345152,0,8009,1.0,10,7.3
2025-08-18T12:49:22.845377,0,8009,1.0,10,6.9
2025-08-18T12:49:23.345693,0,8009,1.0,10,8.1
2025-08-18T12:49:23.845905,0,8009,1.0,10,7.4
2025-08-18T12:49:24.346161,10,8019,2.0,10,10.9
2025-08-18T12:49:24.846387,10,8029,1.0,10,10.3
2025-08-18T12:49:25.346623,0,8029,1.0,10,7.5
2025-08-18T12:49:25.846872,0,8029,1.0,10,9.5
2025-08-18T12:49:26.347115,0,8029,1.0,10,14.4
2025-08-18T12:49:26.847362,0,8029,1.0,10,9.4
2025-08-18T12:49:27.347659,0,8029,1.0,10,8.6
2025-08-18T12:49:27.847929,0,8029,1.0,10,8.1
2025-08-18T12:49:28.348172,0,8029,1.0,10,8.1
2025-08-18T12:49:28.848413,0,8029,1.0,10,7.8
2025-08-18T12:49:29.348633,0,8029,1.0,10,7.1
2025-08-18T12:49:29.848866,0,8029,1.0,10,7.2
2025-08-18T12:49:30.349178,0,8029,1.0,10,8.1
2025-08-18T12:49:30.849423,0,8029,1.0,10,8.8
2025-08-18T12:49:31.349655,0,8029,1.0,10,7.9
2025-08-18T12:49:31.849890,10,8039,3.8,10,12.5
2025-08-18T12:49:32.350221,0,8039,1.0,10,7.5
2025-08-18T12:49:32.850495,10,8049,2.6,10,8.5
2025-08-18T12:49:33.350727,0,8049,2.0,10,8.7
2025-08-18T12:49:33.850988,0,8049,2.0,10,7.1
2025-08-18T12:49:34.351225,0,8049,2.0,10,7.9
2025-08-18T12:49:34.851708,0,8049,2.0,10,8.9
2025-08-18T12:49:35.352034,0,8049,2.0,10,8.1
2025-08-18T12:49:35.852391,0,8049,2.0,10,6.9
2025-08-18T12:49:36.352709,0,8049,2.0,10,6.9
2025-08-18T12:49:36.853024,0,8049,2.0,10,7.2
2025-08-18T12:49:37.353393,0,8049,2.0,10,9.0
2025-08-18T12:49:37.853742,0,8049,2.0,10,10.2
2025-08-18T12:49:38.354001,4,8053,2.5,10,9.4
2025-08-18T12:49:38.854250,0,8053,4.0,10,7.0
2025-08-18T12:49:39.354505,10,8063,2.1,10,7.9
2025-08-18T12:49:39.854740,0,8063,1.0,10,8.5
2025-08-18T12:49:40.355067,0,8063,1.0,10,10.2
2025-08-18T12:49:40.855397,0,8063,1.0,10,8.0
2025-08-18T12:49:41.355718,0,8063,1.0,10,8.2
2025-08-18T12:49:41.856096,0,8063,1.0,10,7.2
2025-08-18T12:49:42.356433,0,8063,1.0,10,7.0
2025-08-18T12:49:42.856814,0,8063,1.0,10,7.1
2025-08-18T12:49:43.357136,0,8063,1.0,10,6.8
2025-08-18T12:49:43.857490,0,8063,1.0,10,6.9
2025-08-18T12:49:44.357854,0,8063,1.0,10,7.1
2025-08-18T12:49:44.858166,0,8063,1.0,10,6.6
2025-08-18T12:49:45.358484,1,8064,1.0,10,7.8
2025-08-18T12:49:45.858807,10,8074,4.6,10,9.4
2025-08-18T12:49:46.359122,0,8074,9.0,10,7.6
2025-08-18T12:49:46.859442,0,8074,9.0,10,6.8
2025-08-18T12:49:47.359780,0,8074,9.0,10,6.6
2025-08-18T12:49:47.860092,0,8074,9.0,10,7.0
2025-08-18T12:49:48.360421,0,8074,9.0,10,7.5
2025-08-18T12:49:48.860721,0,8074,9.0,10,7.4
2025-08-18T12:49:49.361006,0,8074,9.0,10,8.2
2025-08-18T12:49:49.861310,0,8074,9.0,10,6.8
2025-08-18T12:49:50.361635,0,8074,9.0,10,6.8
2025-08-18T12:49:50.861949,0,8074,9.0,10,6.5
2025-08-18T12:49:51.362284,0,8074,9.0,10,7.0
2025-08-18T12:49:51.862584,0,8074,9.0,10,6.9
2025-08-18T12:49:52.362887,7,8081,4.0,10,8.0
2025-08-18T12:49:52.863214,10,8091,2.5,10,7.8
2025-08-18T12:49:53.363548,0,8091,1.0,10,6.9
2025-08-18T12:49:53.863866,0,8091,1.0,10,6.8
2025-08-18T12:49:54.364218,0,8091,1.0,10,6.9
2025-08-18T12:49:54.864571,0,8091,1.0,10,6.5
2025-08-18T12:49:55.364884,0,8091,1.0,10,7.2
2025-08-18T12:49:55.865232,0,8091,1.0,10,6.5
2025-08-18T12:49:56.365562,0,8091,1.0,10,6.7
2025-08-18T12:49:56.865890,0,8091,1.0,10,6.9
2025-08-18T12:49:57.366251,0,8091,1.0,10,6.8
2025-08-18T12:49:57.866603,0,8091,1.0,10,6.6
2025-08-18T12:49:58.366941,0,8091,1.0,10,6.8
2025-08-18T12:49:58.867262,0,8091,1.0,10,7.0
2025-08-18T12:49:59.367629,0,8091,1.0,10,6.4
2025-08-18T12:49:59.867878,0,8091,1.0,10,6.6
2025-08-18T12:50:00.368125,0,8091,1.0,10,8.7
2025-08-18T12:50:00.868363,0,8091,1.0,10,6.9
2025-08-18T12:50:01.368598,0,8091,1.0,10,6.8
2025-08-18T12:50:01.868815,10,8101,3.0,10,7.5
2025-08-18T12:50:02.369063,0,8101,5.0,10,9.6
2025-08-18T12:50:02.869295,10,8111,2.4,10,7.3
2025-08-18T12:50:03.369565,0,8111,5.0,10,7.8
2025-08-18T12:50:03.869852,0,8111,5.0,10,7.2
2025-08-18T12:50:04.370101,0,8111,5.0,10,7.1
2025-08-18T12:50:04.870342,0,8111,5.0,10,6.9
2025-08-18T12:50:05.370573,0,8111,5.0,10,7.3
2025-08-18T12:50:05.870818,0,8111,5.0,10,6.8
2025-08-18T12:50:06.371157,0,8111,5.0,10,9.8
2025-08-18T12:50:06.871416,0,8111,5.0,10,7.9
2025-08-18T12:50:07.371607,0,8111,5.0,10,7.1
2025-08-18T12:50:07.871855,0,8111,5.0,10,7.0
2025-08-18T12:50:08.372088,0,8111,5.0,10,7.3
2025-08-18T12:50:08.872333,0,8111,5.0,10,6.7
2025-08-18T12:50:09.372560,0,8111,5.0,10,6.5
2025-08-18T12:50:09.872808,0,8111,5.0,10,6.7
2025-08-18T12:50:10.373036,0,8111,5.0,10,6.9
2025-08-18T12:50:10.873274,0,8111,5.0,10,6.5
2025-08-18T12:50:11.373560,1,8112,1.0,10,9.8
2025-08-18T12:50:11.873821,0,8112,1.0,10,7.3
2025-08-18T12:50:12.374064,0,8112,1.0,10,6.8
2025-08-18T12:50:12.874322,10,8122,1.8,10,7.5
2025-08-18T12:50:13.374563,0,8122,2.0,10,7.8
2025-08-18T12:50:13.874831,0,8122,2.0,10,7.2
2025-08-18T12:50:14.375091,0,8122,2.0,10,7.0
2025-08-18T12:50:14.875324,0,8122,2.0,10,7.1
2025-08-18T12:50:15.375563,0,8122,2.0,10,6.6
2025-08-18T12:50:15.875802,0,8122,2.0,10,6.7
2025-08-18T12:50:16.376049,0,8122,2.0,10,6.7
2025-08-18T12:50:16.876295,0,8122,2.0,10,6.9
2025-08-18T12:50:17.376529,0,8122,2.0,10,6.9
2025-08-18T12:50:17.876775,0,8122,2.0,10,6.9
2025-08-18T12:50:18.377019,0,8122,2.0,10,7.2
2025-08-18T12:50:18.877278,0,8122,2.0,10,6.6
2025-08-18T12:50:19.377536,0,8122,2.0,10,7.0
2025-08-18T12:50:19.877779,0,8122,2.0,10,6.6
2025-08-18T12:50:20.378020,0,8122,2.0,10,6.7
2025-08-18T12:50:20.878270,9,8131,1.3333333333333333,10,7.1
2025-08-18T12:50:21.378667,0,8131,2.0,10,9.6
2025-08-18T12:50:21.878978,0,8131,2.0,10,6.9
2025-08-18T12:50:22.386680,10,8141,1.3333333333333333,10,7.0
2025-08-18T12:50:22.886905,0,8141,1.4285714285714286,10,6.8
2025-08-18T12:50:23.387169,0,8141,3.0,10,6.8
2025-08-18T12:50:23.887411,0,8141,3.0,10,7.0
2025-08-18T12:50:24.387648,0,8141,3.0,10,6.9
2025-08-18T12:50:24.887855,0,8141,3.0,10,6.6
2025-08-18T12:50:25.388093,0,8141,3.0,10,6.8
2025-08-18T12:50:25.888323,0,8141,3.0,10,6.7
2025-08-18T12:50:26.388585,0,8141,3.0,10,6.9
2025-08-18T12:50:26.888799,0,8141,3.0,10,7.2
2025-08-18T12:50:27.389052,0,8141,3.0,10,7.2
2025-08-18T12:50:27.889268,0,8141,3.0,10,6.8
2025-08-18T12:50:28.389492,0,8141,3.0,10,7.1
2025-08-18T12:50:28.889741,0,8141,3.0,10,6.9
2025-08-18T12:50:29.390066,0,8141,3.0,10,6.8
2025-08-18T12:50:29.890298,9,8150,2.3333333333333335,10,8.0
2025-08-18T12:50:30.390534,0,8150,1.0,10,7.0
2025-08-18T12:50:30.890738,10,8160,2.5,10,7.3
2025-08-18T12:50:31.391007,0,8160,1.0,10,6.6
2025-08-18T12:50:31.891256,0,8160,1.0,10,6.6
2025-08-18T12:50:32.391558,0,8160,1.0,10,7.0
2025-08-18T12:50:32.891798,0,8160,1.0,10,7.0
2025-08-18T12:50:33.392036,0,8160,1.0,10,6.8
2025-08-18T12:50:33.892328,0,8160,1.0,10,6.9
2025-08-18T12:50:34.392660,0,8160,1.0,10,6.8
2025-08-18T12:50:34.892909,0,8160,1.0,10,6.9
2025-08-18T12:50:35.393181,0,8160,1.0,10,7.0
2025-08-18T12:50:35.893441,0,8160,1.0,10,6.9
2025-08-18T12:50:36.393651,0,8160,1.0,10,6.8
2025-08-18T12:50:36.893891,0,8160,1.0,10,6.6
2025-08-18T12:50:37.394128,9,8169,1.2222222222222223,10,9.2
2025-08-18T12:50:37.894407,0,8169,1.0,10,6.7
2025-08-18T12:50:38.394651,0,8169,1.0,10,6.8
2025-08-18T12:50:38.894900,10,8179,1.0,10,7.0
2025-08-18T12:50:39.395145,0,8179,1.0,10,6.7
2025-08-18T12:50:39.895438,0,8179,1.0,10,7.0
2025-08-18T12:50:40.395660,0,8179,1.0,10,7.0
2025-08-18T12:50:40.895892,0,8179,1.0,10,6.6
2025-08-18T12:50:41.396130,0,8179,1.0,10,6.7
2025-08-18T12:50:41.896370,0,8179,1.0,10,6.6
2025-08-18T12:50:42.396591,0,8179,1.0,10,6.8
2025-08-18T12:50:42.896820,0,8179,1.0,10,6.8
2025-08-18T12:50:43.397074,0,8179,1.0,10,6.9
2025-08-18T12:50:43.897339,0,8179,1.0,10,7.1
2025-08-18T12:50:44.397634,9,8188,4.111111111111111,10,9.8
2025-08-18T12:50:44.897884,0,8188,8.0,10,6.8
2025-08-18T12:50:45.398110,0,8188,8.0,10,6.9
2025-08-18T12:50:45.898376,10,8198,2.5,10,8.1
2025-08-18T12:50:46.398607,0,8198,6.0,10,7.0
2025-08-18T12:50:46.898841,0,8198,6.0,10,7.0
2025-08-18T12:50:47.399150,0,8198,6.0,10,6.6
2025-08-18T12:50:47.899398,0,8198,6.0,10,6.8
2025-08-18T12:50:48.399724,0,8198,6.0,10,9.2
2025-08-18T12:50:48.899958,0,8198,6.0,10,6.8
2025-08-18T12:50:49.400257,0,8198,6.0,10,7.3
2025-08-18T12:50:49.900504,0,8198,6.0,10,7.0
2025-08-18T12:50:50.400865,0,8198,6.0,10,7.4
2025-08-18T12:50:50.901107,0,8198,6.0,10,6.6
2025-08-18T12:50:51.401341,5,8203,1.6,10,7.6
2025-08-18T12:50:51.901649,0,8203,3.0,10,7.4
2025-08-18T12:50:52.401896,0,8203,3.0,10,6.9
2025-08-18T12:50:52.902130,10,8213,2.6,10,7.2
2025-08-18T12:50:53.402401,0,8213,2.0,10,6.9
2025-08-18T12:50:53.902639,0,8213,2.0,10,7.2
2025-08-18T12:50:54.402928,0,8213,2.0,10,6.5
2025-08-18T12:50:54.903183,0,8213,2.0,10,7.0
2025-08-18T12:50:55.403398,0,8213,2.0,10,6.9
2025-08-18T12:50:55.903690,0,8213,2.0,10,6.5
2025-08-18T12:50:56.403930,0,8213,2.0,10,6.6
2025-08-18T12:50:56.904192,0,8213,2.0,10,6.9
2025-08-18T12:50:57.404566,0,8213,2.0,10,7.0
2025-08-18T12:50:57.904808,0,8213,2.0,10,7.1
2025-08-18T12:50:58.405099,0,8213,2.0,10,7.1
2025-08-18T12:50:58.905336,0,8213,2.0,10,6.8
2025-08-18T12:50:59.405627,0,8213,2.0,10,6.7
2025-08-18T12:50:59.905880,6,8219,2.6666666666666665,10,8.0
2025-08-18T12:51:00.406109,0,8219,5.0,10,7.0
2025-08-18T12:51:00.906376,10,8229,2.3,10,7.2
2025-08-18T12:51:01.406669,0,8229,5.0,10,6.6
2025-08-18T12:51:01.906898,0,8229,5.0,10,6.8
2025-08-18T12:51:02.407215,0,8229,5.0,10,6.9
2025-08-18T12:51:02.907491,0,8229,5.0,10,7.0
2025-08-18T12:51:03.407820,0,8229,5.0,10,7.5
2025-08-18T12:51:03.908068,0,8229,5.0,10,7.0
2025-08-18T12:51:04.408388,0,8229,5.0,10,6.9
2025-08-18T12:51:04.909037,0,8229,5.0,10,7.1
2025-08-18T12:51:05.409271,0,8229,5.0,10,6.8
2025-08-18T12:51:05.909487,0,8229,5.0,10,6.7
2025-08-18T12:51:06.409756,4,8233,1.25,10,7.6
2025-08-18T12:51:06.910215,0,8233,2.0,10,8.3
2025-08-18T12:51:07.410454,0,8233,2.0,10,6.9
2025-08-18T12:51:07.910665,10,8243,5.5,10,7.0
2025-08-18T12:51:08.410898,0,8243,10.0,10,6.8
2025-08-18T12:51:08.911530,0,8243,10.0,10,6.9
2025-08-18T12:51:09.412001,0,8243,10.0,10,7.0
2025-08-18T12:51:09.912363,0,8243,10.0,10,6.7
2025-08-18T12:51:10.412676,0,8243,10.0,10,6.9
2025-08-18T12:51:10.913206,0,8243,10.0,10,6.6
2025-08-18T12:51:11.413648,0,8243,10.0,10,6.9
2025-08-18T12:51:11.913992,0,8243,10.0,10,6.8
2025-08-18T12:51:12.414333,0,8243,10.0,10,6.8
2025-08-18T12:51:12.914772,0,8243,10.0,10,6.5
2025-08-18T12:51:13.415398,0,8243,10.0,10,7.3
2025-08-18T12:51:13.915732,0,8243,10.0,10,6.8
2025-08-18T12:51:14.416012,0,8243,10.0,10,6.8
2025-08-18T12:51:15.012535,10,8253,3.142857142857143,10,8.1
2025-08-18T12:51:15.512814,10,8263,2.3076923076923075,10,10.9
2025-08-18T12:51:16.013165,0,8263,1.0,10,7.1
2025-08-18T12:51:16.513494,0,8263,1.0,10,6.9
2025-08-18T12:51:17.013807,0,8263,1.0,10,6.6
2025-08-18T12:51:17.514098,0,8263,1.0,10,6.8
2025-08-18T12:51:18.014405,0,8263,1.0,10,7.2
2025-08-18T12:51:18.514716,0,8263,1.0,10,7.1
2025-08-18T12:51:19.015042,0,8263,1.0,10,7.2
2025-08-18T12:51:19.515358,0,8263,1.0,10,6.8
2025-08-18T12:51:20.015689,0,8263,1.0,10,7.0
2025-08-18T12:51:20.516026,0,8263,1.0,10,6.8
2025-08-18T12:51:21.016328,0,8263,1.0,10,6.5
2025-08-18T12:51:21.516661,0,8263,1.0,10,6.6
2025-08-18T12:51:22.016978,0,8263,1.0,10,6.8
2025-08-18T12:51:22.517345,4,8267,2.5,10,7.0
2025-08-18T12:51:23.017658,0,8267,4.0,10,9.5
2025-08-18T12:51:23.517907,10,8277,4.6,10,7.3
2025-08-18T12:51:24.018203,0,8277,1.0,10,6.6
2025-08-18T12:51:24.518485,0,8277,1.0,10,7.2
2025-08-18T12:51:25.018704,0,8277,1.0,10,7.1
2025-08-18T12:51:25.518925,0,8277,1.0,10,7.2
2025-08-18T12:51:26.019252,0,8277,1.0,10,6.6
2025-08-18T12:51:26.519485,0,8277,1.0,10,6.6
2025-08-18T12:51:27.019711,0,8277,1.0,10,7.0
2025-08-18T12:51:27.519976,0,8277,1.0,10,6.4
2025-08-18T12:51:28.020227,0,8277,1.0,10,6.7
2025-08-18T12:51:28.520518,0,8277,1.0,10,6.8
2025-08-18T12:51:29.020758,4,8281,1.75,10,7.7
2025-08-18T12:51:29.521056,0,8281,1.0,10,8.8
2025-08-18T12:51:30.021332,0,8281,1.0,10,6.7
2025-08-18T12:51:30.521608,0,8281,1.0,10,6.9
2025-08-18T12:51:31.021931,10,8291,5.5,10,7.5
2025-08-18T12:51:31.522166,0,8291,10.0,10,6.6
2025-08-18T12:51:32.022392,0,8291,10.0,10,6.7
2025-08-18T12:51:32.522670,0,8291,10.0,10,6.5
2025-08-18T12:51:33.022953,0,8291,10.0,10,6.7
2025-08-18T12:51:33.523170,0,8291,10.0,10,7.1
2025-08-18T12:51:34.023449,0,8291,10.0,10,6.6
2025-08-18T12:51:34.523649,0,8291,10.0,10,7.8
2025-08-18T12:51:35.023878,0,8291,10.0,10,6.6
2025-08-18T12:51:35.524093,0,8291,10.0,10,6.6
2025-08-18T12:51:36.024366,0,8291,10.0,10,7.0
2025-08-18T12:51:36.524603,5,8296,1.6,10,9.4
2025-08-18T12:51:37.024813,10,8306,4.6,10,7.0
2025-08-18T12:51:37.525104,0,8306,1.0,10,6.8
2025-08-18T12:51:38.025390,0,8306,1.0,10,6.8
2025-08-18T12:51:38.525677,0,8306,1.0,10,7.5
2025-08-18T12:51:39.025974,0,8306,1.0,10,6.8
2025-08-18T12:51:39.526231,0,8306,1.0,10,6.7
2025-08-18T12:51:40.026501,0,8306,1.0,10,6.5
2025-08-18T12:51:40.526763,0,8306,1.0,10,7.3
2025-08-18T12:51:41.026992,0,8306,1.0,10,6.6
2025-08-18T12:51:41.527253,0,8306,1.0,10,6.4
2025-08-18T12:51:42.027484,0,8306,1.0,10,6.4
2025-08-18T12:51:42.527714,0,8306,1.0,10,6.6
2025-08-18T12:51:43.027996,0,8306,1.0,10,6.6
2025-08-18T12:51:43.529423,8,8314,3.0,10,8.0
2025-08-18T12:51:44.029737,0,8314,6.0,10,8.2
2025-08-18T12:51:44.529968,0,8314,6.0,10,6.8
2025-08-18T12:51:45.030201,10,8324,1.2,10,7.1
2025-08-18T12:51:45.530478,0,8324,1.0,10,7.4
2025-08-18T12:51:46.030715,0,8324,1.0,10,8.4
2025-08-18T12:51:46.531012,0,8324,1.0,10,6.7
2025-08-18T12:51:47.031315,0,8324,1.0,10,6.4
2025-08-18T12:51:47.531555,0,8324,1.0,10,6.4
2025-08-18T12:51:48.031783,0,8324,1.0,10,6.9
2025-08-18T12:51:48.532032,0,8324,1.0,10,6.7
2025-08-18T12:51:49.032308,0,8324,1.0,10,6.7
2025-08-18T12:51:49.532599,0,8324,1.0,10,6.8
2025-08-18T12:51:50.032822,0,8324,1.0,10,6.7
2025-08-18T12:51:50.533114,0,8324,1.0,10,7.2
2025-08-18T12:51:51.033358,0,8324,1.0,10,6.6
2025-08-18T12:51:51.533688,7,8331,1.1428571428571428,10,9.3
2025-08-18T12:51:52.033935,0,8331,1.0,10,6.9
2025-08-18T12:51:52.534210,0,8331,1.0,10,6.8
2025-08-18T12:51:53.034502,10,8341,1.4,10,6.9
2025-08-18T12:51:53.534731,0,8341,1.0,10,6.6
2025-08-18T12:51:54.034960,0,8341,1.0,10,6.9
2025-08-18T12:51:54.535194,0,8341,1.0,10,7.0
2025-08-18T12:51:55.035492,0,8341,1.0,10,6.7
2025-08-18T12:51:55.535738,0,8341,1.0,10,6.6
2025-08-18T12:51:56.035964,0,8341,1.0,10,6.6
2025-08-18T12:51:56.536209,0,8341,1.0,10,7.0
2025-08-18T12:51:57.036507,0,8341,1.0,10,6.7
2025-08-18T12:51:57.536775,0,8341,1.0,10,6.5
2025-08-18T12:51:58.037117,0,8341,1.0,10,6.9
2025-08-18T12:51:58.537407,0,8341,1.0,10,7.0
2025-08-18T12:51:59.037671,8,8349,1.25,10,9.2
2025-08-18T12:51:59.537999,0,8349,1.0,10,7.4
2025-08-18T12:52:00.038234,0,8349,1.0,10,7.3
2025-08-18T12:52:00.538530,10,8359,1.4,10,9.7
2025-08-18T12:52:01.038788,0,8359,1.0,10,7.9
2025-08-18T12:52:01.539031,0,8359,1.0,10,6.9
2025-08-18T12:52:02.039262,0,8359,1.0,10,7.6
2025-08-18T12:52:02.539486,0,8359,1.0,10,7.3
2025-08-18T12:52:03.039762,0,8359,1.0,10,7.1
2025-08-18T12:52:03.540000,0,8359,1.0,10,8.6
2025-08-18T12:52:04.040247,0,8359,1.0,10,8.1
2025-08-18T12:52:04.540485,0,8359,1.0,10,10.4
2025-08-18T12:52:05.040727,0,8359,1.0,10,7.4
2025-08-18T12:52:05.540992,0,8359,1.0,10,11.8
2025-08-18T12:52:06.041230,0,8359,1.0,10,14.9
2025-08-18T12:52:06.541460,0,8359,1.0,10,7.8
2025-08-18T12:52:07.041788,0,8359,1.0,10,8.9
2025-08-18T12:52:07.542032,0,8359,1.0,10,7.4
2025-08-18T12:52:08.042271,0,8359,1.0,10,6.8
2025-08-18T12:52:08.542503,10,8369,1.2,10,10.9
2025-08-18T12:52:09.042765,0,8369,1.0,10,8.9
2025-08-18T12:52:09.543001,0,8369,1.0,10,8.6
2025-08-18T12:52:10.043235,10,8379,1.3,10,8.0
2025-08-18T12:52:10.543522,0,8379,1.0,10,7.9
2025-08-18T12:52:11.043768,0,8379,1.0,10,7.7
2025-08-18T12:52:11.544053,0,8379,1.0,10,7.8
2025-08-18T12:52:12.044293,0,8379,1.0,10,8.8
2025-08-18T12:52:12.544561,0,8379,1.0,10,9.8
2025-08-18T12:52:13.044800,0,8379,1.0,10,7.2
2025-08-18T12:52:13.545011,0,8379,1.0,10,7.9
2025-08-18T12:52:14.045243,0,8379,1.0,10,7.8
2025-08-18T12:52:14.545530,0,8379,1.0,10,8.3
2025-08-18T12:52:15.045772,0,8379,1.0,10,10.2
2025-08-18T12:52:15.546009,0,8379,1.0,10,15.1
2025-08-18T12:52:16.046320,6,8385,1.5,10,11.8
2025-08-18T12:52:16.546625,0,8385,1.0,10,8.6
2025-08-18T12:52:17.046917,0,8385,1.0,10,8.3
2025-08-18T12:52:17.547161,10,8395,1.0,10,7.8
2025-08-18T12:52:18.047414,0,8395,1.0,10,7.7
2025-08-18T12:52:18.547701,0,8395,1.0,10,8.3
2025-08-18T12:52:19.047969,0,8395,1.0,10,8.8
2025-08-18T12:52:19.548248,0,8395,1.0,10,8.2
2025-08-18T12:52:20.048549,0,8395,1.0,10,7.2
2025-08-18T12:52:20.548811,0,8395,1.0,10,7.7
2025-08-18T12:52:21.049098,0,8395,1.0,10,8.6
2025-08-18T12:52:21.549384,0,8395,1.0,10,6.6
2025-08-18T12:52:22.049704,0,8395,1.0,10,6.9
2025-08-18T12:52:22.550009,2,8397,1.5,10,8.0
2025-08-18T12:52:23.050298,0,8397,2.0,10,6.6
2025-08-18T12:52:23.550573,0,8397,2.0,10,6.6
2025-08-18T12:52:24.050789,0,8397,2.0,10,8.1
2025-08-18T12:52:24.551024,10,8407,2.5,10,10.6
2025-08-18T12:52:25.051282,0,8407,6.0,10,8.6
2025-08-18T12:52:25.551572,0,8407,6.0,10,8.0
2025-08-18T12:52:26.051806,0,8407,6.0,10,9.2
2025-08-18T12:52:26.552048,0,8407,6.0,10,7.2
2025-08-18T12:52:27.052286,0,8407,6.0,10,7.1
2025-08-18T12:52:27.552524,0,8407,6.0,10,7.9
2025-08-18T12:52:28.052758,0,8407,6.0,10,7.8
2025-08-18T12:52:28.553001,0,8407,6.0,10,7.5
2025-08-18T12:52:29.053236,0,8407,6.0,10,6.5
2025-08-18T12:52:29.553441,0,8407,6.0,10,7.1
2025-08-18T12:52:30.053678,0,8407,6.0,10,8.7
2025-08-18T12:52:30.553974,0,8407,6.0,10,7.4
2025-08-18T12:52:31.054233,0,8407,6.0,10,7.1
2025-08-18T12:52:31.554592,0,8407,6.0,10,6.5
2025-08-18T12:52:32.058180,8,8415,3.625,10,5.4
2025-08-18T12:52:32.558384,0,8415,7.0,10,7.0
2025-08-18T12:52:33.058594,10,8425,3.1,10,4.0
2025-08-18T12:52:33.558815,0,8425,7.0,10,3.8
2025-08-18T12:52:34.059018,0,8425,7.0,10,3.6
2025-08-18T12:52:34.559266,0,8425,7.0,10,3.6
2025-08-18T12:52:35.059483,0,8425,7.0,10,3.7
2025-08-18T12:52:35.559696,0,8425,7.0,10,3.4
2025-08-18T12:52:36.059895,0,8425,7.0,10,3.4
2025-08-18T12:52:36.560114,0,8425,7.0,10,3.4
2025-08-18T12:52:37.060318,0,8425,7.0,10,3.4
2025-08-18T12:52:37.560549,0,8425,7.0,10,3.7
2025-08-18T12:52:38.060758,0,8425,7.0,10,3.4
2025-08-18T12:52:38.560955,0,8425,7.0,10,3.8
2025-08-18T12:52:39.061175,0,8425,7.0,10,3.4
2025-08-18T12:52:39.561372,0,8425,7.0,10,3.5
2025-08-18T12:52:40.061623,0,8425,7.0,10,3.6
2025-08-18T12:52:40.561887,0,8425,7.0,10,3.6
2025-08-18T12:52:41.062125,2,8427,1.0,10,4.8
2025-08-18T12:52:41.562385,0,8427,1.0,10,3.5
2025-08-18T12:52:42.062652,0,8427,1.0,10,3.8
2025-08-18T12:52:42.562892,10,8437,1.5,10,5.1
2025-08-18T12:52:43.063102,0,8437,2.0,10,3.6
2025-08-18T12:52:43.563300,0,8437,2.0,10,3.6
2025-08-18T12:52:44.063499,0,8437,2.0,10,3.6
2025-08-18T12:52:44.563696,0,8437,2.0,10,3.5
2025-08-18T12:52:45.063891,0,8437,2.0,10,3.3
2025-08-18T12:52:45.564143,0,8437,2.0,10,3.8
2025-08-18T12:52:46.064339,0,8437,2.0,10,3.3
2025-08-18T12:52:46.564608,0,8437,2.0,10,3.4
2025-08-18T12:52:47.064869,0,8437,2.0,10,3.6
2025-08-18T12:52:47.565076,0,8437,2.0,10,3.3
2025-08-18T12:52:48.065322,0,8437,2.0,10,3.5
2025-08-18T12:52:48.565521,0,8437,2.0,10,3.4
2025-08-18T12:52:49.065734,0,8437,2.0,10,3.6
2025-08-18T12:52:49.565901,0,8437,2.0,10,3.4
2025-08-18T12:52:50.066106,0,8437,2.0,10,3.4
2025-08-18T12:52:50.566308,0,8437,2.0,10,3.4
2025-08-18T12:52:51.066531,0,8437,2.0,10,3.5
2025-08-18T12:52:51.566736,0,8437,2.0,10,3.4
2025-08-18T12:52:52.066954,0,8437,2.0,10,3.9
2025-08-18T12:52:52.567156,8,8445,2.125,10,6.5
2025-08-18T12:52:53.067370,0,8445,4.0,10,3.8
2025-08-18T12:52:53.567580,0,8445,4.0,10,3.7
2025-08-18T12:52:54.067805,10,8455,1.2,10,4.3
2025-08-18T12:52:54.568087,0,8455,1.0,10,3.4
2025-08-18T12:52:55.068385,0,8455,1.0,10,3.8
2025-08-18T12:52:55.568601,0,8455,1.0,10,3.4
2025-08-18T12:52:56.068799,0,8455,1.0,10,3.4
2025-08-18T12:52:56.569053,0,8455,1.0,10,3.4
2025-08-18T12:52:57.069272,0,8455,1.0,10,3.8
2025-08-18T12:52:57.569588,0,8455,1.0,10,3.5
2025-08-18T12:52:58.069843,0,8455,1.0,10,3.6
2025-08-18T12:52:58.570044,0,8455,1.0,10,3.6
2025-08-18T12:52:59.070270,0,8455,1.0,10,3.4
2025-08-18T12:52:59.570466,0,8455,1.0,10,4.0
2025-08-18T12:53:00.070667,0,8455,1.0,10,3.6
2025-08-18T12:53:00.570887,0,8455,1.0,10,3.6
2025-08-18T12:53:01.071087,0,8455,1.0,10,3.4
2025-08-18T12:53:01.571302,0,8455,1.0,10,3.6
2025-08-18T12:53:02.071516,0,8455,1.0,10,3.4
2025-08-18T12:53:02.571744,0,8455,1.0,10,3.4
2025-08-18T12:53:03.071957,9,8464,1.5555555555555556,10,5.2
2025-08-18T12:53:03.572208,10,8474,1.0,10,5.4
2025-08-18T12:53:04.072496,0,8474,1.0,10,3.6
2025-08-18T12:53:04.572695,0,8474,1.0,10,4.1
2025-08-18T12:53:05.072914,0,8474,1.0,10,3.6
2025-08-18T12:53:05.573135,0,8474,1.0,10,3.4
2025-08-18T12:53:06.073372,0,8474,1.0,10,3.6
2025-08-18T12:53:06.573641,0,8474,1.0,10,3.4
2025-08-18T12:53:07.073852,0,8474,1.0,10,3.3
2025-08-18T12:53:07.574064,0,8474,1.0,10,3.3
2025-08-18T12:53:08.074275,0,8474,1.0,10,3.3
2025-08-18T12:53:08.574475,0,8474,1.0,10,3.6
2025-08-18T12:53:09.074805,0,8474,1.0,10,4.8
2025-08-18T12:53:09.575020,0,8474,1.0,10,3.7
2025-08-18T12:53:10.075216,0,8474,1.0,10,3.8
2025-08-18T12:53:10.575515,6,8480,2.6666666666666665,10,6.7
2025-08-18T12:53:11.075799,0,8480,1.0,10,3.6
2025-08-18T12:53:11.576092,0,8480,1.0,10,3.6
2025-08-18T12:53:12.076298,10,8490,2.6,10,3.8
2025-08-18T12:53:12.576503,0,8490,6.0,10,3.6
2025-08-18T12:53:13.076711,0,8490,6.0,10,3.5
2025-08-18T12:53:13.576915,0,8490,6.0,10,3.6
2025-08-18T12:53:14.078359,0,8490,6.0,10,3.7
2025-08-18T12:53:14.578608,0,8490,6.0,10,3.4
2025-08-18T12:53:15.078806,0,8490,6.0,10,3.7
2025-08-18T12:53:15.579022,0,8490,6.0,10,3.3
2025-08-18T12:53:16.079216,0,8490,6.0,10,3.9
2025-08-18T12:53:16.579421,0,8490,6.0,10,3.3
2025-08-18T12:53:17.079642,0,8490,6.0,10,3.6
2025-08-18T12:53:17.579863,0,8490,6.0,10,3.3
2025-08-18T12:53:18.080065,0,8490,6.0,10,3.6
2025-08-18T12:53:18.580265,0,8490,6.0,10,3.4
2025-08-18T12:53:19.080456,8,8498,1.375,10,4.0
2025-08-18T12:53:19.580624,0,8498,2.0,10,7.0
2025-08-18T12:53:20.080843,0,8498,2.0,10,3.4
2025-08-18T12:53:20.581060,10,8508,1.1,10,4.9
2025-08-18T12:53:21.081252,0,8508,1.0,10,3.4
2025-08-18T12:53:21.581463,0,8508,1.0,10,3.4
2025-08-18T12:53:22.081634,0,8508,1.0,10,3.3
2025-08-18T12:53:22.581859,0,8508,1.0,10,3.3
2025-08-18T12:53:23.082080,0,8508,1.0,10,3.5
2025-08-18T12:53:23.582287,0,8508,1.0,10,3.6
2025-08-18T12:53:24.082568,0,8508,1.0,10,3.5
2025-08-18T12:53:24.582780,0,8508,1.0,10,3.5
2025-08-18T12:53:25.083058,0,8508,1.0,10,3.6
2025-08-18T12:53:25.583280,1,8509,1.0,10,5.3
2025-08-18T12:53:26.083492,0,8509,1.0,10,4.6
2025-08-18T12:53:26.585435,10,8519,1.5,10,4.1
2025-08-18T12:53:27.085719,0,8519,1.0,10,3.8
2025-08-18T12:53:27.585980,0,8519,1.0,10,3.4
2025-08-18T12:53:28.086240,0,8519,1.0,10,3.3
2025-08-18T12:53:28.586437,0,8519,1.0,10,3.5
2025-08-18T12:53:29.086700,0,8519,1.0,10,3.3
2025-08-18T12:53:29.586922,0,8519,1.0,10,3.6
2025-08-18T12:53:30.087154,0,8519,1.0,10,3.4
2025-08-18T12:53:30.587355,0,8519,1.0,10,3.6
2025-08-18T12:53:31.087574,0,8519,1.0,10,3.3
2025-08-18T12:53:31.587782,0,8519,1.0,10,3.4
2025-08-18T12:53:32.087989,0,8519,1.0,10,3.3
2025-08-18T12:53:32.588202,0,8519,1.0,10,3.3
2025-08-18T12:53:33.088435,0,8519,1.0,10,3.3
2025-08-18T12:53:33.588622,0,8519,1.0,10,3.6
2025-08-18T12:53:34.088899,0,8519,1.0,10,3.4
2025-08-18T12:53:34.589095,0,8519,1.0,10,3.4
2025-08-18T12:53:35.089369,0,8519,1.0,10,3.6
2025-08-18T12:53:35.589635,0,8519,1.0,10,3.5
2025-08-18T12:53:36.089916,8,8527,1.375,10,5.3
2025-08-18T12:53:36.590129,0,8527,1.0,10,7.3
2025-08-18T12:53:37.090383,0,8527,1.0,10,3.4
2025-08-18T12:53:37.590650,0,8527,1.0,10,3.5
2025-08-18T12:53:38.090936,0,8527,1.0,10,3.4
2025-08-18T12:53:38.591143,10,8537,1.1,10,4.3
2025-08-18T12:53:39.091368,0,8537,1.0,10,3.4
2025-08-18T12:53:39.591629,0,8537,1.0,10,3.8
2025-08-18T12:53:40.091904,0,8537,1.0,10,3.4
2025-08-18T12:53:40.592132,0,8537,1.0,10,3.4
2025-08-18T12:53:41.092390,0,8537,1.0,10,3.7
2025-08-18T12:53:41.592666,0,8537,1.0,10,3.4
2025-08-18T12:53:42.092918,0,8537,1.0,10,3.4
2025-08-18T12:53:42.593135,0,8537,1.0,10,3.8
2025-08-18T12:53:43.093391,0,8537,1.0,10,3.6
2025-08-18T12:53:43.593590,0,8537,1.0,10,3.6
2025-08-18T12:53:44.200832,8,8545,1.0,10,4.3
2025-08-18T12:53:44.701040,0,8545,3.5,10,7.6
2025-08-18T12:53:45.201303,10,8555,1.0,10,4.0
2025-08-18T12:53:45.701571,0,8555,1.0,10,3.5
2025-08-18T12:53:46.201780,0,8555,1.0,10,3.4
2025-08-18T12:53:46.702022,0,8555,1.0,10,3.6
2025-08-18T12:53:47.202317,0,8555,1.0,10,3.3
2025-08-18T12:53:47.702539,0,8555,1.0,10,3.6
2025-08-18T12:53:48.202759,0,8555,1.0,10,3.5
2025-08-18T12:53:48.702983,0,8555,1.0,10,3.6
2025-08-18T12:53:49.203258,0,8555,1.0,10,4.6
2025-08-18T12:53:49.703451,0,8555,1.0,10,3.4
2025-08-18T12:53:50.203653,0,8555,1.0,10,3.8
2025-08-18T12:53:50.703870,0,8555,1.0,10,3.4
2025-08-18T12:53:51.204074,0,8555,1.0,10,3.6
2025-08-18T12:53:51.704362,5,8560,1.4,10,6.4
2025-08-18T12:53:52.204670,0,8560,2.0,10,4.0
2025-08-18T12:53:52.704891,0,8560,2.0,10,3.6
2025-08-18T12:53:53.205117,10,8570,3.0,10,4.3
2025-08-18T12:53:53.705391,0,8570,5.0,10,3.8
2025-08-18T12:53:54.205621,0,8570,5.0,10,3.9
2025-08-18T12:53:54.705841,0,8570,5.0,10,3.4
2025-08-18T12:53:55.206132,0,8570,5.0,10,3.5
2025-08-18T12:53:55.706340,0,8570,5.0,10,3.5
2025-08-18T12:53:56.206602,0,8570,5.0,10,3.3
2025-08-18T12:53:56.706853,2,8572,1.0,10,3.7
2025-08-18T12:53:57.207075,0,8572,1.0,10,5.6
2025-08-18T12:53:57.707282,0,8572,1.0,10,3.4
2025-08-18T12:53:58.207516,0,8572,1.0,10,3.4
2025-08-18T12:53:58.707738,0,8572,1.0,10,3.5
2025-08-18T12:53:59.207967,10,8582,5.5,10,3.9
2025-08-18T12:53:59.708235,0,8582,10.0,10,3.3
2025-08-18T12:54:00.208433,0,8582,10.0,10,3.4
2025-08-18T12:54:00.708646,0,8582,10.0,10,3.5
2025-08-18T12:54:01.208885,0,8582,10.0,10,3.4
2025-08-18T12:54:01.709102,0,8582,10.0,10,3.5
2025-08-18T12:54:02.209409,0,8582,10.0,10,3.3
2025-08-18T12:54:02.709684,0,8582,10.0,10,3.4
2025-08-18T12:54:03.209911,0,8582,10.0,10,4.0
2025-08-18T12:54:03.710131,0,8582,10.0,10,3.7
2025-08-18T12:54:04.210353,0,8582,10.0,10,3.4
2025-08-18T12:54:04.710578,0,8582,10.0,10,3.3
2025-08-18T12:54:05.210833,0,8582,10.0,10,3.4
2025-08-18T12:54:05.711057,0,8582,10.0,10,3.6
2025-08-18T12:54:06.211280,0,8582,10.0,10,3.3
2025-08-18T12:54:06.711501,0,8582,10.0,10,3.4
2025-08-18T12:54:07.211741,0,8582,10.0,10,3.4
2025-08-18T12:54:07.711961,0,8582,10.0,10,3.4
2025-08-18T12:54:08.212211,0,8582,10.0,10,3.3
2025-08-18T12:54:08.712405,0,8582,10.0,10,3.5
2025-08-18T12:54:09.212631,10,8592,3.1,10,3.8
2025-08-18T12:54:09.712848,0,8592,6.0,10,6.8
2025-08-18T12:54:10.213091,10,8602,3.9,10,4.3
2025-08-18T12:54:10.713398,0,8602,2.0,10,3.5
2025-08-18T12:54:11.213699,0,8602,2.0,10,3.3
2025-08-18T12:54:11.713990,0,8602,2.0,10,3.6
2025-08-18T12:54:12.214261,0,8602,2.0,10,3.3
2025-08-18T12:54:12.714535,0,8602,2.0,10,3.8
2025-08-18T12:54:13.214831,0,8602,2.0,10,3.6
2025-08-18T12:54:13.715143,0,8602,2.0,10,3.9
2025-08-18T12:54:14.215417,0,8602,2.0,10,3.4
2025-08-18T12:54:14.715684,0,8602,2.0,10,3.5
2025-08-18T12:54:15.215970,0,8602,2.0,10,3.4
2025-08-18T12:54:15.716326,5,8607,3.0,10,5.7
2025-08-18T12:54:16.216613,0,8607,5.0,10,5.8
2025-08-18T12:54:16.716871,0,8607,5.0,10,3.4
2025-08-18T12:54:17.217096,0,8607,5.0,10,3.4
2025-08-18T12:54:17.717388,10,8617,5.5,10,3.8
2025-08-18T12:54:18.217658,0,8617,10.0,10,3.4
2025-08-18T12:54:18.717922,0,8617,10.0,10,3.9
2025-08-18T12:54:19.218148,0,8617,10.0,10,3.4
2025-08-18T12:54:19.718431,0,8617,10.0,10,3.4
2025-08-18T12:54:20.218711,0,8617,10.0,10,3.4
2025-08-18T12:54:20.718941,0,8617,10.0,10,3.8
2025-08-18T12:54:21.219174,0,8617,10.0,10,3.4
2025-08-18T12:54:21.719465,0,8617,10.0,10,3.4
2025-08-18T12:54:22.219658,0,8617,10.0,10,3.4
2025-08-18T12:54:22.719893,0,8617,10.0,10,3.4
2025-08-18T12:54:23.220207,0,8617,10.0,10,3.6
2025-08-18T12:54:23.720422,0,8617,10.0,10,3.6
2025-08-18T12:54:24.220651,0,8617,10.0,10,3.4
2025-08-18T12:54:24.720864,0,8617,10.0,10,3.4
2025-08-18T12:54:25.221082,0,8617,10.0,10,3.3
2025-08-18T12:54:25.721367,0,8617,10.0,10,3.5
2025-08-18T12:54:26.221581,4,8621,1.75,10,7.1
2025-08-18T12:54:26.721826,0,8621,3.0,10,3.4
2025-08-18T12:54:27.222056,0,8621,3.0,10,3.3
2025-08-18T12:54:27.722268,10,8631,5.5,10,4.0
2025-08-18T12:54:28.222493,0,8631,10.0,10,3.5
2025-08-18T12:54:28.722679,0,8631,10.0,10,4.8
2025-08-18T12:54:29.222909,0,8631,10.0,10,3.5
2025-08-18T12:54:29.723126,0,8631,10.0,10,3.4
2025-08-18T12:54:30.223350,0,8631,10.0,10,3.3
2025-08-18T12:54:30.723610,0,8631,10.0,10,3.9
2025-08-18T12:54:31.223808,0,8631,10.0,10,3.4
2025-08-18T12:54:31.724031,0,8631,10.0,10,3.7
2025-08-18T12:54:32.224316,0,8631,10.0,10,3.4
2025-08-18T12:54:32.724586,0,8631,10.0,10,3.3
2025-08-18T12:54:33.224808,0,8631,10.0,10,3.5
2025-08-18T12:54:33.725071,0,8631,10.0,10,3.6
2025-08-18T12:54:34.225349,0,8631,10.0,10,3.5
2025-08-18T12:54:34.725624,0,8631,10.0,10,3.5
2025-08-18T12:54:35.225846,0,8631,10.0,10,3.4
2025-08-18T12:54:35.726071,10,8641,1.5,10,5.4
2025-08-18T12:54:36.226287,0,8641,1.0,10,3.4
2025-08-18T12:54:36.726504,10,8651,5.5,10,3.9
2025-08-18T12:54:37.226740,0,8651,10.0,10,3.4
2025-08-18T12:54:37.727004,0,8651,10.0,10,3.4
2025-08-18T12:54:38.227239,0,8651,10.0,10,3.6
2025-08-18T12:54:38.727469,0,8651,10.0,10,3.5
2025-08-18T12:54:39.227652,0,8651,10.0,10,3.6
2025-08-18T12:54:39.727875,0,8651,10.0,10,3.9
2025-08-18T12:54:40.228104,0,8651,10.0,10,3.3
2025-08-18T12:54:40.728340,0,8651,10.0,10,3.6
2025-08-18T12:54:41.228563,0,8651,10.0,10,3.5
2025-08-18T12:54:41.728769,0,8651,10.0,10,3.6
2025-08-18T12:54:42.228981,2,8653,1.5,10,4.7
2025-08-18T12:54:42.729191,0,8653,2.0,10,3.7
2025-08-18T12:54:43.229420,10,8663,5.5,10,4.4
2025-08-18T12:54:43.729625,0,8663,10.0,10,3.7
2025-08-18T12:54:44.229850,0,8663,10.0,10,3.8
2025-08-18T12:54:44.730059,0,8663,10.0,10,3.7
2025-08-18T12:54:45.230279,0,8663,10.0,10,3.9
2025-08-18T12:54:45.730495,0,8663,10.0,10,3.9
2025-08-18T12:54:46.230788,0,8663,10.0,10,3.7
2025-08-18T12:54:46.730995,0,8663,10.0,10,3.8
2025-08-18T12:54:47.231214,0,8663,10.0,10,3.5
2025-08-18T12:54:47.731422,0,8663,10.0,10,3.5
2025-08-18T12:54:48.231643,0,8663,10.0,10,3.7
2025-08-18T12:54:48.731848,0,8663,10.0,10,3.4
2025-08-18T12:54:49.232091,0,8663,10.0,10,3.4
2025-08-18T12:54:49.732313,7,8670,4.0,10,5.1
2025-08-18T12:54:50.232561,0,8670,7.0,10,3.6
2025-08-18T12:54:50.732786,0,8670,7.0,10,3.6
2025-08-18T12:54:51.233066,10,8680,3.9,10,3.9
2025-08-18T12:54:51.733291,0,8680,8.0,10,3.7
2025-08-18T12:54:52.233519,0,8680,8.0,10,3.3
2025-08-18T12:54:52.733726,0,8680,8.0,10,3.4
2025-08-18T12:54:53.234023,0,8680,8.0,10,3.6
2025-08-18T12:54:53.734316,0,8680,8.0,10,3.9
2025-08-18T12:54:54.234579,0,8680,8.0,10,4.0
2025-08-18T12:54:54.734852,0,8680,8.0,10,3.4
2025-08-18T12:54:55.235070,0,8680,8.0,10,3.3
2025-08-18T12:54:55.735291,0,8680,8.0,10,3.6
2025-08-18T12:54:56.235512,0,8680,8.0,10,3.6
2025-08-18T12:54:56.735735,0,8680,8.0,10,3.7
2025-08-18T12:54:57.235975,0,8680,8.0,10,3.6
2025-08-18T12:54:57.736190,0,8680,8.0,10,3.5
2025-08-18T12:54:58.236422,0,8680,8.0,10,3.6
2025-08-18T12:54:58.736634,0,8680,8.0,10,3.6
2025-08-18T12:54:59.236861,10,8690,2.0,10,6.7
2025-08-18T12:54:59.737085,0,8690,1.0,10,6.1
2025-08-18T12:55:00.237385,0,8690,1.0,10,3.5
2025-08-18T12:55:00.737679,0,8690,1.0,10,3.7
2025-08-18T12:55:01.237902,10,8700,4.6,10,4.2
2025-08-18T12:55:01.738122,0,8700,1.0,10,3.7
2025-08-18T12:55:02.238349,0,8700,1.0,10,3.4
2025-08-18T12:55:02.738628,0,8700,1.0,10,3.8
2025-08-18T12:55:03.238853,0,8700,1.0,10,3.7
2025-08-18T12:55:03.739066,0,8700,1.0,10,4.4
2025-08-18T12:55:04.239307,0,8700,1.0,10,3.3
2025-08-18T12:55:04.739578,0,8700,1.0,10,3.4
2025-08-18T12:55:05.239812,0,8700,1.0,10,3.4
2025-08-18T12:55:05.740063,5,8705,1.6,10,4.3
2025-08-18T12:55:06.240282,0,8705,1.0,10,5.0
2025-08-18T12:55:06.740478,0,8705,1.0,10,3.7
2025-08-18T12:55:07.240700,10,8715,4.6,10,5.4
2025-08-18T12:55:07.740907,0,8715,1.0,10,3.5
2025-08-18T12:55:08.241139,0,8715,1.0,10,3.4
2025-08-18T12:55:08.741396,0,8715,1.0,10,3.9
2025-08-18T12:55:09.241656,0,8715,1.0,10,3.6
2025-08-18T12:55:09.741864,0,8715,1.0,10,3.7
2025-08-18T12:55:10.242156,0,8715,1.0,10,3.4
2025-08-18T12:55:10.742356,0,8715,1.0,10,3.6
2025-08-18T12:55:11.242571,0,8715,1.0,10,3.8
2025-08-18T12:55:11.742765,0,8715,1.0,10,4.1
2025-08-18T12:55:12.242984,0,8715,1.0,10,3.5
2025-08-18T12:55:12.743208,0,8715,1.0,10,3.7
2025-08-18T12:55:13.243439,0,8715,1.0,10,3.8
2025-08-18T12:55:13.743635,0,8715,1.0,10,3.9
2025-08-18T12:55:14.243854,0,8715,1.0,10,3.4
2025-08-18T12:55:14.744064,0,8715,1.0,10,3.3
2025-08-18T12:55:15.244510,4,8719,1.75,10,6.6
2025-08-18T12:55:15.744742,0,8719,3.0,10,3.6
2025-08-18T12:55:16.244954,0,8719,3.0,10,3.3
2025-08-18T12:55:16.745187,10,8729,2.6,10,4.3
2025-08-18T12:55:17.245418,0,8729,6.0,10,3.4
2025-08-18T12:55:17.745617,0,8729,6.0,10,3.7
2025-08-18T12:55:18.245840,0,8729,6.0,10,3.4
2025-08-18T12:55:18.746057,0,8729,6.0,10,3.7
2025-08-18T12:55:19.246276,0,8729,6.0,10,3.3
2025-08-18T12:55:19.746541,0,8729,6.0,10,3.4
2025-08-18T12:55:20.246772,0,8729,6.0,10,3.3
2025-08-18T12:55:20.747070,0,8729,6.0,10,3.6
2025-08-18T12:55:21.247324,0,8729,6.0,10,3.4
2025-08-18T12:55:21.747607,0,8729,6.0,10,3.8
2025-08-18T12:55:22.247934,0,8729,6.0,10,3.4
2025-08-18T12:55:22.748204,0,8729,6.0,10,3.4
2025-08-18T12:55:23.248486,0,8729,6.0,10,3.4
2025-08-18T12:55:23.748696,0,8729,6.0,10,3.5
2025-08-18T12:55:24.248929,2,8731,1.5,10,7.5
2025-08-18T12:55:24.749222,0,8731,2.0,10,4.9
2025-08-18T12:55:25.249444,10,8741,1.0,10,4.0
2025-08-18T12:55:25.749638,0,8741,1.0,10,3.4
2025-08-18T12:55:26.249860,0,8741,1.0,10,3.3
2025-08-18T12:55:26.750084,0,8741,1.0,10,3.6
2025-08-18T12:55:27.250306,0,8741,1.0,10,3.3
2025-08-18T12:55:27.750518,0,8741,1.0,10,3.7
2025-08-18T12:55:28.250741,0,8741,1.0,10,3.3
2025-08-18T12:55:28.750966,0,8741,1.0,10,3.6
2025-08-18T12:55:29.251201,0,8741,1.0,10,3.5
2025-08-18T12:55:29.751420,0,8741,1.0,10,3.4
2025-08-18T12:55:30.251649,0,8741,1.0,10,3.3
2025-08-18T12:55:30.751859,0,8741,1.0,10,3.4
2025-08-18T12:55:31.252163,0,8741,1.0,10,3.6
2025-08-18T12:55:31.752402,5,8746,1.2,10,5.9
2025-08-18T12:55:32.252677,0,8746,1.0,10,4.5
2025-08-18T12:55:32.752929,0,8746,1.0,10,3.4
2025-08-18T12:55:33.253168,10,8756,1.0,10,4.1
2025-08-18T12:55:33.753387,0,8756,1.0,10,3.6
2025-08-18T12:55:34.253662,0,8756,1.0,10,3.5
2025-08-18T12:55:34.753877,0,8756,1.0,10,3.3
2025-08-18T12:55:35.254150,0,8756,1.0,10,3.6
2025-08-18T12:55:35.754365,0,8756,1.0,10,3.5
2025-08-18T12:55:36.254579,0,8756,1.0,10,3.3
2025-08-18T12:55:36.754793,0,8756,1.0,10,3.3
2025-08-18T12:55:37.255012,0,8756,1.0,10,3.4
2025-08-18T12:55:37.755220,0,8756,1.0,10,3.3
2025-08-18T12:55:38.255440,0,8756,1.0,10,3.4
2025-08-18T12:55:38.755637,1,8757,1.0,10,4.5
2025-08-18T12:55:39.255848,0,8757,1.0,10,6.4
2025-08-18T12:55:39.756066,0,8757,1.0,10,3.4
2025-08-18T12:55:40.256301,10,8767,1.3,10,4.2
2025-08-18T12:55:40.756512,0,8767,3.0,10,3.5
2025-08-18T12:55:41.256714,0,8767,3.0,10,3.3
2025-08-18T12:55:41.756936,0,8767,3.0,10,3.5
2025-08-18T12:55:42.257158,0,8767,3.0,10,3.3
2025-08-18T12:55:42.757357,0,8767,3.0,10,3.7
2025-08-18T12:55:43.257571,0,8767,3.0,10,3.5
2025-08-18T12:55:43.757781,0,8767,3.0,10,3.8
2025-08-18T12:55:44.258004,0,8767,3.0,10,4.0
2025-08-18T12:55:44.758258,0,8767,3.0,10,4.2
2025-08-18T12:55:45.258530,0,8767,3.0,10,4.0
2025-08-18T12:55:45.758762,0,8767,3.0,10,4.0
2025-08-18T12:55:46.258986,2,8769,1.0,10,4.8
2025-08-18T12:55:46.759244,0,8769,1.0,10,5.9
2025-08-18T12:55:47.259488,10,8779,1.1,10,4.3
2025-08-18T12:55:47.759719,0,8779,2.0,10,4.0
2025-08-18T12:55:48.259984,0,8779,2.0,10,5.3
2025-08-18T12:55:48.760218,0,8779,2.0,10,4.1
2025-08-18T12:55:49.260457,0,8779,2.0,10,3.9
2025-08-18T12:55:49.760647,0,8779,2.0,10,3.7
2025-08-18T12:55:50.260892,0,8779,2.0,10,3.4
2025-08-18T12:55:50.761105,0,8779,2.0,10,3.9
2025-08-18T12:55:51.261339,0,8779,2.0,10,3.4
2025-08-18T12:55:51.761640,0,8779,2.0,10,3.6
2025-08-18T12:55:52.261868,0,8779,2.0,10,3.6
2025-08-18T12:55:52.762090,0,8779,2.0,10,4.0
2025-08-18T12:55:53.262358,0,8779,2.0,10,3.8
2025-08-18T12:55:53.762580,0,8779,2.0,10,3.8
2025-08-18T12:55:54.262804,0,8779,2.0,10,3.9
2025-08-18T12:55:54.763017,7,8786,1.2857142857142858,10,4.5
2025-08-18T12:55:55.263251,0,8786,1.0,10,6.9
2025-08-18T12:55:55.763517,0,8786,1.0,10,3.8
2025-08-18T12:55:56.263743,10,8796,2.0,10,4.5
2025-08-18T12:55:56.763956,0,8796,1.0,10,3.4
2025-08-18T12:55:57.264185,0,8796,1.0,10,3.5
2025-08-18T12:55:57.764412,0,8796,1.0,10,3.9
2025-08-18T12:55:58.264686,0,8796,1.0,10,3.7
2025-08-18T12:55:58.764917,0,8796,1.0,10,3.9
2025-08-18T12:55:59.265206,0,8796,1.0,10,3.5
2025-08-18T12:55:59.765521,0,8796,1.0,10,3.4
2025-08-18T12:56:00.265752,0,8796,1.0,10,3.6
2025-08-18T12:56:00.765978,0,8796,1.0,10,3.8
2025-08-18T12:56:01.266201,0,8796,1.0,10,3.5
2025-08-18T12:56:01.766403,0,8796,1.0,10,3.5
2025-08-18T12:56:02.266626,0,8796,1.0,10,3.6
2025-08-18T12:56:02.766858,0,8796,1.0,10,3.7
2025-08-18T12:56:03.267107,0,8796,1.0,10,3.8
2025-08-18T12:56:03.767365,0,8796,1.0,10,4.5
2025-08-18T12:56:04.267612,2,8798,1.0,10,7.3
2025-08-18T12:56:04.767842,0,8798,1.0,10,3.8
2025-08-18T12:56:05.268075,0,8798,1.0,10,3.9
2025-08-18T12:56:05.768318,0,8798,1.0,10,3.9
2025-08-18T12:56:06.268563,0,8798,1.0,10,3.9
2025-08-18T12:56:06.768818,10,8808,1.3,10,4.2
2025-08-18T12:56:07.269074,0,8808,3.0,10,4.0
2025-08-18T12:56:07.769344,0,8808,3.0,10,3.7
2025-08-18T12:56:08.269599,0,8808,3.0,10,3.9
2025-08-18T12:56:08.769841,0,8808,3.0,10,4.1
2025-08-18T12:56:09.270092,0,8808,3.0,10,3.9
2025-08-18T12:56:09.770427,0,8808,3.0,10,4.2
2025-08-18T12:56:10.270721,0,8808,3.0,10,4.3
2025-08-18T12:56:10.770951,0,8808,3.0,10,3.5
2025-08-18T12:56:11.271194,0,8808,3.0,10,3.9
2025-08-18T12:56:11.771473,0,8808,3.0,10,3.8
2025-08-18T12:56:12.271729,0,8808,3.0,10,4.1
2025-08-18T12:56:12.771963,0,8808,3.0,10,3.9
2025-08-18T12:56:13.272188,0,8808,3.0,10,3.7
2025-08-18T12:56:13.772422,0,8808,3.0,10,4.1
2025-08-18T12:56:14.272662,0,8808,3.0,10,3.8
2025-08-18T12:56:14.772904,0,8808,3.0,10,3.8
2025-08-18T12:56:15.273145,6,8814,1.1666666666666667,10,8.2
2025-08-18T12:56:15.773390,0,8814,1.0,10,4.5
2025-08-18T12:56:16.273645,0,8814,1.0,10,5.3
2025-08-18T12:56:16.773898,0,8814,1.0,10,4.0
2025-08-18T12:56:17.274144,10,8824,1.7,10,4.4
2025-08-18T12:56:17.774387,0,8824,1.0,10,3.9
2025-08-18T12:56:18.274655,0,8824,1.0,10,3.9
2025-08-18T12:56:18.774907,0,8824,1.0,10,3.9
2025-08-18T12:56:19.275124,0,8824,1.0,10,3.7
2025-08-18T12:56:19.775335,0,8824,1.0,10,3.6
2025-08-18T12:56:20.275563,0,8824,1.0,10,3.7
2025-08-18T12:56:20.775779,0,8824,1.0,10,4.1
2025-08-18T12:56:21.276022,0,8824,1.0,10,4.4
2025-08-18T12:56:21.776219,0,8824,1.0,10,4.1
2025-08-18T12:56:22.276493,0,8824,1.0,10,4.1
2025-08-18T12:56:22.776798,0,8824,1.0,10,4.1
2025-08-18T12:56:23.277079,0,8824,1.0,10,4.5
2025-08-18T12:56:23.777337,0,8824,1.0,10,4.1
2025-08-18T12:56:24.277594,0,8824,1.0,10,4.1
2025-08-18T12:56:24.777832,0,8824,1.0,10,3.5
2025-08-18T12:56:25.278118,0,8824,1.0,10,3.7
2025-08-18T12:56:25.778357,0,8824,1.0,10,3.8
2025-08-18T12:56:26.278580,1,8825,1.0,10,5.2
2025-08-18T12:56:26.778848,0,8825,1.0,10,7.1
2025-08-18T12:56:27.279062,0,8825,1.0,10,3.5
2025-08-18T12:56:27.779271,0,8825,1.0,10,3.4
2025-08-18T12:56:28.279548,10,8835,1.2,10,4.3
2025-08-18T12:56:28.779878,0,8835,1.0,10,3.7
2025-08-18T12:56:29.280233,0,8835,1.0,10,3.6
2025-08-18T12:56:29.780549,0,8835,1.0,10,3.3
2025-08-18T12:56:30.280790,0,8835,1.0,10,3.6
2025-08-18T12:56:30.781001,0,8835,1.0,10,3.5
2025-08-18T12:56:31.281222,0,8835,1.0,10,3.9
2025-08-18T12:56:31.781445,0,8835,1.0,10,3.3
2025-08-18T12:56:32.281682,0,8835,1.0,10,3.5
2025-08-18T12:56:32.781943,0,8835,1.0,10,3.8
2025-08-18T12:56:33.282183,0,8835,1.0,10,3.5
2025-08-18T12:56:33.782399,0,8835,1.0,10,3.9
2025-08-18T12:56:34.282631,8,8843,2.125,10,4.4
2025-08-18T12:56:34.782826,0,8843,3.0,10,5.9
2025-08-18T12:56:35.283041,0,8843,3.0,10,3.4
2025-08-18T12:56:35.783266,0,8843,3.0,10,3.5
2025-08-18T12:56:36.283506,10,8853,1.3,10,5.0
2025-08-18T12:56:36.783772,0,8853,1.0,10,3.9
2025-08-18T12:56:37.283993,0,8853,1.0,10,3.7
2025-08-18T12:56:37.784295,0,8853,1.0,10,3.5
2025-08-18T12:56:38.284523,0,8853,1.0,10,3.8
2025-08-18T12:56:38.784755,0,8853,1.0,10,3.6
2025-08-18T12:56:39.284976,0,8853,1.0,10,3.8
2025-08-18T12:56:39.785216,0,8853,1.0,10,3.6
2025-08-18T12:56:40.285482,0,8853,1.0,10,3.7
2025-08-18T12:56:40.785750,0,8853,1.0,10,4.1
2025-08-18T12:56:41.286029,0,8853,1.0,10,3.9
2025-08-18T12:56:41.786255,0,8853,1.0,10,3.4
2025-08-18T12:56:42.286556,0,8853,1.0,10,3.7
2025-08-18T12:56:42.786798,0,8853,1.0,10,3.4
2025-08-18T12:56:43.287017,0,8853,1.0,10,3.4
2025-08-18T12:56:43.787231,7,8860,1.1428571428571428,10,6.9
2025-08-18T12:56:44.287455,0,8860,2.0,10,3.6
2025-08-18T12:56:44.787636,0,8860,2.0,10,3.5
2025-08-18T12:56:45.287868,10,8870,1.3,10,4.3
2025-08-18T12:56:45.788113,0,8870,1.0,10,5.2
2025-08-18T12:56:46.288338,0,8870,1.0,10,3.7
2025-08-18T12:56:46.788559,0,8870,1.0,10,3.7
2025-08-18T12:56:47.288769,0,8870,1.0,10,3.8
2025-08-18T12:56:47.788970,0,8870,1.0,10,3.6
2025-08-18T12:56:48.289262,0,8870,1.0,10,3.5
2025-08-18T12:56:48.789500,0,8870,1.0,10,3.8
2025-08-18T12:56:49.289800,0,8870,1.0,10,3.6
2025-08-18T12:56:49.790031,0,8870,1.0,10,3.5
2025-08-18T12:56:50.290255,0,8870,1.0,10,3.8
2025-08-18T12:56:50.790436,0,8870,1.0,10,3.5
2025-08-18T12:56:51.290653,0,8870,1.0,10,3.7
2025-08-18T12:56:51.790861,5,8875,1.2,10,4.6
2025-08-18T12:56:52.291079,0,8875,1.0,10,3.5
2025-08-18T12:56:52.791312,10,8885,1.0,10,4.0
2025-08-18T12:56:53.291544,0,8885,1.0,10,3.6
2025-08-18T12:56:53.791742,0,8885,1.0,10,3.7
2025-08-18T12:56:54.291964,0,8885,1.0,10,4.1
2025-08-18T12:56:54.792183,0,8885,1.0,10,5.1
2025-08-18T12:56:55.292414,0,8885,1.0,10,3.6
2025-08-18T12:56:55.792609,0,8885,1.0,10,3.6
2025-08-18T12:56:56.292832,0,8885,1.0,10,3.9
2025-08-18T12:56:56.793029,0,8885,1.0,10,3.5
2025-08-18T12:56:57.293276,0,8885,1.0,10,3.6
2025-08-18T12:56:57.793490,0,8885,1.0,10,3.5
2025-08-18T12:56:58.293728,0,8885,1.0,10,3.8
2025-08-18T12:56:58.793947,0,8885,1.0,10,3.6
2025-08-18T12:56:59.294248,0,8885,1.0,10,3.5
2025-08-18T12:56:59.794488,0,8885,1.0,10,3.6
2025-08-18T12:57:00.294757,0,8885,1.0,10,3.5
2025-08-18T12:57:00.794967,5,8890,1.0,10,3.9
2025-08-18T12:57:01.295183,0,8890,1.0,10,5.7
2025-08-18T12:57:01.795376,10,8900,1.7,10,4.0
2025-08-18T12:57:02.295592,0,8900,1.0,10,4.0
2025-08-18T12:57:02.795813,0,8900,1.0,10,3.5
2025-08-18T12:57:03.296032,0,8900,1.0,10,3.7
2025-08-18T12:57:03.796244,0,8900,1.0,10,4.7
2025-08-18T12:57:04.296457,0,8900,1.0,10,3.6
2025-08-18T12:57:04.796643,0,8900,1.0,10,3.6
2025-08-18T12:57:05.296869,0,8900,1.0,10,3.8
2025-08-18T12:57:05.797081,0,8900,1.0,10,3.8
2025-08-18T12:57:06.297309,0,8900,1.0,10,3.6
2025-08-18T12:57:06.797536,0,8900,1.0,10,3.5
2025-08-18T12:57:07.297823,0,8900,1.0,10,4.0
2025-08-18T12:57:07.798029,0,8900,1.0,10,3.6
2025-08-18T12:57:08.298333,0,8900,1.0,10,3.6
2025-08-18T12:57:08.798574,6,8906,1.3333333333333333,10,5.3
2025-08-18T12:57:09.298794,0,8906,1.0,10,3.5
2025-08-18T12:57:09.799018,0,8906,1.0,10,3.6
2025-08-18T12:57:10.299268,10,8916,2.6,10,4.3
2025-08-18T12:57:10.799567,0,8916,2.0,10,3.7
2025-08-18T12:57:11.299790,0,8916,2.0,10,3.6
2025-08-18T12:57:11.800008,0,8916,2.0,10,3.4
2025-08-18T12:57:12.300221,0,8916,2.0,10,3.8
2025-08-18T12:57:12.800459,0,8916,2.0,10,3.8
2025-08-18T12:57:13.300639,0,8916,2.0,10,3.9
2025-08-18T12:57:13.800874,0,8916,2.0,10,3.8
2025-08-18T12:57:14.301141,0,8916,2.0,10,3.7
2025-08-18T12:57:14.801368,0,8916,2.0,10,4.1
2025-08-18T12:57:15.301596,0,8916,2.0,10,4.0
2025-08-18T12:57:15.801826,0,8916,2.0,10,4.0
2025-08-18T12:57:16.302060,0,8916,2.0,10,3.9
2025-08-18T12:57:16.802287,0,8916,2.0,10,3.9
2025-08-18T12:57:17.302516,0,8916,2.0,10,3.4
2025-08-18T12:57:17.802710,0,8916,2.0,10,3.4
2025-08-18T12:57:18.302932,0,8916,2.0,10,3.5
2025-08-18T12:57:18.803184,0,8916,2.0,10,3.9
2025-08-18T12:57:19.303406,0,8916,2.0,10,3.6
2025-08-18T12:57:19.803629,6,8922,1.0,10,7.0
2025-08-18T12:57:20.303959,0,8922,1.0,10,4.0
2025-08-18T12:57:20.804174,0,8922,1.0,10,3.8
2025-08-18T12:57:21.304381,0,8922,1.0,10,3.7
2025-08-18T12:57:21.804590,10,8932,1.3,10,4.3
2025-08-18T12:57:22.304826,0,8932,3.0,10,3.6
2025-08-18T12:57:22.805060,0,8932,3.0,10,3.6
2025-08-18T12:57:23.305279,0,8932,3.0,10,3.6
2025-08-18T12:57:23.805554,0,8932,3.0,10,3.9
2025-08-18T12:57:24.305793,0,8932,3.0,10,3.5
2025-08-18T12:57:24.805998,0,8932,3.0,10,3.5
2025-08-18T12:57:25.306221,0,8932,3.0,10,3.8
2025-08-18T12:57:25.806413,0,8932,3.0,10,3.7
2025-08-18T12:57:26.306615,0,8932,3.0,10,3.6
2025-08-18T12:57:26.806839,0,8932,3.0,10,3.6
2025-08-18T12:57:27.307061,0,8932,3.0,10,3.6
2025-08-18T12:57:27.807285,0,8932,3.0,10,3.5
2025-08-18T12:57:28.307513,0,8932,3.0,10,3.8
2025-08-18T12:57:28.862443,8,8940,1.0,10,4.9
2025-08-18T12:57:29.365130,0,8940,1.1428571428571428,10,7.1
2025-08-18T12:57:29.865357,0,8940,1.0,10,3.8
2025-08-18T12:57:30.365574,10,8950,1.1,10,4.4
2025-08-18T12:57:30.865820,0,8950,1.0,10,3.8
2025-08-18T12:57:31.366014,0,8950,1.0,10,4.0
2025-08-18T12:57:31.866232,0,8950,1.0,10,3.6
2025-08-18T12:57:32.366517,0,8950,1.0,10,4.2
2025-08-18T12:57:32.866788,0,8950,1.0,10,3.7
2025-08-18T12:57:33.367000,0,8950,1.0,10,3.8
2025-08-18T12:57:33.867216,0,8950,1.0,10,4.1
2025-08-18T12:57:34.367417,0,8950,1.0,10,3.7
2025-08-18T12:57:34.867642,0,8950,1.0,10,3.6
2025-08-18T12:57:35.367860,0,8950,1.0,10,3.9
2025-08-18T12:57:35.868087,0,8950,1.0,10,4.6
2025-08-18T12:57:36.368285,0,8950,1.0,10,4.1
2025-08-18T12:57:36.868516,0,8950,1.0,10,3.8
2025-08-18T12:57:37.368760,0,8950,1.0,10,4.0
2025-08-18T12:57:37.868984,0,8950,1.0,10,3.9
2025-08-18T12:57:38.369189,0,8950,1.0,10,3.6
2025-08-18T12:57:38.869417,0,8950,1.0,10,3.8
2025-08-18T12:57:39.369617,0,8950,1.0,10,3.5
2025-08-18T12:57:39.869892,0,8950,1.0,10,3.5
2025-08-18T12:57:40.370161,0,8950,1.0,10,3.9
2025-08-18T12:57:40.870442,0,8950,1.0,10,4.5
2025-08-18T12:57:41.370624,0,8950,1.0,10,5.7
2025-08-18T12:57:41.870846,7,8957,2.4285714285714284,10,7.8
2025-08-18T12:57:42.371040,0,8957,1.0,10,3.7
2025-08-18T12:57:42.871257,0,8957,1.0,10,3.6
2025-08-18T12:57:43.371454,10,8967,1.0,10,4.4
2025-08-18T12:57:43.871661,0,8967,1.0,10,3.8
2025-08-18T12:57:44.371868,0,8967,1.0,10,4.2
2025-08-18T12:57:44.872101,0,8967,1.0,10,3.9
2025-08-18T12:57:45.372296,0,8967,1.0,10,4.2
2025-08-18T12:57:45.872549,0,8967,1.0,10,4.1
2025-08-18T12:57:46.372742,0,8967,1.0,10,3.4
2025-08-18T12:57:46.872964,0,8967,1.0,10,3.5
2025-08-18T12:57:47.373156,0,8967,1.0,10,3.6
2025-08-18T12:57:47.873383,0,8967,1.0,10,3.7
2025-08-18T12:57:48.373582,0,8967,1.0,10,3.6
2025-08-18T12:57:48.873811,0,8967,1.0,10,3.6
2025-08-18T12:57:49.374073,0,8967,1.0,10,3.4
2025-08-18T12:57:49.874312,0,8967,1.0,10,3.5
2025-08-18T12:57:50.374532,0,8967,1.0,10,3.4
2025-08-18T12:57:50.874767,7,8974,1.8571428571428572,10,6.7
2025-08-18T12:57:51.374977,0,8974,1.0,10,3.5
2025-08-18T12:57:51.875201,0,8974,1.0,10,3.4
2025-08-18T12:57:52.375481,10,8984,1.3,10,4.4
2025-08-18T12:57:52.875770,0,8984,1.0,10,4.0
2025-08-18T12:57:53.375966,0,8984,1.0,10,3.6
2025-08-18T12:57:53.876228,0,8984,1.0,10,4.2
2025-08-18T12:57:54.376431,0,8984,1.0,10,4.1
2025-08-18T12:57:54.876671,0,8984,1.0,10,3.5
2025-08-18T12:57:55.376857,0,8984,1.0,10,3.8
2025-08-18T12:57:55.877126,0,8984,1.0,10,3.9
2025-08-18T12:57:56.377337,0,8984,1.0,10,3.9
2025-08-18T12:57:56.877579,0,8984,1.0,10,3.8
2025-08-18T12:57:57.377771,0,8984,1.0,10,3.4
2025-08-18T12:57:57.877994,0,8984,1.0,10,3.6
2025-08-18T12:57:58.378200,0,8984,1.0,10,3.9
2025-08-18T12:57:58.878440,0,8984,1.0,10,4.0
2025-08-18T12:57:59.378712,0,8984,1.0,10,3.8
2025-08-18T12:57:59.878939,1,8985,1.0,10,4.5
2025-08-18T12:58:00.379144,0,8985,1.0,10,4.1
2025-08-18T12:58:00.879355,0,8985,1.0,10,3.8
2025-08-18T12:58:01.379569,0,8985,1.0,10,3.8
2025-08-18T12:58:01.879808,10,8995,1.2,10,4.6
2025-08-18T12:58:02.379998,0,8995,2.0,10,3.8
2025-08-18T12:58:02.880236,0,8995,2.0,10,3.8
2025-08-18T12:58:03.380432,0,8995,2.0,10,3.5
2025-08-18T12:58:03.880647,0,8995,2.0,10,4.5
2025-08-18T12:58:04.380945,0,8995,2.0,10,3.6
2025-08-18T12:58:04.881190,0,8995,2.0,10,3.8
2025-08-18T12:58:05.381403,0,8995,2.0,10,3.6
2025-08-18T12:58:05.881637,0,8995,2.0,10,3.9
2025-08-18T12:58:06.381855,0,8995,2.0,10,3.5
2025-08-18T12:58:06.882076,0,8995,2.0,10,3.8
2025-08-18T12:58:07.382300,0,8995,2.0,10,3.5
2025-08-18T12:58:07.882518,0,8995,2.0,10,3.5
2025-08-18T12:58:08.382739,0,8995,2.0,10,3.7
2025-08-18T12:58:08.882966,0,8995,2.0,10,3.8
2025-08-18T12:58:09.383196,0,8995,2.0,10,3.6
2025-08-18T12:58:09.883424,0,8995,2.0,10,3.6
2025-08-18T12:58:10.383675,0,8995,2.0,10,3.8
2025-08-18T12:58:10.883922,0,8995,2.0,10,3.8
2025-08-18T12:58:11.384231,8,9003,1.75,10,5.2
2025-08-18T12:58:11.884550,0,9003,1.0,10,5.7
2025-08-18T12:58:12.384838,0,9003,1.0,10,3.5
2025-08-18T12:58:12.885151,10,9013,1.1,10,4.5
2025-08-18T12:58:13.385461,0,9013,1.0,10,3.8
2025-08-18T12:58:13.885759,0,9013,1.0,10,4.1
2025-08-18T12:58:14.386065,0,9013,1.0,10,3.6
2025-08-18T12:58:14.886388,0,9013,1.0,10,4.2
2025-08-18T12:58:15.386756,0,9013,1.0,10,3.9
2025-08-18T12:58:15.887052,0,9013,1.0,10,4.1
2025-08-18T12:58:16.387385,0,9013,1.0,10,3.6
2025-08-18T12:58:16.887715,0,9013,1.0,10,3.8
2025-08-18T12:58:17.388045,0,9013,1.0,10,3.7
2025-08-18T12:58:17.888359,0,9013,1.0,10,3.6
2025-08-18T12:58:18.388681,0,9013,1.0,10,3.9
2025-08-18T12:58:18.888900,0,9013,1.0,10,4.1
2025-08-18T12:58:19.389129,0,9013,1.0,10,3.8
2025-08-18T12:58:19.889361,0,9013,1.0,10,4.0
2025-08-18T12:58:20.389603,0,9013,1.0,10,3.6
2025-08-18T12:58:20.889825,0,9013,1.0,10,3.8
2025-08-18T12:58:21.390066,0,9013,1.0,10,3.9
2025-08-18T12:58:21.890304,0,9013,1.0,10,4.0
2025-08-18T12:58:22.390531,0,9013,1.0,10,3.6
2025-08-18T12:58:22.890768,2,9015,1.0,10,6.6
2025-08-18T12:58:23.390998,0,9015,1.0,10,3.8
2025-08-18T12:58:23.891242,10,9025,1.1,10,4.8
2025-08-18T12:58:24.391489,0,9025,1.0,10,3.4
2025-08-18T12:58:24.891744,0,9025,1.0,10,4.0
2025-08-18T12:58:25.391977,0,9025,1.0,10,3.4
2025-08-18T12:58:25.892209,0,9025,1.0,10,4.1
2025-08-18T12:58:26.392468,0,9025,1.0,10,3.8
2025-08-18T12:58:26.892707,0,9025,1.0,10,3.5
2025-08-18T12:58:27.392963,0,9025,1.0,10,3.6
2025-08-18T12:58:27.893186,0,9025,1.0,10,3.6
2025-08-18T12:58:28.393407,0,9025,1.0,10,3.4
2025-08-18T12:58:28.893638,0,9025,1.0,10,4.0
2025-08-18T12:58:29.393850,0,9025,1.0,10,3.5
2025-08-18T12:58:29.894075,0,9025,1.0,10,4.4
2025-08-18T12:58:30.394331,8,9033,2.625,10,7.0
2025-08-18T12:58:30.894597,0,9033,3.0,10,3.6
2025-08-18T12:58:31.394845,0,9033,3.0,10,3.5
2025-08-18T12:58:31.895102,0,9033,3.0,10,3.4
2025-08-18T12:58:32.395341,10,9043,1.2,10,3.9
2025-08-18T12:58:32.895618,0,9043,1.0,10,3.8
2025-08-18T12:58:33.395889,0,9043,1.0,10,3.4
2025-08-18T12:58:33.896131,0,9043,1.0,10,4.0
2025-08-18T12:58:34.396416,0,9043,1.0,10,4.1
2025-08-18T12:58:34.896649,0,9043,1.0,10,3.8
2025-08-18T12:58:35.396917,0,9043,1.0,10,3.5
2025-08-18T12:58:35.897149,0,9043,1.0,10,3.8
2025-08-18T12:58:36.397364,0,9043,1.0,10,3.6
2025-08-18T12:58:36.897590,0,9043,1.0,10,3.5
2025-08-18T12:58:37.397818,0,9043,1.0,10,3.6
2025-08-18T12:58:37.898202,0,9043,1.0,10,3.8
2025-08-18T12:58:38.398451,0,9043,1.0,10,3.5
2025-08-18T12:58:38.898645,0,9043,1.0,10,3.8
2025-08-18T12:58:39.398886,1,9044,1.0,10,8.0
2025-08-18T12:58:39.899103,0,9044,1.0,10,3.8
2025-08-18T12:58:40.399310,0,9044,1.0,10,3.5
2025-08-18T12:58:40.899517,10,9054,2.2,10,3.8
2025-08-18T12:58:41.399724,0,9054,3.0,10,3.7
2025-08-18T12:58:41.899928,0,9054,3.0,10,3.5
2025-08-18T12:58:42.400164,0,9054,3.0,10,3.4
2025-08-18T12:58:42.900393,0,9054,3.0,10,3.6
2025-08-18T12:58:43.400630,0,9054,3.0,10,3.7
2025-08-18T12:58:43.900858,0,9054,3.0,10,3.6
2025-08-18T12:58:44.401110,0,9054,3.0,10,3.9
2025-08-18T12:58:44.901343,0,9054,3.0,10,3.9
2025-08-18T12:58:45.401555,0,9054,3.0,10,3.4
2025-08-18T12:58:45.901787,0,9054,3.0,10,3.5
2025-08-18T12:58:46.402023,0,9054,3.0,10,3.8
2025-08-18T12:58:46.902293,0,9054,3.0,10,3.4
2025-08-18T12:58:47.402514,0,9054,3.0,10,3.6
2025-08-18T12:58:47.902791,0,9054,3.0,10,3.6
2025-08-18T12:58:48.403083,0,9054,3.0,10,3.6
2025-08-18T12:58:48.903378,0,9054,3.0,10,3.5
2025-08-18T12:58:49.403688,0,9054,3.0,10,3.8
2025-08-18T12:58:49.903969,0,9054,3.0,10,3.6
2025-08-18T12:58:50.404269,0,9054,3.0,10,3.6
2025-08-18T12:58:50.904582,5,9059,1.0,10,4.9
2025-08-18T12:58:51.404871,0,9059,1.0,10,5.8
2025-08-18T12:58:51.905164,0,9059,1.0,10,3.6
2025-08-18T12:58:52.405484,10,9069,1.1,10,4.4
2025-08-18T12:58:52.905789,0,9069,1.0,10,3.7
2025-08-18T12:58:53.406081,0,9069,1.0,10,3.7
2025-08-18T12:58:53.906378,0,9069,1.0,10,4.2
2025-08-18T12:58:54.406672,0,9069,1.0,10,3.5
2025-08-18T12:58:54.906972,0,9069,1.0,10,3.9
2025-08-18T12:58:55.407266,0,9069,1.0,10,3.4
2025-08-18T12:58:55.907572,0,9069,1.0,10,3.9
2025-08-18T12:58:56.407863,0,9069,1.0,10,3.6
2025-08-18T12:58:56.908189,0,9069,1.0,10,4.0
2025-08-18T12:58:57.408475,0,9069,1.0,10,3.7
2025-08-18T12:58:57.908753,0,9069,1.0,10,3.7
2025-08-18T12:58:58.409033,0,9069,1.0,10,3.9
2025-08-18T12:58:58.909405,0,9069,1.0,10,4.0
2025-08-18T12:58:59.409674,0,9069,1.0,10,3.6
2025-08-18T12:58:59.909946,0,9069,1.0,10,3.7
2025-08-18T12:59:00.410203,0,9069,1.0,10,4.1
2025-08-18T12:59:00.910471,0,9069,1.0,10,4.1
2025-08-18T12:59:01.410694,0,9069,1.0,10,3.9
2025-08-18T12:59:01.910954,0,9069,1.0,10,3.9
2025-08-18T12:59:02.411176,0,9069,1.0,10,4.1
2025-08-18T12:59:02.911441,0,9069,1.0,10,3.8
2025-08-18T12:59:03.411650,0,9069,1.0,10,4.0
2025-08-18T12:59:03.911894,6,9075,1.6666666666666667,10,9.7
2025-08-18T12:59:04.412126,0,9075,3.0,10,7.5
2025-08-18T12:59:04.912383,0,9075,3.0,10,3.9
2025-08-18T12:59:05.412614,0,9075,3.0,10,4.2
2025-08-18T12:59:05.912917,10,9085,1.2,10,4.4
2025-08-18T12:59:06.413191,0,9085,2.0,10,3.7
2025-08-18T12:59:06.913496,0,9085,2.0,10,3.8
2025-08-18T12:59:07.413745,0,9085,2.0,10,3.8
2025-08-18T12:59:07.913974,0,9085,2.0,10,3.8
2025-08-18T12:59:08.414203,0,9085,2.0,10,3.5
2025-08-18T12:59:08.914425,0,9085,2.0,10,3.9
2025-08-18T12:59:09.414641,0,9085,2.0,10,3.6
2025-08-18T12:59:09.914886,0,9085,2.0,10,3.6
2025-08-18T12:59:10.415183,0,9085,2.0,10,3.8
2025-08-18T12:59:10.915407,0,9085,2.0,10,3.8
2025-08-18T12:59:11.415643,0,9085,2.0,10,3.7
2025-08-18T12:59:11.915868,0,9085,2.0,10,3.4
2025-08-18T12:59:12.416100,0,9085,2.0,10,4.0
2025-08-18T12:59:12.916343,0,9085,2.0,10,3.7
2025-08-18T12:59:13.416644,0,9085,2.0,10,3.8
2025-08-18T12:59:13.916910,0,9085,2.0,10,3.8
2025-08-18T12:59:14.417143,0,9085,2.0,10,3.9
2025-08-18T12:59:14.917356,0,9085,2.0,10,3.6
2025-08-18T12:59:15.417592,0,9085,2.0,10,3.8
2025-08-18T12:59:15.917816,0,9085,2.0,10,3.9
2025-08-18T12:59:16.418088,0,9085,2.0,10,3.8
2025-08-18T12:59:16.918322,0,9085,2.0,10,3.6
2025-08-18T12:59:17.418564,0,9085,2.0,10,3.6
2025-08-18T12:59:17.918838,2,9087,1.0,10,4.6
2025-08-18T12:59:18.419060,0,9087,1.0,10,3.5
2025-08-18T12:59:18.919323,10,9097,1.3,10,4.5
2025-08-18T12:59:19.419602,0,9097,1.0,10,3.6
2025-08-18T12:59:19.919844,0,9097,1.0,10,4.1
2025-08-18T12:59:20.420080,0,9097,1.0,10,3.7
2025-08-18T12:59:20.920312,0,9097,1.0,10,3.8
2025-08-18T12:59:21.420580,0,9097,1.0,10,3.5
2025-08-18T12:59:21.920828,0,9097,1.0,10,3.7
2025-08-18T12:59:22.421058,0,9097,1.0,10,3.6
2025-08-18T12:59:22.921334,0,9097,1.0,10,3.7
2025-08-18T12:59:23.421567,0,9097,1.0,10,3.9
2025-08-18T12:59:23.921785,0,9097,1.0,10,3.8
2025-08-18T12:59:24.421978,0,9097,1.0,10,3.5
2025-08-18T12:59:24.922211,0,9097,1.0,10,3.9
2025-08-18T12:59:25.422451,0,9097,1.0,10,3.5
2025-08-18T12:59:25.922674,0,9097,1.0,10,3.9
2025-08-18T12:59:26.422925,0,9097,1.0,10,4.0
2025-08-18T12:59:26.923149,0,9097,1.0,10,3.6
2025-08-18T12:59:27.423381,0,9097,1.0,10,3.9
2025-08-18T12:59:27.923679,0,9097,1.0,10,3.6
2025-08-18T12:59:28.423909,0,9097,1.0,10,3.8
2025-08-18T12:59:28.924203,0,9097,1.0,10,3.9
2025-08-18T12:59:29.424435,0,9097,1.0,10,3.5
2025-08-18T12:59:29.924653,0,9097,1.0,10,3.7
2025-08-18T12:59:30.424882,0,9097,1.0,10,3.7
2025-08-18T12:59:30.925091,6,9103,1.6666666666666667,10,5.2
2025-08-18T12:59:31.425339,0,9103,3.0,10,4.0
2025-08-18T12:59:31.925573,0,9103,3.0,10,3.9
2025-08-18T12:59:32.425876,10,9113,1.2,10,4.5
2025-08-18T12:59:32.926156,0,9113,1.0,10,3.6
2025-08-18T12:59:33.426375,0,9113,1.0,10,3.9
2025-08-18T12:59:33.926595,0,9113,1.0,10,3.8
2025-08-18T12:59:34.426812,0,9113,1.0,10,3.8
2025-08-18T12:59:34.927060,0,9113,1.0,10,3.7
2025-08-18T12:59:35.427360,0,9113,1.0,10,3.8
2025-08-18T12:59:35.927604,0,9113,1.0,10,4.2
2025-08-18T12:59:36.427854,0,9113,1.0,10,3.8
2025-08-18T12:59:36.928089,0,9113,1.0,10,3.8
2025-08-18T12:59:37.428307,0,9113,1.0,10,4.0
2025-08-18T12:59:37.928548,0,9113,1.0,10,4.1
2025-08-18T12:59:38.428784,0,9113,1.0,10,4.2
2025-08-18T12:59:38.929000,0,9113,1.0,10,3.9
2025-08-18T12:59:39.429280,0,9113,1.0,10,3.5
2025-08-18T12:59:39.929527,0,9113,1.0,10,3.8
2025-08-18T12:59:40.429760,0,9113,1.0,10,3.8
2025-08-18T12:59:40.930000,0,9113,1.0,10,3.6
2025-08-18T12:59:41.430293,0,9113,1.0,10,3.5
2025-08-18T12:59:41.930575,0,9113,1.0,10,3.6
2025-08-18T12:59:42.430812,3,9116,1.3333333333333333,10,6.1
2025-08-18T12:59:42.931038,0,9116,2.0,10,4.4
2025-08-18T12:59:43.431266,10,9126,1.3,10,4.3
2025-08-18T12:59:43.931504,0,9126,1.0,10,4.2
2025-08-18T12:59:44.431732,0,9126,1.0,10,3.8
2025-08-18T12:59:44.931948,0,9126,1.0,10,3.7
2025-08-18T12:59:45.432222,0,9126,1.0,10,3.5
2025-08-18T12:59:45.932502,0,9126,1.0,10,3.9
2025-08-18T12:59:46.432753,0,9126,1.0,10,3.4
2025-08-18T12:59:46.932979,0,9126,1.0,10,3.8
2025-08-18T12:59:47.433213,0,9126,1.0,10,3.5
2025-08-18T12:59:47.933434,0,9126,1.0,10,3.9
2025-08-18T12:59:48.433632,0,9126,1.0,10,3.8
2025-08-18T12:59:48.933863,0,9126,1.0,10,5.3
2025-08-18T12:59:49.434118,0,9126,1.0,10,4.1
2025-08-18T12:59:49.934345,0,9126,1.0,10,3.9
2025-08-18T12:59:50.434582,0,9126,1.0,10,3.8
2025-08-18T12:59:50.934831,0,9126,1.0,10,3.7
2025-08-18T12:59:51.435011,0,9126,1.0,10,3.5
2025-08-18T12:59:51.935339,0,9126,1.0,10,3.8
2025-08-18T12:59:52.435650,0,9126,1.0,10,3.7
2025-08-18T12:59:52.935943,0,9126,1.0,10,3.7
2025-08-18T12:59:53.436205,0,9126,1.0,10,3.7
2025-08-18T12:59:53.936500,0,9126,1.0,10,4.1
2025-08-18T12:59:54.436818,0,9126,1.0,10,4.1
2025-08-18T12:59:54.937150,9,9135,1.4444444444444444,10,6.1
2025-08-18T12:59:55.437478,0,9135,1.0,10,3.6
2025-08-18T12:59:55.937739,10,9145,1.2,10,4.4
2025-08-18T12:59:56.438049,0,9145,1.0,10,3.5
2025-08-18T12:59:56.938371,0,9145,1.0,10,4.0
2025-08-18T12:59:57.438706,0,9145,1.0,10,4.2
2025-08-18T12:59:57.938994,0,9145,1.0,10,3.9
2025-08-18T12:59:58.439251,0,9145,1.0,10,3.7
2025-08-18T12:59:58.939524,0,9145,1.0,10,3.6
2025-08-18T12:59:59.439813,0,9145,1.0,10,3.4
2025-08-18T12:59:59.940083,0,9145,1.0,10,3.6
2025-08-18T13:00:00.440375,0,9145,1.0,10,3.6
2025-08-18T13:00:00.940714,0,9145,1.0,10,3.8
2025-08-18T13:00:01.441053,0,9145,1.0,10,3.7
2025-08-18T13:00:01.941335,0,9145,1.0,10,3.6
2025-08-18T13:00:02.441682,0,9145,1.0,10,3.6
2025-08-18T13:00:02.941981,0,9145,1.0,10,3.7
2025-08-18T13:00:03.442289,0,9145,1.0,10,3.7
2025-08-18T13:00:03.942577,0,9145,1.0,10,4.3
2025-08-18T13:00:04.442896,0,9145,1.0,10,3.7
2025-08-18T13:00:04.943218,0,9145,1.0,10,3.9
2025-08-18T13:00:05.443564,0,9145,1.0,10,3.8
2025-08-18T13:00:05.943857,0,9145,1.0,10,4.2
2025-08-18T13:00:06.444204,0,9145,1.0,10,3.9
2025-08-18T13:00:06.944506,0,9145,1.0,10,3.7
2025-08-18T13:00:07.444741,0,9145,1.0,10,3.4
2025-08-18T13:00:07.944970,0,9145,1.0,10,3.4
2025-08-18T13:00:08.445197,0,9145,1.0,10,3.4
2025-08-18T13:00:08.945403,0,9145,1.0,10,3.6
2025-08-18T13:00:09.445617,0,9145,1.0,10,3.6
2025-08-18T13:00:09.945840,0,9145,1.0,10,3.4
2025-08-18T13:00:10.446082,0,9145,1.0,10,3.6
2025-08-18T13:00:10.946293,0,9145,1.0,10,3.8
2025-08-18T13:00:11.446496,7,9152,2.4285714285714284,10,4.5
2025-08-18T13:00:11.946716,0,9152,5.0,10,4.2
2025-08-18T13:00:12.446963,0,9152,5.0,10,4.1
2025-08-18T13:00:12.947186,0,9152,5.0,10,3.8
2025-08-18T13:00:13.447386,10,9162,1.4,10,4.1
2025-08-18T13:00:13.947603,0,9162,1.0,10,3.9
2025-08-18T13:00:14.447834,0,9162,1.0,10,3.5
2025-08-18T13:00:14.948058,0,9162,1.0,10,3.7
2025-08-18T13:00:15.448285,0,9162,1.0,10,3.6
2025-08-18T13:00:15.948520,0,9162,1.0,10,3.9
2025-08-18T13:00:16.448733,0,9162,1.0,10,3.6
2025-08-18T13:00:16.948953,0,9162,1.0,10,3.8
2025-08-18T13:00:17.449162,0,9162,1.0,10,3.8
2025-08-18T13:00:17.949396,0,9162,1.0,10,4.2
2025-08-18T13:00:18.449597,0,9162,1.0,10,3.9
2025-08-18T13:00:18.949816,0,9162,1.0,10,3.9
2025-08-18T13:00:19.450070,0,9162,1.0,10,3.7
2025-08-18T13:00:19.950295,0,9162,1.0,10,3.8
2025-08-18T13:00:20.450526,0,9162,1.0,10,3.9
2025-08-18T13:00:20.950752,0,9162,1.0,10,3.9
2025-08-18T13:00:21.450923,0,9162,1.0,10,3.8
2025-08-18T13:00:21.951144,0,9162,1.0,10,4.0
2025-08-18T13:00:22.451366,0,9162,1.0,10,3.8
2025-08-18T13:00:22.951594,0,9162,1.0,10,3.9
2025-08-18T13:00:23.451807,7,9169,1.1428571428571428,10,5.0
2025-08-18T13:00:23.952036,0,9169,1.0,10,6.2
2025-08-18T13:00:24.452261,10,9179,1.0,10,4.6
2025-08-18T13:00:24.952477,0,9179,1.0,10,3.8
2025-08-18T13:00:25.452657,0,9179,1.0,10,3.4
2025-08-18T13:00:25.952883,0,9179,1.0,10,3.8
2025-08-18T13:00:26.453101,0,9179,1.0,10,3.8
2025-08-18T13:00:26.953343,0,9179,1.0,10,5.3
2025-08-18T13:00:27.453619,0,9179,1.0,10,3.8
2025-08-18T13:00:27.953845,0,9179,1.0,10,3.9
2025-08-18T13:00:28.454062,0,9179,1.0,10,3.6
2025-08-18T13:00:28.954296,0,9179,1.0,10,4.1
2025-08-18T13:00:29.454535,0,9179,1.0,10,3.7
2025-08-18T13:00:29.954771,0,9179,1.0,10,4.0
2025-08-18T13:00:30.455040,0,9179,1.0,10,3.9
2025-08-18T13:00:30.955264,0,9179,1.0,10,3.8
2025-08-18T13:00:31.455556,0,9179,1.0,10,3.8
2025-08-18T13:00:31.955793,0,9179,1.0,10,3.8
2025-08-18T13:00:32.456039,0,9179,1.0,10,3.6
2025-08-18T13:00:32.956257,0,9179,1.0,10,3.8
2025-08-18T13:00:33.456487,0,9179,1.0,10,4.1
2025-08-18T13:00:33.956712,0,9179,1.0,10,3.8
2025-08-18T13:00:34.456934,0,9179,1.0,10,3.8
2025-08-18T13:00:34.957447,4,9183,1.25,10,7.2
2025-08-18T13:00:35.457660,0,9183,2.0,10,3.6
2025-08-18T13:00:35.958010,10,9193,4.6,10,4.1
2025-08-18T13:00:36.458252,0,9193,9.0,10,3.6
2025-08-18T13:00:36.958513,0,9193,9.0,10,3.7
2025-08-18T13:00:37.458792,0,9193,9.0,10,3.7
2025-08-18T13:00:37.959020,0,9193,9.0,10,3.6
2025-08-18T13:00:38.459248,0,9193,9.0,10,3.6
2025-08-18T13:00:38.959474,0,9193,9.0,10,3.8
2025-08-18T13:00:39.459657,0,9193,9.0,10,3.9
2025-08-18T13:00:39.959885,0,9193,9.0,10,3.5
2025-08-18T13:00:40.460153,0,9193,9.0,10,3.6
2025-08-18T13:00:40.960397,0,9193,9.0,10,4.0
2025-08-18T13:00:41.460624,0,9193,9.0,10,3.6
2025-08-18T13:00:41.960836,0,9193,9.0,10,3.6
2025-08-18T13:00:42.461129,0,9193,9.0,10,3.5
2025-08-18T13:00:42.961401,0,9193,9.0,10,3.7
2025-08-18T13:00:43.461673,0,9193,9.0,10,3.5
2025-08-18T13:00:43.961904,0,9193,9.0,10,3.9
2025-08-18T13:00:44.462148,0,9193,9.0,10,3.7
2025-08-18T13:00:44.962405,0,9193,9.0,10,3.6
2025-08-18T13:00:45.462715,0,9193,9.0,10,3.7
2025-08-18T13:00:45.962971,0,9193,9.0,10,3.8
2025-08-18T13:00:46.463209,0,9193,9.0,10,3.7
2025-08-18T13:00:46.963430,0,9193,9.0,10,3.8
2025-08-18T13:00:47.463654,0,9193,9.0,10,3.9
2025-08-18T13:00:47.963865,0,9193,9.0,10,3.7
2025-08-18T13:00:48.464137,0,9193,9.0,10,5.5
2025-08-18T13:00:48.964427,0,9193,9.0,10,4.1
2025-08-18T13:00:49.464647,0,9193,9.0,10,4.1
2025-08-18T13:00:49.964879,0,9193,9.0,10,3.9
2025-08-18T13:00:50.465112,0,9193,9.0,10,3.9
2025-08-18T13:00:50.965385,0,9193,9.0,10,4.0
2025-08-18T13:00:51.465617,0,9193,9.0,10,3.7
2025-08-18T13:00:51.965852,0,9193,9.0,10,3.8
2025-08-18T13:00:52.466073,0,9193,9.0,10,3.6
2025-08-18T13:00:52.966333,3,9196,1.3333333333333333,10,5.9
2025-08-18T13:00:53.466564,0,9196,2.0,10,4.6
2025-08-18T13:00:53.966806,0,9196,2.0,10,5.5
2025-08-18T13:00:54.467056,10,9206,1.4,10,4.1
2025-08-18T13:00:54.967261,0,9206,2.0,10,3.6
2025-08-18T13:00:55.467583,0,9206,2.0,10,3.6
2025-08-18T13:00:55.967865,0,9206,2.0,10,3.9
2025-08-18T13:00:56.468161,0,9206,2.0,10,3.8
2025-08-18T13:00:56.968459,0,9206,2.0,10,3.5
2025-08-18T13:00:57.468713,0,9206,2.0,10,3.8
2025-08-18T13:00:57.969007,0,9206,2.0,10,4.1
2025-08-18T13:00:58.469348,0,9206,2.0,10,4.1
2025-08-18T13:00:58.969647,0,9206,2.0,10,4.0
2025-08-18T13:00:59.469945,0,9206,2.0,10,3.9
2025-08-18T13:00:59.970243,0,9206,2.0,10,3.7
2025-08-18T13:01:00.470546,0,9206,2.0,10,3.8
2025-08-18T13:01:00.970826,0,9206,2.0,10,4.2
2025-08-18T13:01:01.471133,0,9206,2.0,10,4.9
2025-08-18T13:01:01.971489,0,9206,2.0,10,4.4
2025-08-18T13:01:02.471790,0,9206,2.0,10,4.4
2025-08-18T13:01:02.972035,0,9206,2.0,10,4.7
2025-08-18T13:01:03.472275,0,9206,2.0,10,6.2
2025-08-18T13:01:03.972561,0,9206,2.0,10,5.2
2025-08-18T13:01:04.472900,0,9206,2.0,10,4.3
2025-08-18T13:01:04.973182,0,9206,2.0,10,4.0
2025-08-18T13:01:05.473414,0,9206,2.0,10,4.0
2025-08-18T13:01:05.973667,0,9206,2.0,10,4.2
2025-08-18T13:01:06.473910,0,9206,2.0,10,4.4
2025-08-18T13:01:06.974132,0,9206,2.0,10,10.9
2025-08-18T13:01:07.474363,0,9206,2.0,10,9.4
2025-08-18T13:01:07.974709,6,9212,1.1666666666666667,10,6.1
2025-08-18T13:01:08.474925,10,9222,1.6,10,5.3
2025-08-18T13:01:08.975132,0,9222,1.0,10,4.2
2025-08-18T13:01:09.475403,0,9222,1.0,10,3.8
2025-08-18T13:01:09.975622,0,9222,1.0,10,4.6
2025-08-18T13:01:10.475842,0,9222,1.0,10,5.5
2025-08-18T13:01:10.976073,0,9222,1.0,10,4.1
2025-08-18T13:01:11.476312,0,9222,1.0,10,4.3
2025-08-18T13:01:11.976546,0,9222,1.0,10,5.3
2025-08-18T13:01:12.476819,0,9222,1.0,10,3.9
2025-08-18T13:01:12.977053,0,9222,1.0,10,3.9
2025-08-18T13:01:13.477287,0,9222,1.0,10,4.0
2025-08-18T13:01:13.977485,0,9222,1.0,10,4.2
2025-08-18T13:01:14.477708,0,9222,1.0,10,3.9
2025-08-18T13:01:14.977909,0,9222,1.0,10,4.1
2025-08-18T13:01:15.478184,0,9222,1.0,10,3.9
2025-08-18T13:01:15.978491,0,9222,1.0,10,3.8
2025-08-18T13:01:16.478739,0,9222,1.0,10,3.9
2025-08-18T13:01:16.978964,0,9222,1.0,10,3.9
2025-08-18T13:01:17.479243,0,9222,1.0,10,3.9
2025-08-18T13:01:17.979459,0,9222,1.0,10,3.9
2025-08-18T13:01:18.479703,0,9222,1.0,10,4.3
2025-08-18T13:01:18.979932,0,9222,1.0,10,4.2
2025-08-18T13:01:19.480184,0,9222,1.0,10,3.9
2025-08-18T13:01:19.980427,0,9222,1.0,10,4.1
2025-08-18T13:01:20.480761,0,9222,1.0,10,3.6
2025-08-18T13:01:20.981005,0,9222,1.0,10,4.1
2025-08-18T13:01:21.481243,0,9222,1.0,10,3.8
2025-08-18T13:01:21.981480,0,9222,1.0,10,4.0
2025-08-18T13:01:22.481739,0,9222,1.0,10,3.8
2025-08-18T13:01:22.981981,0,9222,1.0,10,4.1
2025-08-18T13:01:23.482219,8,9230,1.125,10,6.3
2025-08-18T13:01:23.982496,0,9230,1.0,10,4.8
2025-08-18T13:01:24.482716,0,9230,1.0,10,3.9
2025-08-18T13:01:24.982946,10,9240,1.1,10,4.7
2025-08-18T13:01:25.483182,0,9240,1.0,10,3.9
2025-08-18T13:01:25.983421,0,9240,1.0,10,4.3
2025-08-18T13:01:26.483669,0,9240,1.0,10,3.8
2025-08-18T13:01:26.983894,0,9240,1.0,10,3.8
2025-08-18T13:01:27.484135,0,9240,1.0,10,4.0
2025-08-18T13:01:27.984379,0,9240,1.0,10,4.0
2025-08-18T13:01:28.484686,0,9240,1.0,10,3.9
2025-08-18T13:01:28.984922,0,9240,1.0,10,4.1
2025-08-18T13:01:29.485245,0,9240,1.0,10,4.0
2025-08-18T13:01:29.985544,0,9240,1.0,10,4.3
2025-08-18T13:01:30.485854,0,9240,1.0,10,4.1
2025-08-18T13:01:30.986088,0,9240,1.0,10,4.1
2025-08-18T13:01:31.486336,0,9240,1.0,10,3.7
2025-08-18T13:01:31.986644,0,9240,1.0,10,3.9
2025-08-18T13:01:32.486881,0,9240,1.0,10,3.8
2025-08-18T13:01:32.987118,0,9240,1.0,10,3.8
2025-08-18T13:01:33.487436,0,9240,1.0,10,3.8
2025-08-18T13:01:33.987715,0,9240,1.0,10,3.8
2025-08-18T13:01:34.488037,0,9240,1.0,10,3.8
2025-08-18T13:01:34.988299,0,9240,1.0,10,4.0
2025-08-18T13:01:35.488627,0,9240,1.0,10,3.9
2025-08-18T13:01:35.988877,0,9240,1.0,10,3.8
2025-08-18T13:01:36.489140,0,9240,1.0,10,3.9
2025-08-18T13:01:36.989369,0,9240,1.0,10,4.1
2025-08-18T13:01:37.489618,0,9240,1.0,10,4.1
2025-08-18T13:01:37.989857,0,9240,1.0,10,4.1
2025-08-18T13:01:38.490081,0,9240,1.0,10,3.8
2025-08-18T13:01:38.990298,0,9240,1.0,10,3.9
2025-08-18T13:01:39.490543,0,9240,1.0,10,3.9
2025-08-18T13:01:39.990784,0,9240,1.0,10,3.8
2025-08-18T13:01:40.491031,0,9240,1.0,10,3.8
2025-08-18T13:01:40.991271,0,9240,1.0,10,3.9
2025-08-18T13:01:41.491519,0,9240,1.0,10,4.1
2025-08-18T13:01:41.991751,0,9240,1.0,10,3.8
2025-08-18T13:01:42.492082,8,9248,1.25,10,5.5
2025-08-18T13:01:42.992356,0,9248,1.0,10,4.1
2025-08-18T13:01:43.492618,0,9248,1.0,10,4.1
2025-08-18T13:01:43.992908,0,9248,1.0,10,3.9
2025-08-18T13:01:44.493140,10,9258,1.7,10,5.5
2025-08-18T13:01:44.993374,0,9258,1.0,10,4.0
2025-08-18T13:01:45.493681,0,9258,1.0,10,3.6
2025-08-18T13:01:45.993949,0,9258,1.0,10,4.3
2025-08-18T13:01:46.494172,0,9258,1.0,10,3.9
2025-08-18T13:01:46.994401,0,9258,1.0,10,3.9
2025-08-18T13:01:47.494654,0,9258,1.0,10,4.0
2025-08-18T13:01:47.994882,0,9258,1.0,10,4.1
2025-08-18T13:01:48.495095,0,9258,1.0,10,3.9
2025-08-18T13:01:48.995373,0,9258,1.0,10,3.9
2025-08-18T13:01:49.495606,0,9258,1.0,10,4.1
2025-08-18T13:01:49.995904,0,9258,1.0,10,3.8
2025-08-18T13:01:50.496147,0,9258,1.0,10,5.3
2025-08-18T13:01:50.996390,0,9258,1.0,10,4.2
2025-08-18T13:01:51.496645,0,9258,1.0,10,3.9
2025-08-18T13:01:51.996885,0,9258,1.0,10,3.8
2025-08-18T13:01:52.497115,0,9258,1.0,10,4.1
2025-08-18T13:01:52.997371,0,9258,1.0,10,3.9
2025-08-18T13:01:53.497597,0,9258,1.0,10,4.2
2025-08-18T13:01:53.997825,0,9258,1.0,10,4.4
2025-08-18T13:01:54.498072,0,9258,1.0,10,4.2
2025-08-18T13:01:54.998303,0,9258,1.0,10,4.2
2025-08-18T13:01:55.498567,0,9258,1.0,10,4.0
2025-08-18T13:01:55.998826,0,9258,1.0,10,3.8
2025-08-18T13:01:56.499145,0,9258,1.0,10,4.0
2025-08-18T13:01:56.999449,0,9258,1.0,10,3.8
2025-08-18T13:01:57.499653,0,9258,1.0,10,4.2
2025-08-18T13:01:57.999891,0,9258,1.0,10,4.0
2025-08-18T13:01:58.500129,0,9258,1.0,10,4.1
2025-08-18T13:01:59.000445,0,9258,1.0,10,4.5
2025-08-18T13:01:59.500737,0,9258,1.0,10,3.8
2025-08-18T13:02:00.000971,0,9258,1.0,10,3.7
2025-08-18T13:02:00.501782,6,9264,1.0,10,7.2
2025-08-18T13:02:01.002005,10,9274,2.6,10,4.7
2025-08-18T13:02:01.502230,0,9274,1.0,10,4.0
2025-08-18T13:02:02.002459,0,9274,1.0,10,4.1
2025-08-18T13:02:02.502653,0,9274,1.0,10,3.7
2025-08-18T13:02:03.002882,0,9274,1.0,10,4.0
2025-08-18T13:02:03.503118,0,9274,1.0,10,3.8
2025-08-18T13:02:04.003352,0,9274,1.0,10,4.6
2025-08-18T13:02:04.503575,0,9274,1.0,10,3.9
2025-08-18T13:02:05.003843,0,9274,1.0,10,3.8
2025-08-18T13:02:05.504059,0,9274,1.0,10,3.8
2025-08-18T13:02:06.004339,0,9274,1.0,10,4.0
2025-08-18T13:02:06.504653,0,9274,1.0,10,4.1
2025-08-18T13:02:07.004954,0,9274,1.0,10,3.9
2025-08-18T13:02:07.505252,0,9274,1.0,10,3.8
2025-08-18T13:02:08.005572,0,9274,1.0,10,4.0
2025-08-18T13:02:08.505812,0,9274,1.0,10,3.8
2025-08-18T13:02:09.006045,0,9274,1.0,10,4.6
2025-08-18T13:02:09.506279,0,9274,1.0,10,3.9
2025-08-18T13:02:10.006513,0,9274,1.0,10,3.8
2025-08-18T13:02:10.506724,0,9274,1.0,10,4.0
2025-08-18T13:02:11.006964,0,9274,1.0,10,4.2
2025-08-18T13:02:11.507194,0,9274,1.0,10,3.8
2025-08-18T13:02:12.007428,0,9274,1.0,10,4.1
2025-08-18T13:02:12.507654,0,9274,1.0,10,3.8
2025-08-18T13:02:13.007880,0,9274,1.0,10,3.8
2025-08-18T13:02:13.508109,0,9274,1.0,10,4.1
2025-08-18T13:02:14.008370,0,9274,1.0,10,4.0
2025-08-18T13:02:14.508605,0,9274,1.0,10,3.8
2025-08-18T13:02:15.008842,0,9274,1.0,10,4.1
2025-08-18T13:02:15.509061,0,9274,1.0,10,3.8
2025-08-18T13:02:16.009283,0,9274,1.0,10,3.9
2025-08-18T13:02:16.509570,0,9274,1.0,10,3.9
2025-08-18T13:02:17.009800,0,9274,1.0,10,3.8
2025-08-18T13:02:17.510026,0,9274,1.0,10,3.8
2025-08-18T13:02:18.010246,0,9274,1.0,10,3.9
2025-08-18T13:02:18.510459,4,9278,1.25,10,7.3
2025-08-18T13:02:19.010748,0,9278,1.0,10,4.9
2025-08-18T13:02:19.510983,0,9278,1.0,10,4.3
2025-08-18T13:02:20.011226,10,9288,1.0,10,4.5
2025-08-18T13:02:20.511451,0,9288,1.0,10,4.0
2025-08-18T13:02:21.011656,0,9288,1.0,10,4.2
2025-08-18T13:02:21.511894,0,9288,1.0,10,4.1
2025-08-18T13:02:22.012196,0,9288,1.0,10,4.1
2025-08-18T13:02:22.512529,0,9288,1.0,10,3.9
2025-08-18T13:02:23.012782,0,9288,1.0,10,3.8
2025-08-18T13:02:23.513029,0,9288,1.0,10,4.1
2025-08-18T13:02:24.013273,0,9288,1.0,10,3.9
2025-08-18T13:02:24.513500,0,9288,1.0,10,3.8
2025-08-18T13:02:25.013735,0,9288,1.0,10,4.0
2025-08-18T13:02:25.513964,0,9288,1.0,10,4.0
2025-08-18T13:02:26.014192,0,9288,1.0,10,4.1
2025-08-18T13:02:26.514419,0,9288,1.0,10,3.7
2025-08-18T13:02:27.014651,0,9288,1.0,10,4.0
2025-08-18T13:02:27.514873,0,9288,1.0,10,3.9
2025-08-18T13:02:28.015114,0,9288,1.0,10,3.9
2025-08-18T13:02:28.515411,0,9288,1.0,10,4.1
2025-08-18T13:02:29.015639,0,9288,1.0,10,4.0
2025-08-18T13:02:29.515867,0,9288,1.0,10,3.8
2025-08-18T13:02:30.016098,0,9288,1.0,10,3.8
2025-08-18T13:02:30.516331,0,9288,1.0,10,3.5
2025-08-18T13:02:31.016540,0,9288,1.0,10,3.6
2025-08-18T13:02:31.516751,0,9288,1.0,10,3.7
2025-08-18T13:02:32.016972,0,9288,1.0,10,3.4
2025-08-18T13:02:32.517187,0,9288,1.0,10,3.4
2025-08-18T13:02:33.017421,0,9288,1.0,10,3.8
2025-08-18T13:02:33.517645,0,9288,1.0,10,3.7
2025-08-18T13:02:34.017872,0,9288,1.0,10,3.8
2025-08-18T13:02:34.518120,0,9288,1.0,10,3.9
2025-08-18T13:02:35.018345,1,9289,1.0,10,3.6
2025-08-18T13:02:35.518567,0,9289,1.0,10,5.7
2025-08-18T13:02:36.018806,10,9299,2.2,10,4.5
2025-08-18T13:02:36.519014,10,9309,3.8,10,4.7
2025-08-18T13:02:37.019218,0,9309,1.0,10,4.1
2025-08-18T13:02:37.519435,0,9309,1.0,10,3.9
2025-08-18T13:02:38.019647,0,9309,1.0,10,5.0
2025-08-18T13:02:38.519864,0,9309,1.0,10,4.5
2025-08-18T13:02:39.020087,0,9309,1.0,10,5.1
2025-08-18T13:02:39.520306,0,9309,1.0,10,4.6
2025-08-18T13:02:40.020526,0,9309,1.0,10,3.7
2025-08-18T13:02:40.520752,0,9309,1.0,10,5.2
2025-08-18T13:02:41.020960,0,9309,1.0,10,9.2
2025-08-18T13:02:41.521185,0,9309,1.0,10,4.0
2025-08-18T13:02:42.021470,0,9309,1.0,10,3.8
2025-08-18T13:02:42.521649,0,9309,1.0,10,3.8
2025-08-18T13:02:43.021870,0,9309,1.0,10,3.9
2025-08-18T13:02:43.522077,0,9309,1.0,10,3.4
2025-08-18T13:02:44.022287,0,9309,1.0,10,3.7
2025-08-18T13:02:44.522506,0,9309,1.0,10,4.5
2025-08-18T13:02:45.022683,0,9309,1.0,10,4.2
2025-08-18T13:02:45.522920,0,9309,1.0,10,3.9
2025-08-18T13:02:46.023159,0,9309,1.0,10,4.4
2025-08-18T13:02:46.523392,0,9309,1.0,10,3.9
2025-08-18T13:02:47.023638,0,9309,1.0,10,5.6
