timestamp,interval_count,total_count,queue_size,max_queue_size,cpu_percent
2025-08-18T13:03:43.360400,20,20,3.4,10,0.0
2025-08-18T13:03:43.860703,30,50,2.566666666666667,10,9.8
2025-08-18T13:03:44.361065,42,92,3.5476190476190474,10,10.3
2025-08-18T13:03:44.861342,75,167,3.32,10,9.7
2025-08-18T13:03:45.361649,41,208,2.902439024390244,10,10.3
2025-08-18T13:03:45.861973,42,250,2.5714285714285716,10,11.1
2025-08-18T13:03:46.362260,21,271,3.4285714285714284,10,8.4
2025-08-18T13:03:46.862580,20,291,3.9,10,7.5
2025-08-18T13:03:47.362881,27,318,1.4074074074074074,10,8.5
2025-08-18T13:03:47.863207,29,347,3.0689655172413794,10,8.4
2025-08-18T13:03:48.363605,14,361,2.357142857142857,10,8.6
2025-08-18T13:03:48.863946,20,381,2.9,10,7.8
2025-08-18T13:03:49.364310,36,417,3.638888888888889,10,8.7
2025-08-18T13:03:49.864619,18,435,2.2222222222222223,10,9.7
2025-08-18T13:03:50.365099,5,440,2.2,10,7.7
2025-08-18T13:03:50.865439,10,450,5.5,10,7.3
2025-08-18T13:03:51.365824,13,463,4.538461538461538,10,8.2
2025-08-18T13:03:51.866095,20,483,4.7,10,7.8
2025-08-18T13:03:52.366484,0,483,10.0,10,7.0
2025-08-18T13:03:52.866764,5,488,1.2,10,7.7
2025-08-18T13:03:53.367119,10,498,1.6,10,9.1
2025-08-18T13:03:53.867418,0,498,1.0,10,10.0
2025-08-18T13:03:54.367787,17,515,2.6470588235294117,10,8.4
2025-08-18T13:03:54.868111,0,515,7.0,10,8.1
2025-08-18T13:03:55.368450,18,533,2.7777777777777777,10,8.2
2025-08-18T13:03:55.868819,0,533,8.0,10,7.8
2025-08-18T13:03:56.369150,2,535,1.0,10,7.7
2025-08-18T13:03:56.869444,10,545,2.1,10,8.6
2025-08-18T13:03:57.369794,0,545,5.0,10,9.1
2025-08-18T13:03:57.870198,9,554,2.2222222222222223,10,7.7
2025-08-18T13:03:58.370544,12,566,2.3333333333333335,10,8.7
2025-08-18T13:03:58.870737,20,586,1.95,10,8.4
2025-08-18T13:03:59.370979,14,600,3.4285714285714284,10,8.6
2025-08-18T13:03:59.871187,6,606,1.3333333333333333,10,9.2
2025-08-18T13:04:00.371417,38,644,3.026315789473684,10,8.9
2025-08-18T13:04:00.871654,27,671,5.111111111111111,10,8.5
2025-08-18T13:04:01.371953,16,687,2.125,10,8.8
2025-08-18T13:04:01.872230,0,687,3.0,10,7.1
2025-08-18T13:04:02.372465,0,687,3.0,10,9.3
2025-08-18T13:04:02.872698,7,694,1.8571428571428572,10,7.6
2025-08-18T13:04:03.372934,10,704,5.5,10,7.8
2025-08-18T13:04:03.873148,62,766,3.096774193548387,10,10.0
2025-08-18T13:04:04.373396,63,829,3.1746031746031744,10,10.1
2025-08-18T13:04:04.873618,51,880,3.215686274509804,10,9.1
2025-08-18T13:04:05.373854,23,903,4.565217391304348,10,8.1
2025-08-18T13:04:05.874067,2,905,1.5,10,8.1
2025-08-18T13:04:06.374312,10,915,5.5,10,7.7
2025-08-18T13:04:06.874548,0,915,10.0,10,7.0
2025-08-18T13:04:07.374775,48,963,3.6041666666666665,10,9.6
2025-08-18T13:04:07.875008,39,1002,3.7435897435897436,10,9.6
2025-08-18T13:04:08.375241,0,1002,10.0,10,7.0
2025-08-18T13:04:08.875452,4,1006,2.5,10,7.9
2025-08-18T13:04:09.375750,20,1026,2.45,10,9.9
2025-08-18T13:04:09.875951,19,1045,2.789473684210526,10,8.8
2025-08-18T13:04:10.376175,10,1055,4.6,10,11.7
2025-08-18T13:04:10.876450,22,1077,3.090909090909091,10,11.2
2025-08-18T13:04:11.376749,10,1087,2.6,10,7.4
2025-08-18T13:04:11.876983,0,1087,4.0,10,6.1
2025-08-18T13:04:12.377223,0,1087,4.0,10,10.3
2025-08-18T13:04:12.877446,0,1087,4.0,10,16.0
2025-08-18T13:04:13.377657,0,1087,4.0,10,9.9
2025-08-18T13:04:13.877874,0,1087,4.0,10,8.8
2025-08-18T13:04:14.378134,5,1092,1.6,10,11.6
2025-08-18T13:04:14.878436,10,1102,1.2,10,8.8
2025-08-18T13:04:15.378651,0,1102,1.0,10,8.3
2025-08-18T13:04:15.878873,0,1102,1.0,10,8.6
2025-08-18T13:04:16.379108,54,1156,3.8333333333333335,10,10.3
2025-08-18T13:04:16.879365,64,1220,3.734375,10,13.7
2025-08-18T13:04:17.379621,51,1271,3.7058823529411766,10,9.6
2025-08-18T13:04:17.879891,45,1316,4.733333333333333,10,10.2
2025-08-18T13:04:18.380172,35,1351,3.914285714285714,10,9.6
2025-08-18T13:04:18.880460,42,1393,4.5,10,9.9
2025-08-18T13:04:19.380781,45,1438,2.688888888888889,10,13.0
2025-08-18T13:04:19.881050,54,1492,3.740740740740741,10,11.0
2025-08-18T13:04:20.381362,46,1538,3.4782608695652173,10,12.4
2025-08-18T13:04:20.881631,49,1587,3.2857142857142856,10,12.5
2025-08-18T13:04:21.381966,28,1615,3.2857142857142856,10,11.7
2025-08-18T13:04:21.882254,55,1670,2.309090909090909,10,15.7
2025-08-18T13:04:22.382515,28,1698,2.75,10,12.4
2025-08-18T13:04:22.882758,24,1722,3.5416666666666665,10,11.5
2025-08-18T13:04:23.382986,10,1732,4.6,10,9.1
2025-08-18T13:04:23.883203,6,1738,2.6666666666666665,10,10.6
2025-08-18T13:04:24.383438,15,1753,2.466666666666667,10,8.7
2025-08-18T13:04:24.883662,10,1763,1.2,10,8.3
2025-08-18T13:04:25.383901,10,1773,3.8,10,8.4
2025-08-18T13:04:25.884128,20,1793,5.05,10,8.4
2025-08-18T13:04:26.384399,11,1804,3.5454545454545454,10,9.1
2025-08-18T13:04:26.884634,16,1820,4.4375,10,10.3
2025-08-18T13:04:27.384884,10,1830,1.0,10,11.2
2025-08-18T13:04:27.885152,9,1839,1.6666666666666667,10,8.1
2025-08-18T13:04:28.385383,10,1849,1.2,10,7.4
2025-08-18T13:04:28.885663,24,1873,4.625,10,9.6
2025-08-18T13:04:29.385997,26,1899,2.6538461538461537,10,9.3
2025-08-18T13:04:29.886232,0,1899,7.0,10,8.1
2025-08-18T13:04:30.386457,20,1919,4.05,10,10.1
2025-08-18T13:04:30.886728,58,1977,4.051724137931035,10,10.8
2025-08-18T13:04:31.387006,28,2005,5.214285714285714,10,10.7
2025-08-18T13:04:31.887232,10,2015,5.5,10,7.7
2025-08-18T13:04:32.387546,8,2023,2.25,10,8.4
2025-08-18T13:04:32.887777,26,2049,3.6923076923076925,10,12.4
2025-08-18T13:04:33.388105,77,2126,3.5584415584415585,10,12.5
2025-08-18T13:04:33.888455,38,2164,4.868421052631579,10,10.4
2025-08-18T13:04:34.388796,64,2228,4.59375,10,12.1
2025-08-18T13:04:34.889062,48,2276,4.125,10,11.1
2025-08-18T13:04:35.389446,26,2302,4.6923076923076925,10,10.1
2025-08-18T13:04:35.889829,13,2315,3.3846153846153846,10,10.0
2025-08-18T13:04:36.390186,0,2315,8.0,10,7.5
2025-08-18T13:04:36.890561,0,2315,8.0,10,8.2
2025-08-18T13:04:37.390803,0,2315,8.0,10,9.5
2025-08-18T13:04:37.891070,0,2315,8.0,10,8.0
2025-08-18T13:04:38.470249,30,2345,2.45,10,9.4
2025-08-18T13:04:38.970499,26,2371,4.416666666666667,10,9.5
2025-08-18T13:04:39.470735,26,2397,3.6538461538461537,10,9.0
2025-08-18T13:04:39.971014,32,2429,3.71875,10,8.2
2025-08-18T13:04:40.471237,17,2446,3.4705882352941178,10,8.7
2025-08-18T13:04:40.971489,13,2459,2.3076923076923075,10,8.2
2025-08-18T13:04:41.471760,0,2459,2.0,10,7.4
2025-08-18T13:04:41.972000,0,2459,2.0,10,7.0
2025-08-18T13:04:42.472209,7,2466,3.142857142857143,10,7.8
2025-08-18T13:04:42.972581,0,2466,6.0,10,7.6
2025-08-18T13:04:43.472816,10,2476,2.0,10,7.6
2025-08-18T13:04:43.973048,0,2476,1.0,10,7.3
2025-08-18T13:04:44.473256,0,2476,1.0,10,8.2
2025-08-18T13:04:44.973487,0,2476,1.0,10,8.3
2025-08-18T13:04:45.473706,0,2476,1.0,10,8.3
2025-08-18T13:04:45.973935,0,2476,1.0,10,7.6
2025-08-18T13:04:46.474231,0,2476,1.0,10,14.3
2025-08-18T13:04:46.974466,0,2476,1.0,10,15.2
2025-08-18T13:04:47.474662,0,2476,1.0,10,13.3
2025-08-18T13:04:47.974887,0,2476,1.0,10,10.8
2025-08-18T13:04:48.475127,0,2476,1.0,10,8.8
2025-08-18T13:04:48.975354,0,2476,1.0,10,7.2
2025-08-18T13:04:49.475632,0,2476,1.0,10,7.7
2025-08-18T13:04:49.975852,0,2476,1.0,10,9.0
2025-08-18T13:04:50.476076,0,2476,1.0,10,9.0
2025-08-18T13:04:50.976345,0,2476,1.0,10,7.5
2025-08-18T13:04:51.476622,9,2485,1.7777777777777777,10,10.1
2025-08-18T13:04:51.976861,0,2485,4.0,10,8.5
2025-08-18T13:04:52.477099,0,2485,4.0,10,8.4
2025-08-18T13:04:52.977381,0,2485,4.0,10,8.1
2025-08-18T13:04:53.477614,0,2485,4.0,10,7.0
2025-08-18T13:04:53.977906,10,2495,5.5,10,7.7
2025-08-18T13:04:54.478206,0,2495,10.0,10,6.9
2025-08-18T13:04:54.978444,0,2495,10.0,10,7.3
2025-08-18T13:04:55.478734,0,2495,10.0,10,7.0
2025-08-18T13:04:55.978950,0,2495,10.0,10,7.3
2025-08-18T13:04:56.479173,0,2495,10.0,10,7.6
2025-08-18T13:04:56.979396,0,2495,10.0,10,7.3
2025-08-18T13:04:57.479669,0,2495,10.0,10,7.2
2025-08-18T13:04:57.979901,0,2495,10.0,10,7.2
2025-08-18T13:04:58.480180,0,2495,10.0,10,7.4
2025-08-18T13:04:58.980500,0,2495,10.0,10,7.0
2025-08-18T13:04:59.480812,0,2495,10.0,10,7.3
2025-08-18T13:04:59.981037,0,2495,10.0,10,7.3
2025-08-18T13:05:00.481270,0,2495,10.0,10,10.1
2025-08-18T13:05:00.981529,0,2495,10.0,10,7.7
2025-08-18T13:05:01.481749,0,2495,10.0,10,8.1
2025-08-18T13:05:01.981996,0,2495,10.0,10,7.5
2025-08-18T13:05:02.482205,0,2495,10.0,10,8.0
2025-08-18T13:05:02.982430,5,2500,1.4,10,11.1
2025-08-18T13:05:03.482707,0,2500,2.0,10,8.5
2025-08-18T13:05:03.982942,10,2510,2.0,10,8.9
2025-08-18T13:05:04.483192,0,2510,5.0,10,7.5
2025-08-18T13:05:04.983453,0,2510,5.0,10,12.4
2025-08-18T13:05:05.483677,0,2510,5.0,10,13.4
2025-08-18T13:05:05.983923,0,2510,5.0,10,14.7
2025-08-18T13:05:06.484231,0,2510,5.0,10,12.7
2025-08-18T13:05:06.984475,0,2510,5.0,10,9.1
2025-08-18T13:05:07.484713,0,2510,5.0,10,8.7
2025-08-18T13:05:07.985034,0,2510,5.0,10,7.3
2025-08-18T13:05:08.485265,0,2510,5.0,10,7.5
2025-08-18T13:05:08.985517,0,2510,5.0,10,7.8
2025-08-18T13:05:09.485804,0,2510,5.0,10,9.7
2025-08-18T13:05:09.986053,0,2510,5.0,10,8.5
2025-08-18T13:05:10.486276,0,2510,5.0,10,8.2
2025-08-18T13:05:10.986558,0,2510,5.0,10,8.5
2025-08-18T13:05:11.486805,8,2518,1.5,10,12.1
2025-08-18T13:05:11.987046,0,2518,1.0,10,8.8
2025-08-18T13:05:12.487331,0,2518,1.0,10,7.1
2025-08-18T13:05:12.987567,0,2518,1.0,10,7.1
2025-08-18T13:05:13.487860,10,2528,5.5,10,7.3
2025-08-18T13:05:13.988112,0,2528,10.0,10,7.0
2025-08-18T13:05:14.488338,0,2528,10.0,10,7.5
2025-08-18T13:05:14.988638,0,2528,10.0,10,7.8
2025-08-18T13:05:15.488918,0,2528,10.0,10,10.0
2025-08-18T13:05:15.989173,0,2528,10.0,10,7.7
2025-08-18T13:05:16.489393,0,2528,10.0,10,8.3
2025-08-18T13:05:16.989641,0,2528,10.0,10,7.6
2025-08-18T13:05:17.489886,0,2528,10.0,10,7.5
2025-08-18T13:05:17.990339,0,2528,10.0,10,7.6
2025-08-18T13:05:18.490664,0,2528,10.0,10,7.4
2025-08-18T13:05:18.990906,0,2528,10.0,10,7.7
2025-08-18T13:05:19.491139,0,2528,10.0,10,7.5
2025-08-18T13:05:19.991467,0,2528,10.0,10,7.8
2025-08-18T13:05:20.491776,10,2538,2.8,10,12.5
2025-08-18T13:05:20.992040,0,2538,3.0,10,10.4
2025-08-18T13:05:21.492273,10,2548,1.1,10,7.9
2025-08-18T13:05:21.992517,0,2548,1.0,10,8.4
2025-08-18T13:05:22.492734,0,2548,1.0,10,8.0
2025-08-18T13:05:22.992976,0,2548,1.0,10,7.6
2025-08-18T13:05:23.493209,0,2548,1.0,10,7.4
2025-08-18T13:05:23.993468,10,2558,2.1,10,9.9
2025-08-18T13:05:24.493725,20,2578,1.55,10,9.7
2025-08-18T13:05:24.994029,26,2604,2.5384615384615383,10,9.5
2025-08-18T13:05:25.494307,40,2644,2.65,10,8.9
2025-08-18T13:05:25.995157,10,2654,4.6,10,8.7
2025-08-18T13:05:26.495432,11,2665,2.6363636363636362,10,8.2
2025-08-18T13:05:26.995707,4,2669,1.25,10,8.2
2025-08-18T13:05:27.495926,10,2679,2.5,10,7.3
2025-08-18T13:05:27.996152,23,2702,3.260869565217391,10,8.6
2025-08-18T13:05:28.496460,0,2702,9.0,10,7.5
2025-08-18T13:05:28.996665,12,2714,2.75,10,8.4
2025-08-18T13:05:29.496926,37,2751,1.972972972972973,10,8.9
2025-08-18T13:05:29.997177,10,2761,3.2,10,7.2
2025-08-18T13:05:30.497346,26,2787,3.1538461538461537,10,8.4
2025-08-18T13:05:30.997633,37,2824,3.4594594594594597,10,9.7
2025-08-18T13:05:31.497879,0,2824,1.0,10,6.8
2025-08-18T13:05:31.998185,10,2834,5.5,10,7.3
2025-08-18T13:05:32.498462,0,2834,10.0,10,6.8
2025-08-18T13:05:32.998706,1,2835,1.0,10,8.2
2025-08-18T13:05:33.498937,10,2845,4.6,10,7.0
2025-08-18T13:05:33.999182,0,2845,9.0,10,7.1
2025-08-18T13:05:34.499465,0,2845,9.0,10,6.8
2025-08-18T13:05:34.999730,0,2845,9.0,10,6.9
2025-08-18T13:05:35.499954,0,2845,9.0,10,6.8
2025-08-18T13:05:36.000204,0,2845,9.0,10,6.9
2025-08-18T13:05:36.500425,0,2845,9.0,10,7.1
2025-08-18T13:05:37.000715,0,2845,9.0,10,7.0
2025-08-18T13:05:37.500951,0,2845,9.0,10,6.9
2025-08-18T13:05:38.001181,0,2845,9.0,10,6.9
2025-08-18T13:05:38.501413,7,2852,3.142857142857143,10,10.0
2025-08-18T13:05:39.001663,0,2852,6.0,10,7.4
2025-08-18T13:05:39.501877,0,2852,6.0,10,7.0
2025-08-18T13:05:40.002111,10,2862,1.0,10,8.0
2025-08-18T13:05:40.502383,0,2862,1.0,10,9.1
2025-08-18T13:05:41.002607,8,2870,1.875,10,9.6
2025-08-18T13:05:41.502818,10,2880,5.5,10,8.5
2025-08-18T13:05:42.003120,0,2880,10.0,10,10.1
2025-08-18T13:05:42.503369,0,2880,10.0,10,13.9
2025-08-18T13:05:43.003675,0,2880,10.0,10,13.5
2025-08-18T13:05:43.503912,4,2884,1.75,10,14.0
2025-08-18T13:05:44.004157,0,2884,3.0,10,13.6
2025-08-18T13:05:44.504445,10,2894,1.9,10,9.5
2025-08-18T13:05:45.004724,0,2894,3.0,10,7.5
2025-08-18T13:05:45.504961,0,2894,3.0,10,7.2
2025-08-18T13:05:46.005226,0,2894,3.0,10,7.3
2025-08-18T13:05:46.505521,0,2894,3.0,10,7.6
2025-08-18T13:05:47.005773,0,2894,3.0,10,7.1
2025-08-18T13:05:47.506021,0,2894,3.0,10,8.2
2025-08-18T13:05:48.006267,0,2894,3.0,10,8.0
2025-08-18T13:05:48.506495,0,2894,3.0,10,8.9
2025-08-18T13:05:49.006732,4,2898,1.0,10,10.8
2025-08-18T13:05:49.506976,0,2898,1.0,10,7.8
2025-08-18T13:05:50.007225,0,2898,1.0,10,7.5
2025-08-18T13:05:50.507516,10,2908,1.0,10,8.5
2025-08-18T13:05:51.007809,0,2908,1.0,10,8.7
2025-08-18T13:05:51.508120,0,2908,1.0,10,7.7
2025-08-18T13:05:52.008367,0,2908,1.0,10,7.9
2025-08-18T13:05:52.508633,8,2916,1.125,10,11.3
2025-08-18T13:05:53.008927,0,2916,1.0,10,9.2
2025-08-18T13:05:53.509176,0,2916,1.0,10,7.0
2025-08-18T13:05:54.009469,0,2916,1.0,10,8.4
2025-08-18T13:05:54.509697,10,2926,1.5,10,7.3
2025-08-18T13:05:55.010003,0,2926,2.0,10,6.9
2025-08-18T13:05:55.510220,0,2926,2.0,10,7.9
2025-08-18T13:05:56.010455,1,2927,1.0,10,12.7
2025-08-18T13:05:56.510764,0,2927,1.0,10,11.2
2025-08-18T13:05:57.011007,0,2927,1.0,10,7.5
2025-08-18T13:05:57.511244,10,2937,3.2,10,8.9
2025-08-18T13:05:58.011481,0,2937,2.0,10,7.6
2025-08-18T13:05:58.511729,0,2937,2.0,10,7.6
2025-08-18T13:05:59.012020,0,2937,2.0,10,8.6
2025-08-18T13:05:59.512292,0,2937,2.0,10,7.5
2025-08-18T13:06:00.012548,0,2937,2.0,10,7.5
2025-08-18T13:06:00.512816,14,2951,1.3571428571428572,10,10.2
2025-08-18T13:06:01.013059,0,2951,1.0,10,7.4
2025-08-18T13:06:01.513280,0,2951,1.0,10,8.5
2025-08-18T13:06:02.013513,0,2951,1.0,10,8.8
2025-08-18T13:06:02.513737,4,2955,1.25,10,8.3
2025-08-18T13:06:03.014002,0,2955,1.0,10,12.0
2025-08-18T13:06:03.514202,0,2955,1.0,10,8.4
2025-08-18T13:06:04.014423,10,2965,3.8,10,8.9
2025-08-18T13:06:04.514698,0,2965,1.0,10,6.6
2025-08-18T13:06:05.014998,0,2965,1.0,10,7.0
2025-08-18T13:06:05.515254,0,2965,1.0,10,6.8
2025-08-18T13:06:06.015528,0,2965,1.0,10,7.0
2025-08-18T13:06:06.515775,0,2965,1.0,10,7.1
2025-08-18T13:06:07.016008,0,2965,1.0,10,7.1
2025-08-18T13:06:07.516262,0,2965,1.0,10,6.8
2025-08-18T13:06:08.016571,0,2965,1.0,10,7.0
2025-08-18T13:06:08.516786,2,2967,1.0,10,9.7
2025-08-18T13:06:09.017150,0,2967,1.0,10,6.7
2025-08-18T13:06:09.517503,10,2977,1.2,10,7.8
2025-08-18T13:06:10.017744,0,2977,1.0,10,6.8
2025-08-18T13:06:10.517966,0,2977,1.0,10,6.9
2025-08-18T13:06:11.018188,0,2977,1.0,10,7.0
2025-08-18T13:06:11.518385,0,2977,1.0,10,6.8
2025-08-18T13:06:12.018686,0,2977,1.0,10,7.2
2025-08-18T13:06:12.518942,0,2977,1.0,10,6.6
2025-08-18T13:06:13.019196,9,2986,2.2222222222222223,10,7.8
2025-08-18T13:06:13.519471,0,2986,1.0,10,9.0
2025-08-18T13:06:14.019649,0,2986,1.0,10,7.1
2025-08-18T13:06:14.519944,10,2996,2.1,10,7.3
2025-08-18T13:06:15.020183,0,2996,1.0,10,6.8
2025-08-18T13:06:15.520387,0,2996,1.0,10,7.5
2025-08-18T13:06:16.020712,0,2996,1.0,10,7.2
2025-08-18T13:06:16.520969,0,2996,1.0,10,7.1
2025-08-18T13:06:17.021207,8,3004,1.375,10,10.7
2025-08-18T13:06:17.521414,0,3004,2.0,10,7.1
2025-08-18T13:06:18.021641,0,3004,2.0,10,7.2
2025-08-18T13:06:18.521860,0,3004,2.0,10,7.8
2025-08-18T13:06:19.022097,10,3014,2.8,10,16.5
2025-08-18T13:06:19.522363,0,3014,6.0,10,14.2
2025-08-18T13:06:20.022611,0,3014,6.0,10,13.6
2025-08-18T13:06:20.522838,0,3014,6.0,10,13.1
2025-08-18T13:06:21.023066,0,3014,6.0,10,9.0
2025-08-18T13:06:21.523277,0,3014,6.0,10,8.4
2025-08-18T13:06:22.023529,0,3014,6.0,10,9.9
2025-08-18T13:06:22.523761,5,3019,1.2,10,10.5
2025-08-18T13:06:23.023990,10,3029,2.1,10,10.3
2025-08-18T13:06:23.524194,0,3029,5.0,10,7.0
2025-08-18T13:06:24.024434,0,3029,5.0,10,8.3
2025-08-18T13:06:24.524637,0,3029,5.0,10,9.3
2025-08-18T13:06:25.024894,0,3029,5.0,10,10.3
2025-08-18T13:06:25.525119,0,3029,5.0,10,7.1
2025-08-18T13:06:26.025331,0,3029,5.0,10,8.1
2025-08-18T13:06:26.525599,0,3029,5.0,10,7.0
2025-08-18T13:06:27.025956,0,3029,5.0,10,7.4
2025-08-18T13:06:27.526245,0,3029,5.0,10,8.3
2025-08-18T13:06:28.026475,0,3029,5.0,10,7.9
2025-08-18T13:06:28.526710,10,3039,2.1,10,10.6
2025-08-18T13:06:29.026969,0,3039,5.0,10,10.4
2025-08-18T13:06:29.527195,0,3039,5.0,10,9.0
2025-08-18T13:06:30.027440,0,3039,5.0,10,8.4
2025-08-18T13:06:30.527634,10,3049,5.5,10,8.5
2025-08-18T13:06:31.027854,0,3049,10.0,10,8.6
2025-08-18T13:06:31.528129,0,3049,10.0,10,7.5
2025-08-18T13:06:32.028432,0,3049,10.0,10,6.9
2025-08-18T13:06:32.528694,0,3049,10.0,10,7.6
2025-08-18T13:06:33.028957,0,3049,10.0,10,7.0
2025-08-18T13:06:33.529271,3,3052,1.3333333333333333,10,10.3
2025-08-18T13:06:34.029586,0,3052,2.0,10,8.1
2025-08-18T13:06:34.529802,0,3052,2.0,10,7.1
2025-08-18T13:06:35.030050,0,3052,2.0,10,6.7
2025-08-18T13:06:35.530261,10,3062,3.2,10,7.5
2025-08-18T13:06:36.030478,0,3062,7.0,10,6.9
2025-08-18T13:06:36.530697,0,3062,7.0,10,7.1
2025-08-18T13:06:37.030922,0,3062,7.0,10,7.0
2025-08-18T13:06:37.531154,0,3062,7.0,10,7.7
2025-08-18T13:06:38.031457,0,3062,7.0,10,7.0
2025-08-18T13:06:38.531704,0,3062,7.0,10,6.8
2025-08-18T13:06:39.031941,0,3062,7.0,10,6.9
2025-08-18T13:06:39.532228,0,3062,7.0,10,6.9
2025-08-18T13:06:40.032472,0,3062,7.0,10,7.1
2025-08-18T13:06:40.532707,0,3062,7.0,10,6.8
2025-08-18T13:06:41.032950,0,3062,7.0,10,6.9
2025-08-18T13:06:41.533201,0,3062,7.0,10,6.9
2025-08-18T13:06:42.033512,9,3071,5.0,10,9.5
2025-08-18T13:06:42.533765,0,3071,9.0,10,7.2
2025-08-18T13:06:43.033992,0,3071,9.0,10,7.1
2025-08-18T13:06:43.534222,0,3071,9.0,10,6.9
2025-08-18T13:06:44.034454,0,3071,9.0,10,7.3
2025-08-18T13:06:44.534681,10,3081,1.1,10,8.5
2025-08-18T13:06:45.034933,0,3081,1.0,10,7.0
2025-08-18T13:06:45.535171,0,3081,1.0,10,7.0
2025-08-18T13:06:46.035410,0,3081,1.0,10,7.1
2025-08-18T13:06:46.535676,0,3081,1.0,10,7.1
2025-08-18T13:06:47.035919,0,3081,1.0,10,7.0
2025-08-18T13:06:47.536152,0,3081,1.0,10,7.1
2025-08-18T13:06:48.036385,0,3081,1.0,10,7.1
2025-08-18T13:06:48.536633,0,3081,1.0,10,7.2
2025-08-18T13:06:49.036876,2,3083,1.5,10,8.6
2025-08-18T13:06:49.537116,0,3083,2.0,10,9.5
2025-08-18T13:06:50.037336,10,3093,1.1,10,8.2
2025-08-18T13:06:50.537590,0,3093,1.0,10,8.3
2025-08-18T13:06:51.037903,0,3093,1.0,10,7.2
2025-08-18T13:06:51.538218,0,3093,1.0,10,7.2
2025-08-18T13:06:52.038503,0,3093,1.0,10,7.6
2025-08-18T13:06:52.538839,0,3093,1.0,10,7.1
2025-08-18T13:06:53.039142,0,3093,1.0,10,7.0
2025-08-18T13:06:53.539440,0,3093,1.0,10,7.3
2025-08-18T13:06:54.039666,0,3093,1.0,10,7.0
2025-08-18T13:06:54.539951,10,3103,5.5,10,10.2
2025-08-18T13:06:55.040193,10,3113,2.6,10,8.3
2025-08-18T13:06:55.540485,0,3113,6.0,10,6.9
2025-08-18T13:06:56.040719,0,3113,6.0,10,7.4
2025-08-18T13:06:56.540955,0,3113,6.0,10,6.9
2025-08-18T13:06:57.041262,0,3113,6.0,10,6.9
2025-08-18T13:06:57.541503,0,3113,6.0,10,7.1
2025-08-18T13:06:58.041755,0,3113,6.0,10,7.3
2025-08-18T13:06:58.542010,0,3113,6.0,10,6.9
2025-08-18T13:06:59.042260,0,3113,6.0,10,7.4
2025-08-18T13:06:59.542554,0,3113,6.0,10,7.0
2025-08-18T13:07:00.042846,0,3113,6.0,10,7.0
2025-08-18T13:07:00.543154,8,3121,1.375,10,10.5
2025-08-18T13:07:01.043396,0,3121,1.0,10,7.1
2025-08-18T13:07:01.543652,0,3121,1.0,10,7.1
2025-08-18T13:07:02.043897,10,3131,3.8,10,7.7
2025-08-18T13:07:02.544188,0,3131,8.0,10,7.1
2025-08-18T13:07:03.044481,0,3131,8.0,10,7.3
2025-08-18T13:07:03.544723,0,3131,8.0,10,7.2
2025-08-18T13:07:04.044961,0,3131,8.0,10,8.1
2025-08-18T13:07:04.545196,0,3131,8.0,10,7.1
2025-08-18T13:07:05.045496,0,3131,8.0,10,7.1
2025-08-18T13:07:05.545718,0,3131,8.0,10,6.8
2025-08-18T13:07:06.046027,0,3131,8.0,10,7.2
2025-08-18T13:07:06.549751,7,3138,1.7142857142857142,10,7.3
2025-08-18T13:07:07.050155,0,3138,2.0,10,9.9
2025-08-18T13:07:07.550477,10,3148,5.5,10,7.6
2025-08-18T13:07:08.050767,0,3148,10.0,10,7.3
2025-08-18T13:07:08.551041,0,3148,10.0,10,6.8
2025-08-18T13:07:09.051285,0,3148,10.0,10,7.4
2025-08-18T13:07:09.551525,0,3148,10.0,10,6.9
2025-08-18T13:07:10.051812,0,3148,10.0,10,7.2
2025-08-18T13:07:10.552269,5,3153,1.4,10,7.7
2025-08-18T13:07:11.052639,0,3153,2.0,10,9.6
2025-08-18T13:07:11.552966,0,3153,2.0,10,6.8
2025-08-18T13:07:12.053285,0,3153,2.0,10,6.9
2025-08-18T13:07:12.553644,10,3163,3.9,10,7.6
2025-08-18T13:07:13.053977,0,3163,8.0,10,7.2
2025-08-18T13:07:13.554309,0,3163,8.0,10,7.2
2025-08-18T13:07:14.054668,0,3163,8.0,10,7.2
2025-08-18T13:07:14.554973,0,3163,8.0,10,7.1
2025-08-18T13:07:15.055285,0,3163,8.0,10,7.2
2025-08-18T13:07:15.555587,1,3164,1.0,10,7.0
2025-08-18T13:07:16.055923,0,3164,1.0,10,10.3
2025-08-18T13:07:16.556223,0,3164,1.0,10,6.9
2025-08-18T13:07:17.056575,0,3164,1.0,10,7.0
2025-08-18T13:07:17.556898,10,3174,4.6,10,7.5
2025-08-18T13:07:18.057210,0,3174,9.0,10,7.2
2025-08-18T13:07:18.557542,0,3174,9.0,10,6.8
2025-08-18T13:07:19.057887,0,3174,9.0,10,7.3
2025-08-18T13:07:19.558208,0,3174,9.0,10,6.9
2025-08-18T13:07:20.058549,0,3174,9.0,10,7.4
2025-08-18T13:07:20.558910,0,3174,9.0,10,8.0
2025-08-18T13:07:21.059246,0,3174,9.0,10,7.5
2025-08-18T13:07:21.559575,0,3174,9.0,10,7.0
2025-08-18T13:07:22.059926,0,3174,9.0,10,7.0
2025-08-18T13:07:22.560274,0,3174,9.0,10,7.0
2025-08-18T13:07:23.060777,5,3179,1.2,10,8.5
2025-08-18T13:07:23.561153,0,3179,2.0,10,7.3
2025-08-18T13:07:24.061493,0,3179,2.0,10,8.2
2025-08-18T13:07:24.561810,10,3189,5.5,10,8.0
2025-08-18T13:07:25.062128,0,3189,10.0,10,7.1
2025-08-18T13:07:25.562455,0,3189,10.0,10,7.0
2025-08-18T13:07:26.062725,0,3189,10.0,10,7.0
2025-08-18T13:07:26.563042,0,3189,10.0,10,6.9
2025-08-18T13:07:27.063391,0,3189,10.0,10,6.9
2025-08-18T13:07:27.563715,0,3189,10.0,10,7.1
2025-08-18T13:07:28.064027,0,3189,10.0,10,7.3
2025-08-18T13:07:28.564399,0,3189,10.0,10,7.0
2025-08-18T13:07:29.064881,7,3196,4.0,10,7.8
2025-08-18T13:07:29.565264,0,3196,7.0,10,9.4
2025-08-18T13:07:30.065640,10,3206,3.9,10,8.2
2025-08-18T13:07:30.566000,0,3206,8.0,10,6.8
2025-08-18T13:07:31.066350,0,3206,8.0,10,7.0
2025-08-18T13:07:31.566678,0,3206,8.0,10,7.1
2025-08-18T13:07:32.066979,0,3206,8.0,10,6.8
2025-08-18T13:07:32.567355,0,3206,8.0,10,6.9
2025-08-18T13:07:33.067730,0,3206,8.0,10,7.1
2025-08-18T13:07:33.568093,2,3208,1.5,10,9.9
2025-08-18T13:07:34.068413,0,3208,2.0,10,7.2
2025-08-18T13:07:34.568806,10,3218,5.5,10,7.5
2025-08-18T13:07:35.069141,0,3218,10.0,10,6.9
2025-08-18T13:07:35.569466,0,3218,10.0,10,7.0
2025-08-18T13:07:36.069774,0,3218,10.0,10,7.0
2025-08-18T13:07:36.570082,0,3218,10.0,10,6.9
2025-08-18T13:07:37.070429,0,3218,10.0,10,7.1
2025-08-18T13:07:37.570713,8,3226,3.0,10,8.9
2025-08-18T13:07:38.071021,20,3246,5.5,10,10.6
2025-08-18T13:07:38.571388,0,3246,10.0,10,7.0
2025-08-18T13:07:39.071738,0,3246,10.0,10,7.3
2025-08-18T13:07:39.572030,0,3246,10.0,10,7.0
2025-08-18T13:07:40.072297,1,3247,1.0,10,8.3
2025-08-18T13:07:40.572536,0,3247,1.0,10,7.0
2025-08-18T13:07:41.072742,10,3257,5.5,10,7.8
2025-08-18T13:07:41.572979,0,3257,10.0,10,7.1
2025-08-18T13:07:42.073214,0,3257,10.0,10,7.1
2025-08-18T13:07:42.573491,0,3257,10.0,10,7.0
2025-08-18T13:07:43.073713,0,3257,10.0,10,7.3
2025-08-18T13:07:43.573966,0,3257,10.0,10,7.0
2025-08-18T13:07:44.074217,17,3274,2.3529411764705883,10,8.7
2025-08-18T13:07:44.574458,10,3284,5.5,10,7.6
2025-08-18T13:07:45.074671,0,3284,10.0,10,7.2
2025-08-18T13:07:45.574913,0,3284,10.0,10,7.3
2025-08-18T13:07:46.075169,0,3284,10.0,10,7.3
2025-08-18T13:07:46.575411,0,3284,10.0,10,7.1
2025-08-18T13:07:47.075723,0,3284,10.0,10,6.9
2025-08-18T13:07:47.575976,0,3284,10.0,10,6.9
2025-08-18T13:07:48.076189,7,3291,1.4285714285714286,10,8.8
2025-08-18T13:07:48.576412,0,3291,1.0,10,7.2
2025-08-18T13:07:49.076640,10,3301,1.4,10,7.6
2025-08-18T13:07:49.576897,0,3301,2.0,10,7.1
2025-08-18T13:07:50.077138,0,3301,2.0,10,8.6
2025-08-18T13:07:50.577395,0,3301,2.0,10,7.1
2025-08-18T13:07:51.077706,0,3301,2.0,10,7.0
2025-08-18T13:07:51.577953,0,3301,2.0,10,7.0
2025-08-18T13:07:52.078199,0,3301,2.0,10,7.2
2025-08-18T13:07:52.578452,7,3308,1.2857142857142858,10,10.6
2025-08-18T13:07:53.078670,0,3308,2.0,10,7.5
2025-08-18T13:07:53.578993,0,3308,2.0,10,7.4
2025-08-18T13:07:54.079313,10,3318,5.5,10,7.5
2025-08-18T13:07:54.579646,0,3318,10.0,10,7.0
2025-08-18T13:07:55.079891,0,3318,10.0,10,6.9
2025-08-18T13:07:55.580139,0,3318,10.0,10,6.9
2025-08-18T13:07:56.080438,0,3318,10.0,10,7.8
2025-08-18T13:07:56.580739,0,3318,10.0,10,7.1
2025-08-18T13:07:57.081015,0,3318,10.0,10,6.9
2025-08-18T13:07:57.581272,0,3318,10.0,10,7.1
2025-08-18T13:07:58.081517,0,3318,10.0,10,7.2
2025-08-18T13:07:58.581753,0,3318,10.0,10,6.8
2025-08-18T13:07:59.081989,6,3324,1.6666666666666667,10,10.7
2025-08-18T13:07:59.582286,10,3334,1.1,10,8.0
2025-08-18T13:08:00.082594,0,3334,1.0,10,7.2
2025-08-18T13:08:00.582847,0,3334,1.0,10,6.9
2025-08-18T13:08:01.083108,0,3334,1.0,10,7.2
2025-08-18T13:08:01.583355,0,3334,1.0,10,7.1
2025-08-18T13:08:02.083650,0,3334,1.0,10,7.2
2025-08-18T13:08:02.583899,0,3334,1.0,10,7.3
2025-08-18T13:08:03.084217,0,3334,1.0,10,7.5
2025-08-18T13:08:03.584479,0,3334,1.0,10,7.4
2025-08-18T13:08:04.084730,0,3334,1.0,10,8.3
2025-08-18T13:08:04.585020,0,3334,1.0,10,8.6
2025-08-18T13:08:05.085259,0,3334,1.0,10,8.7
2025-08-18T13:08:05.585519,0,3334,1.0,10,7.3
2025-08-18T13:08:06.085779,8,3342,1.625,10,9.2
2025-08-18T13:08:06.586037,10,3352,1.1,10,15.1
2025-08-18T13:08:07.086282,0,3352,2.0,10,14.9
2025-08-18T13:08:07.586524,0,3352,2.0,10,14.6
2025-08-18T13:08:08.086859,6,3358,2.0,10,12.7
2025-08-18T13:08:08.587158,10,3368,4.6,10,12.6
2025-08-18T13:08:09.087421,0,3368,9.0,10,8.6
2025-08-18T13:08:09.587708,10,3378,1.0,10,8.5
2025-08-18T13:08:10.087955,0,3378,1.0,10,8.9
2025-08-18T13:08:10.588203,26,3404,4.6923076923076925,10,8.7
2025-08-18T13:08:11.088432,24,3428,4.25,10,8.8
2025-08-18T13:08:11.588666,21,3449,2.1904761904761907,10,8.5
2025-08-18T13:08:12.088922,10,3459,4.6,10,7.5
2025-08-18T13:08:12.589160,15,3474,3.466666666666667,10,13.0
2025-08-18T13:08:13.089387,2,3476,1.0,10,7.7
2025-08-18T13:08:13.589678,20,3496,2.7,10,8.2
2025-08-18T13:08:14.089913,12,3508,3.3333333333333335,10,10.1
2025-08-18T13:08:14.590136,62,3570,3.2580645161290325,10,10.4
2025-08-18T13:08:15.090366,10,3580,4.6,10,8.6
2025-08-18T13:08:15.590683,0,3580,9.0,10,8.1
2025-08-18T13:08:16.090912,0,3580,9.0,10,8.0
2025-08-18T13:08:16.591140,20,3600,3.85,10,13.3
2025-08-18T13:08:17.091370,36,3636,2.25,10,9.7
2025-08-18T13:08:17.591616,42,3678,2.6666666666666665,10,9.9
2025-08-18T13:08:18.091858,58,3736,3.689655172413793,10,11.4
2025-08-18T13:08:18.592171,23,3759,2.0434782608695654,10,8.6
2025-08-18T13:08:19.092388,52,3811,3.480769230769231,10,11.0
2025-08-18T13:08:19.592653,77,3888,2.4155844155844157,10,10.5
2025-08-18T13:08:20.092942,69,3957,3.652173913043478,10,10.2
2025-08-18T13:08:20.593195,10,3967,2.6,10,8.2
2025-08-18T13:08:21.093437,80,4047,3.475,10,11.2
2025-08-18T13:08:21.593784,10,4057,5.5,10,7.6
2025-08-18T13:08:22.094076,0,4057,10.0,10,7.1
2025-08-18T13:08:22.594356,0,4057,10.0,10,7.4
2025-08-18T13:08:23.094637,0,4057,10.0,10,7.5
2025-08-18T13:08:23.594947,0,4057,10.0,10,7.3
2025-08-18T13:08:24.095189,0,4057,10.0,10,7.3
2025-08-18T13:08:24.595487,0,4057,10.0,10,8.2
2025-08-18T13:08:25.095746,5,4062,1.4,10,9.9
2025-08-18T13:08:25.595962,70,4132,3.6,10,12.5
2025-08-18T13:08:26.096220,100,4232,3.78,10,13.4
2025-08-18T13:08:26.596457,60,4292,4.05,10,14.6
2025-08-18T13:08:27.096668,58,4350,3.8448275862068964,10,11.0
2025-08-18T13:08:27.596948,27,4377,2.8518518518518516,10,11.4
2025-08-18T13:08:28.097184,54,4431,1.9444444444444444,10,11.3
2025-08-18T13:08:28.597599,71,4502,3.23943661971831,10,10.4
2025-08-18T13:08:29.097961,64,4566,3.421875,10,10.2
2025-08-18T13:08:29.598210,38,4604,3.0526315789473686,10,9.2
2025-08-18T13:08:30.098502,61,4665,3.8360655737704916,10,11.7
2025-08-18T13:08:30.598855,45,4710,3.2222222222222223,10,9.0
2025-08-18T13:08:31.099171,65,4775,2.7846153846153845,10,10.3
2025-08-18T13:08:31.599493,88,4863,3.352272727272727,10,11.5
2025-08-18T13:08:32.099853,83,4946,3.4578313253012047,10,10.8
2025-08-18T13:08:32.600126,75,5021,3.64,10,11.0
2025-08-18T13:08:33.100365,72,5093,4.069444444444445,10,11.4
2025-08-18T13:08:33.600804,93,5186,2.7096774193548385,10,10.4
2025-08-18T13:08:34.101122,24,5210,2.6666666666666665,10,9.5
2025-08-18T13:08:34.601370,65,5275,3.123076923076923,10,10.2
2025-08-18T13:08:35.101585,46,5321,2.9347826086956523,10,11.1
2025-08-18T13:08:35.601835,10,5331,5.5,10,8.2
2025-08-18T13:08:36.102072,20,5351,4.05,10,8.8
2025-08-18T13:08:36.602327,32,5383,3.4375,10,10.2
2025-08-18T13:08:37.102581,13,5396,1.3076923076923077,10,8.9
2025-08-18T13:08:37.602993,37,5433,3.675675675675676,10,10.0
2025-08-18T13:08:38.103228,14,5447,1.7142857142857142,10,8.2
2025-08-18T13:08:38.603441,13,5460,1.3076923076923077,10,8.7
2025-08-18T13:08:39.103679,34,5494,3.823529411764706,10,9.9
2025-08-18T13:08:39.603982,27,5521,4.111111111111111,10,8.9
2025-08-18T13:08:40.104233,37,5558,4.108108108108108,10,9.5
2025-08-18T13:08:40.604516,32,5590,3.34375,10,9.3
2025-08-18T13:08:41.104845,21,5611,3.2857142857142856,10,9.0
2025-08-18T13:08:41.605064,10,5621,4.6,10,7.4
2025-08-18T13:08:42.105278,43,5664,3.116279069767442,10,11.2
2025-08-18T13:08:42.605517,39,5703,2.769230769230769,10,9.1
2025-08-18T13:08:43.105732,45,5748,4.644444444444445,10,9.5
2025-08-18T13:08:43.605980,41,5789,2.048780487804878,10,9.3
2025-08-18T13:08:44.106260,10,5799,4.6,10,8.5
2025-08-18T13:08:44.606606,30,5829,3.2,10,8.4
2025-08-18T13:08:45.106846,40,5869,3.25,10,10.5
2025-08-18T13:08:45.607184,42,5911,3.5238095238095237,10,9.2
2025-08-18T13:08:46.107416,32,5943,3.34375,10,9.8
2025-08-18T13:08:46.607664,10,5953,2.0,10,8.0
2025-08-18T13:08:47.107889,25,5978,4.04,10,11.0
2025-08-18T13:08:47.608188,10,5988,5.5,10,8.1
2025-08-18T13:08:48.108517,8,5996,3.625,10,8.7
2025-08-18T13:08:48.608747,0,5996,7.0,10,7.2
2025-08-18T13:08:49.108986,10,6006,1.0,10,7.7
2025-08-18T13:08:49.609221,0,6006,1.0,10,7.4
2025-08-18T13:08:50.109446,2,6008,1.5,10,7.6
2025-08-18T13:08:50.609665,10,6018,1.3,10,8.8
2025-08-18T13:08:51.109893,10,6028,2.0,10,7.8
2025-08-18T13:08:51.610129,0,6028,1.0,10,7.3
2025-08-18T13:08:52.110560,6,6034,1.6666666666666667,10,7.8
2025-08-18T13:08:52.610804,0,6034,3.0,10,8.1
2025-08-18T13:08:53.111114,10,6044,3.1,10,7.9
2025-08-18T13:08:53.611323,0,6044,7.0,10,7.3
2025-08-18T13:08:54.111574,0,6044,7.0,10,8.2
2025-08-18T13:08:54.611814,3,6047,2.0,10,10.6
2025-08-18T13:08:55.112058,0,6047,3.0,10,8.1
2025-08-18T13:08:55.612301,10,6057,1.1,10,8.6
2025-08-18T13:08:56.112598,0,6057,1.0,10,8.0
2025-08-18T13:08:56.612810,0,6057,1.0,10,8.7
2025-08-18T13:08:57.113040,0,6057,1.0,10,8.3
2025-08-18T13:08:57.613289,6,6063,2.6666666666666665,10,9.2
2025-08-18T13:08:58.113551,0,6063,5.0,10,12.4
2025-08-18T13:08:58.613851,0,6063,5.0,10,8.3
2025-08-18T13:08:59.114097,0,6063,5.0,10,8.2
2025-08-18T13:08:59.614339,0,6063,5.0,10,11.7
2025-08-18T13:09:00.114678,10,6073,1.6,10,16.0
2025-08-18T13:09:00.614927,0,6073,3.0,10,15.1
2025-08-18T13:09:01.115221,0,6073,3.0,10,14.2
2025-08-18T13:09:01.615554,0,6073,3.0,10,10.0
2025-08-18T13:09:02.115745,2,6075,1.0,10,10.8
2025-08-18T13:09:02.615977,0,6075,1.0,10,7.9
2025-08-18T13:09:03.116252,0,6075,1.0,10,9.1
2025-08-18T13:09:03.616512,0,6075,1.0,10,8.6
2025-08-18T13:09:04.116746,10,6085,3.8,10,9.3
2025-08-18T13:09:04.616982,0,6085,1.0,10,8.2
2025-08-18T13:09:05.117297,0,6085,1.0,10,8.4
2025-08-18T13:09:05.617597,0,6085,1.0,10,8.5
2025-08-18T13:09:06.117889,0,6085,1.0,10,10.4
2025-08-18T13:09:06.618137,0,6085,1.0,10,8.4
2025-08-18T13:09:07.118417,0,6085,1.0,10,8.4
2025-08-18T13:09:07.618722,5,6090,2.2,10,9.8
2025-08-18T13:09:08.118993,0,6090,4.0,10,7.8
2025-08-18T13:09:08.619306,10,6100,1.8,10,9.1
2025-08-18T13:09:09.119638,0,6100,2.0,10,8.4
2025-08-18T13:09:09.619872,3,6103,1.3333333333333333,10,10.1
2025-08-18T13:09:10.120110,10,6113,1.8,10,11.1
2025-08-18T13:09:10.620400,0,6113,4.0,10,8.2
2025-08-18T13:09:11.120680,0,6113,4.0,10,8.0
2025-08-18T13:09:11.620914,0,6113,4.0,10,7.6
2025-08-18T13:09:12.121182,3,6116,2.0,10,10.9
2025-08-18T13:09:12.621430,10,6126,5.5,10,8.2
2025-08-18T13:09:13.121696,0,6126,10.0,10,9.2
2025-08-18T13:09:13.621994,0,6126,10.0,10,8.9
2025-08-18T13:09:14.122300,0,6126,10.0,10,7.9
2025-08-18T13:09:14.622616,0,6126,10.0,10,10.2
2025-08-18T13:09:15.122912,0,6126,10.0,10,8.2
2025-08-18T13:09:15.623145,0,6126,10.0,10,7.8
2025-08-18T13:09:16.123391,6,6132,2.0,10,12.1
2025-08-18T13:09:16.623639,0,6132,1.0,10,8.8
2025-08-18T13:09:17.123878,10,6142,1.0,10,8.3
2025-08-18T13:09:17.624096,0,6142,1.0,10,7.5
2025-08-18T13:09:18.124366,1,6143,1.0,10,8.4
2025-08-18T13:09:18.624653,10,6153,1.1,10,9.6
2025-08-18T13:09:19.124924,0,6153,1.0,10,10.0
2025-08-18T13:09:19.625227,0,6153,1.0,10,8.9
2025-08-18T13:09:20.125557,0,6153,1.0,10,9.9
2025-08-18T13:09:20.625809,0,6153,1.0,10,8.1
2025-08-18T13:09:21.126123,6,6159,1.0,10,8.7
2025-08-18T13:09:21.626382,0,6159,1.0,10,10.5
2025-08-18T13:09:22.126631,10,6169,2.2,10,8.7
2025-08-18T13:09:22.626926,0,6169,1.0,10,7.4
2025-08-18T13:09:23.127188,0,6169,1.0,10,9.0
2025-08-18T13:09:23.627472,0,6169,1.0,10,8.5
2025-08-18T13:09:24.127716,0,6169,1.0,10,7.7
2025-08-18T13:09:24.627975,8,6177,1.125,10,10.2
2025-08-18T13:09:25.128221,10,6187,1.1,10,7.6
2025-08-18T13:09:25.628458,0,6187,2.0,10,7.3
2025-08-18T13:09:26.128665,0,6187,2.0,10,7.3
2025-08-18T13:09:26.628910,0,6187,2.0,10,7.2
2025-08-18T13:09:27.129166,0,6187,2.0,10,7.2
2025-08-18T13:09:27.629417,0,6187,2.0,10,7.1
2025-08-18T13:09:28.129650,0,6187,2.0,10,7.6
2025-08-18T13:09:28.629879,16,6203,1.375,10,9.1
2025-08-18T13:09:29.130105,0,6203,1.0,10,7.3
2025-08-18T13:09:29.630404,0,6203,1.0,10,7.7
2025-08-18T13:09:30.130655,0,6203,1.0,10,7.2
2025-08-18T13:09:30.630903,0,6203,1.0,10,7.5
2025-08-18T13:09:31.131129,0,6203,1.0,10,8.0
2025-08-18T13:09:31.631425,0,6203,1.0,10,7.5
2025-08-18T13:09:32.131660,0,6203,1.0,10,10.3
2025-08-18T13:09:32.631904,0,6203,1.0,10,14.7
2025-08-18T13:09:33.132145,0,6203,1.0,10,15.4
2025-08-18T13:09:33.632389,8,6211,1.5,10,16.1
2025-08-18T13:09:34.132606,10,6221,2.1,10,11.7
2025-08-18T13:09:34.632924,0,6221,1.0,10,7.9
2025-08-18T13:09:35.133153,0,6221,1.0,10,8.1
2025-08-18T13:09:35.633449,0,6221,1.0,10,7.3
2025-08-18T13:09:36.133657,0,6221,1.0,10,8.7
2025-08-18T13:09:36.633884,0,6221,1.0,10,8.7
2025-08-18T13:09:37.134100,7,6228,1.8571428571428572,10,8.7
2025-08-18T13:09:37.634377,0,6228,1.0,10,9.4
2025-08-18T13:09:38.134647,0,6228,1.0,10,8.8
2025-08-18T13:09:38.634895,10,6238,2.0,10,8.0
2025-08-18T13:09:39.135138,0,6238,1.0,10,7.3
2025-08-18T13:09:39.635407,0,6238,1.0,10,7.2
2025-08-18T13:09:40.135655,0,6238,1.0,10,9.1
2025-08-18T13:09:40.635933,0,6238,1.0,10,7.3
2025-08-18T13:09:41.136173,5,6243,1.2,10,8.3
2025-08-18T13:09:41.636450,0,6243,1.0,10,10.0
2025-08-18T13:09:42.136663,10,6253,3.8,10,8.0
2025-08-18T13:09:42.636886,0,6253,8.0,10,7.2
2025-08-18T13:09:43.137127,0,6253,8.0,10,7.1
2025-08-18T13:09:43.637418,0,6253,8.0,10,7.2
2025-08-18T13:09:44.137653,0,6253,8.0,10,7.5
2025-08-18T13:09:44.637852,0,6253,8.0,10,7.3
2025-08-18T13:09:45.138123,0,6253,8.0,10,7.1
2025-08-18T13:09:45.638360,5,6258,3.0,10,8.3
2025-08-18T13:09:46.138647,10,6268,2.2,10,7.6
2025-08-18T13:09:46.638895,0,6268,2.0,10,7.5
2025-08-18T13:09:47.139137,0,6268,2.0,10,7.1
2025-08-18T13:09:47.639412,0,6268,2.0,10,7.3
2025-08-18T13:09:48.139678,0,6268,2.0,10,7.5
2025-08-18T13:09:48.639970,0,6268,2.0,10,7.3
2025-08-18T13:09:49.140275,0,6268,2.0,10,7.4
2025-08-18T13:09:49.649249,20,6288,1.1333333333333333,10,8.9
2025-08-18T13:09:50.150120,0,6288,1.2,10,7.7
2025-08-18T13:09:50.650406,0,6288,1.0,10,7.1
2025-08-18T13:09:51.150678,0,6288,1.0,10,7.3
2025-08-18T13:09:51.650958,0,6288,1.0,10,7.1
2025-08-18T13:09:52.151265,0,6288,1.0,10,7.4
2025-08-18T13:09:52.651556,0,6288,1.0,10,7.3
2025-08-18T13:09:53.151786,0,6288,1.0,10,7.3
2025-08-18T13:09:53.652026,8,6296,1.25,10,8.6
2025-08-18T13:09:54.152261,10,6306,1.7,10,8.1
2025-08-18T13:09:54.652490,0,6306,1.0,10,7.3
2025-08-18T13:09:55.152737,0,6306,1.0,10,7.4
2025-08-18T13:09:55.652967,0,6306,1.0,10,7.2
2025-08-18T13:09:56.153189,0,6306,1.0,10,7.2
2025-08-18T13:09:56.653413,0,6306,1.0,10,7.1
2025-08-18T13:09:57.153682,0,6306,1.0,10,7.2
2025-08-18T13:09:57.653902,0,6306,1.0,10,7.1
2025-08-18T13:09:58.154135,9,6315,1.7777777777777777,10,8.8
2025-08-18T13:09:58.654364,10,6325,4.6,10,8.2
2025-08-18T13:09:59.154707,0,6325,9.0,10,7.6
2025-08-18T13:09:59.654991,0,6325,9.0,10,8.7
2025-08-18T13:10:00.155328,0,6325,9.0,10,8.5
2025-08-18T13:10:00.655621,0,6325,9.0,10,7.3
2025-08-18T13:10:01.155868,0,6325,9.0,10,8.1
2025-08-18T13:10:01.656127,0,6325,9.0,10,7.4
2025-08-18T13:10:02.156437,8,6333,2.125,10,9.6
2025-08-18T13:10:02.656876,10,6343,1.1,10,9.5
2025-08-18T13:10:03.157109,0,6343,1.0,10,8.1
2025-08-18T13:10:03.657351,0,6343,1.0,10,9.0
2025-08-18T13:10:04.157586,0,6343,1.0,10,8.2
2025-08-18T13:10:04.657842,0,6343,1.0,10,7.9
2025-08-18T13:10:05.158091,0,6343,1.0,10,7.9
2025-08-18T13:10:05.658310,0,6343,1.0,10,7.1
2025-08-18T13:10:06.158594,7,6350,1.4285714285714286,10,11.8
2025-08-18T13:10:06.658820,10,6360,2.1,10,8.0
2025-08-18T13:10:07.159055,0,6360,1.0,10,7.2
2025-08-18T13:10:07.659314,0,6360,1.0,10,7.2
2025-08-18T13:10:08.159624,0,6360,1.0,10,8.5
2025-08-18T13:10:08.659859,0,6360,1.0,10,8.0
2025-08-18T13:10:09.160086,0,6360,1.0,10,7.5
2025-08-18T13:10:09.660318,9,6369,1.5555555555555556,10,8.7
2025-08-18T13:10:10.160597,10,6379,2.6,10,7.5
2025-08-18T13:10:10.660839,0,6379,2.0,10,7.4
2025-08-18T13:10:11.161062,0,6379,2.0,10,7.2
2025-08-18T13:10:11.661287,0,6379,2.0,10,7.8
2025-08-18T13:10:12.161520,0,6379,2.0,10,7.6
2025-08-18T13:10:12.661755,0,6379,2.0,10,7.8
2025-08-18T13:10:13.161993,0,6379,2.0,10,15.8
2025-08-18T13:10:13.662227,0,6379,2.0,10,15.3
2025-08-18T13:10:14.162476,0,6379,2.0,10,13.6
2025-08-18T13:10:14.662733,3,6382,1.0,10,13.9
2025-08-18T13:10:15.162979,10,6392,1.2,10,10.8
2025-08-18T13:10:15.663228,0,6392,1.0,10,8.9
2025-08-18T13:10:16.163478,0,6392,1.0,10,7.9
2025-08-18T13:10:16.663743,0,6392,1.0,10,9.8
2025-08-18T13:10:17.163986,0,6392,1.0,10,8.8
2025-08-18T13:10:17.664230,0,6392,1.0,10,8.6
2025-08-18T13:10:18.164548,0,6392,1.0,10,8.1
2025-08-18T13:10:18.664819,0,6392,1.0,10,8.4
2025-08-18T13:10:19.165066,0,6392,1.0,10,9.2
2025-08-18T13:10:19.665327,0,6392,1.0,10,8.3
2025-08-18T13:10:20.165570,0,6392,1.0,10,9.8
2025-08-18T13:10:20.665838,8,6400,1.25,10,12.0
2025-08-18T13:10:21.166083,10,6410,3.1,10,9.7
2025-08-18T13:10:21.666323,0,6410,7.0,10,8.1
2025-08-18T13:10:22.166574,0,6410,7.0,10,7.7
2025-08-18T13:10:22.666806,0,6410,7.0,10,7.6
2025-08-18T13:10:23.167083,0,6410,7.0,10,9.0
2025-08-18T13:10:23.667331,16,6426,3.5,10,11.3
2025-08-18T13:10:24.167563,0,6426,9.0,10,7.8
2025-08-18T13:10:24.667789,0,6426,9.0,10,7.6
2025-08-18T13:10:25.168013,14,6440,2.2857142857142856,10,8.3
2025-08-18T13:10:25.668242,20,6460,1.85,10,9.9
2025-08-18T13:10:26.168477,0,6460,1.0,10,7.6
2025-08-18T13:10:26.668717,5,6465,1.6,10,7.4
2025-08-18T13:10:27.168959,10,6475,1.0,10,9.7
2025-08-18T13:10:27.669193,0,6475,1.0,10,9.0
2025-08-18T13:10:28.169427,0,6475,1.0,10,9.3
2025-08-18T13:10:28.669736,0,6475,1.0,10,9.3
2025-08-18T13:10:29.169984,8,6483,3.625,10,8.9
2025-08-18T13:10:29.670278,10,6493,1.3,10,10.2
2025-08-18T13:10:30.170538,0,6493,2.0,10,15.1
2025-08-18T13:10:30.670807,0,6493,2.0,10,14.6
2025-08-18T13:10:31.171076,0,6493,2.0,10,13.0
2025-08-18T13:10:31.671309,0,6493,2.0,10,10.3
2025-08-18T13:10:32.171555,0,6493,2.0,10,8.9
2025-08-18T13:10:32.671794,0,6493,2.0,10,5.9
2025-08-18T13:10:33.172036,21,6514,2.2857142857142856,10,9.6
2025-08-18T13:10:33.672285,10,6524,1.2,10,9.1
2025-08-18T13:10:34.172521,0,6524,2.0,10,5.8
2025-08-18T13:10:34.672750,0,6524,2.0,10,7.3
2025-08-18T13:10:35.172963,0,6524,2.0,10,7.3
2025-08-18T13:10:35.673195,16,6540,2.1875,10,9.5
2025-08-18T13:10:36.173394,30,6570,2.3333333333333335,10,9.4
2025-08-18T13:10:36.673629,29,6599,3.9655172413793105,10,5.5
2025-08-18T13:10:37.173856,40,6639,2.725,10,6.0
2025-08-18T13:10:37.674056,11,6650,3.5454545454545454,10,4.8
2025-08-18T13:10:38.174271,10,6660,1.0,10,3.8
2025-08-18T13:10:38.674495,12,6672,3.3333333333333335,10,5.9
2025-08-18T13:10:39.174699,7,6679,3.142857142857143,10,4.0
2025-08-18T13:10:39.674923,10,6689,4.6,10,6.2
2025-08-18T13:10:40.175144,20,6709,2.85,10,5.3
2025-08-18T13:10:40.675371,0,6709,7.0,10,5.0
2025-08-18T13:10:41.175614,20,6729,2.2,10,5.5
2025-08-18T13:10:41.675822,6,6735,2.6666666666666665,10,4.5
2025-08-18T13:10:42.176035,20,6755,2.0,10,5.1
2025-08-18T13:10:42.676275,31,6786,3.7419354838709675,10,10.0
2025-08-18T13:10:43.176517,0,6786,8.0,10,10.8
2025-08-18T13:10:43.676759,5,6791,2.2,10,12.1
2025-08-18T13:10:44.176994,10,6801,1.7,10,8.6
2025-08-18T13:10:44.677223,0,6801,1.0,10,4.4
2025-08-18T13:10:45.177454,0,6801,1.0,10,4.6
2025-08-18T13:10:45.677671,0,6801,1.0,10,3.8
2025-08-18T13:10:46.177886,20,6821,2.9,10,4.9
2025-08-18T13:10:46.678179,10,6831,2.6,10,3.6
2025-08-18T13:10:47.178417,0,6831,6.0,10,3.4
2025-08-18T13:10:47.678732,17,6848,3.764705882352941,10,4.8
2025-08-18T13:10:48.179064,35,6883,3.6857142857142855,10,8.1
2025-08-18T13:10:48.679404,0,6883,1.0,10,4.1
2025-08-18T13:10:49.179696,19,6902,1.4736842105263157,10,4.7
2025-08-18T13:10:49.679968,10,6912,1.7,10,3.6
2025-08-18T13:10:50.180185,0,6912,1.0,10,3.4
2025-08-18T13:10:50.680503,0,6912,1.0,10,3.4
2025-08-18T13:10:51.180743,7,6919,4.0,10,5.9
2025-08-18T13:10:51.681266,0,6919,7.0,10,2.5
2025-08-18T13:10:52.181873,0,6919,7.0,10,0.4
2025-08-18T13:10:52.682426,0,6919,7.0,10,0.9
2025-08-18T13:10:53.183078,0,6919,7.0,10,1.0
2025-08-18T13:10:53.683600,0,6919,7.0,10,0.8
2025-08-18T13:10:54.184152,0,6919,7.0,10,0.9
2025-08-18T13:10:54.685024,0,6919,7.0,10,0.3
2025-08-18T13:10:55.185817,0,6919,7.0,10,0.5
2025-08-18T13:10:55.686482,0,6919,7.0,10,0.3
2025-08-18T13:10:56.187080,0,6919,7.0,10,0.3
2025-08-18T13:10:56.687700,0,6919,7.0,10,0.2
2025-08-18T13:10:57.188239,0,6919,7.0,10,0.4
2025-08-18T13:10:57.688957,0,6919,7.0,10,0.3
2025-08-18T13:10:58.189632,0,6919,7.0,10,0.6
2025-08-18T13:10:58.690256,0,6919,7.0,10,0.3
2025-08-18T13:10:59.190905,0,6919,7.0,10,0.7
2025-08-18T13:10:59.691662,0,6919,7.0,10,0.3
2025-08-18T13:11:00.192469,0,6919,7.0,10,0.5
2025-08-18T13:11:00.693024,0,6919,7.0,10,0.2
2025-08-18T13:11:01.193547,0,6919,7.0,10,0.4
2025-08-18T13:11:01.694030,0,6919,7.0,10,0.4
2025-08-18T13:11:02.194573,0,6919,7.0,10,0.6
2025-08-18T13:11:02.695163,0,6919,7.0,10,0.3
2025-08-18T13:11:03.195756,0,6919,7.0,10,0.6
2025-08-18T13:11:03.696324,0,6919,7.0,10,0.7
2025-08-18T13:11:04.196959,0,6919,7.0,10,0.4
2025-08-18T13:11:04.697571,0,6919,7.0,10,0.8
2025-08-18T13:11:05.198121,0,6919,7.0,10,0.4
2025-08-18T13:11:05.698727,0,6919,7.0,10,0.5
2025-08-18T13:11:06.199432,0,6919,7.0,10,0.3
2025-08-18T13:11:06.700091,0,6919,7.0,10,0.5
2025-08-18T13:11:07.200704,0,6919,7.0,10,0.3
2025-08-18T13:11:07.701314,0,6919,7.0,10,0.3
2025-08-18T13:11:08.201923,0,6919,7.0,10,0.2
2025-08-18T13:11:08.702606,0,6919,7.0,10,0.3
2025-08-18T13:11:09.203371,0,6919,7.0,10,0.3
2025-08-18T13:11:09.704077,0,6919,7.0,10,0.3
2025-08-18T13:11:10.204858,0,6919,7.0,10,0.3
2025-08-18T13:11:10.705626,0,6919,7.0,10,0.3
2025-08-18T13:11:11.206339,0,6919,7.0,10,0.3
2025-08-18T13:11:11.707132,0,6919,7.0,10,0.4
2025-08-18T13:11:12.207986,0,6919,7.0,10,0.3
2025-08-18T13:11:12.708607,0,6919,7.0,10,0.3
2025-08-18T13:11:13.209159,0,6919,7.0,10,0.3
2025-08-18T13:11:13.709838,0,6919,7.0,10,0.3
2025-08-18T13:11:14.210472,0,6919,7.0,10,0.4
2025-08-18T13:11:14.711221,0,6919,7.0,10,0.3
2025-08-18T13:11:15.212011,0,6919,7.0,10,0.3
2025-08-18T13:11:15.712842,0,6919,7.0,10,0.3
2025-08-18T13:11:16.213591,0,6919,7.0,10,0.3
2025-08-18T13:11:16.714395,0,6919,7.0,10,0.3
2025-08-18T13:11:17.215061,0,6919,7.0,10,0.2
2025-08-18T13:11:17.715812,0,6919,7.0,10,0.3
2025-08-18T13:11:18.216401,0,6919,7.0,10,0.3
2025-08-18T13:11:18.716952,0,6919,7.0,10,0.2
2025-08-18T13:11:19.217599,0,6919,7.0,10,0.3
2025-08-18T13:11:19.718169,0,6919,7.0,10,0.3
2025-08-18T13:11:20.218967,0,6919,7.0,10,0.3
2025-08-18T13:11:20.719783,0,6919,7.0,10,0.1
2025-08-18T13:11:21.220439,0,6919,7.0,10,0.3
2025-08-18T13:11:21.721014,0,6919,7.0,10,0.6
2025-08-18T13:11:22.221744,0,6919,7.0,10,0.2
2025-08-18T13:11:22.722280,0,6919,7.0,10,0.2
2025-08-18T13:11:23.222869,0,6919,7.0,10,0.9
2025-08-18T13:11:23.723388,0,6919,7.0,10,0.3
2025-08-18T13:11:24.223955,0,6919,7.0,10,0.3
2025-08-18T13:11:24.724492,0,6919,7.0,10,0.2
2025-08-18T13:11:25.225073,0,6919,7.0,10,2.3
2025-08-18T13:11:25.725900,0,6919,7.0,10,0.3
2025-08-18T13:11:26.226569,0,6919,7.0,10,0.2
2025-08-18T13:11:26.727149,0,6919,7.0,10,0.3
2025-08-18T13:11:27.227741,0,6919,7.0,10,0.3
2025-08-18T13:11:27.728305,0,6919,7.0,10,0.1
2025-08-18T13:11:28.228891,0,6919,7.0,10,0.3
2025-08-18T13:11:28.729589,0,6919,7.0,10,0.3
2025-08-18T13:11:29.230163,0,6919,7.0,10,0.3
2025-08-18T13:11:29.730807,0,6919,7.0,10,0.2
2025-08-18T13:11:30.231469,0,6919,7.0,10,0.3
2025-08-18T13:11:30.732139,0,6919,7.0,10,0.3
2025-08-18T13:11:31.232815,0,6919,7.0,10,0.3
2025-08-18T13:11:31.733403,0,6919,7.0,10,0.4
2025-08-18T13:11:32.233895,0,6919,7.0,10,0.4
2025-08-18T13:11:32.734472,0,6919,7.0,10,0.3
2025-08-18T13:11:33.235002,0,6919,7.0,10,0.5
2025-08-18T13:11:33.735611,0,6919,7.0,10,0.3
2025-08-18T13:11:34.236160,0,6919,7.0,10,0.3
2025-08-18T13:11:34.736830,0,6919,7.0,10,0.5
2025-08-18T13:11:35.237647,0,6919,7.0,10,0.2
2025-08-18T13:11:35.738298,0,6919,7.0,10,0.3
2025-08-18T13:11:36.238948,0,6919,7.0,10,0.3
2025-08-18T13:11:36.739553,0,6919,7.0,10,0.6
2025-08-18T13:11:37.240098,0,6919,7.0,10,0.3
2025-08-18T13:11:37.740657,0,6919,7.0,10,0.2
2025-08-18T13:11:38.241271,0,6919,7.0,10,0.3
2025-08-18T13:11:38.741985,0,6919,7.0,10,0.2
2025-08-18T13:11:39.242845,0,6919,7.0,10,0.3
2025-08-18T13:11:39.743551,0,6919,7.0,10,0.3
2025-08-18T13:11:40.244339,0,6919,7.0,10,0.3
2025-08-18T13:11:40.744913,0,6919,7.0,10,0.3
2025-08-18T13:11:41.245469,0,6919,7.0,10,0.3
2025-08-18T13:11:41.746025,0,6919,7.0,10,0.6
2025-08-18T13:11:42.246548,0,6919,7.0,10,0.2
2025-08-18T13:11:42.747171,0,6919,7.0,10,0.3
2025-08-18T13:11:43.247745,0,6919,7.0,10,0.2
2025-08-18T13:11:43.748227,0,6919,7.0,10,0.3
2025-08-18T13:11:44.248788,0,6919,7.0,10,0.2
2025-08-18T13:11:44.749338,0,6919,7.0,10,0.3
2025-08-18T13:11:45.249848,0,6919,7.0,10,0.3
2025-08-18T13:11:45.750315,0,6919,7.0,10,0.3
2025-08-18T13:11:46.250992,0,6919,7.0,10,0.3
2025-08-18T13:11:46.751812,0,6919,7.0,10,0.5
2025-08-18T13:11:47.252600,0,6919,7.0,10,0.3
2025-08-18T13:11:47.753280,0,6919,7.0,10,0.3
2025-08-18T13:11:48.253933,0,6919,7.0,10,0.3
2025-08-18T13:11:48.754475,0,6919,7.0,10,0.2
2025-08-18T13:11:49.255061,0,6919,7.0,10,0.4
2025-08-18T13:11:49.755680,0,6919,7.0,10,0.3
2025-08-18T13:11:50.256226,0,6919,7.0,10,0.4
2025-08-18T13:11:50.756881,0,6919,7.0,10,0.1
2025-08-18T13:11:51.257381,0,6919,7.0,10,0.3
2025-08-18T13:11:51.757959,0,6919,7.0,10,0.4
2025-08-18T13:11:52.258603,0,6919,7.0,10,0.4
2025-08-18T13:11:52.759181,0,6919,7.0,10,0.2
2025-08-18T13:11:53.259808,0,6919,7.0,10,0.3
2025-08-18T13:11:53.760393,0,6919,7.0,10,0.3
2025-08-18T13:11:54.260960,0,6919,7.0,10,0.2
2025-08-18T13:11:54.761582,0,6919,7.0,10,0.2
2025-08-18T13:11:55.262151,0,6919,7.0,10,0.2
2025-08-18T13:11:55.762886,0,6919,7.0,10,0.1
2025-08-18T13:11:56.263457,0,6919,7.0,10,0.4
2025-08-18T13:11:56.764031,0,6919,7.0,10,0.2
2025-08-18T13:11:57.264626,0,6919,7.0,10,0.3
2025-08-18T13:11:57.765116,0,6919,7.0,10,0.1
2025-08-18T13:11:58.265604,0,6919,7.0,10,0.3
2025-08-18T13:11:58.766164,0,6919,7.0,10,0.1
2025-08-18T13:11:59.266965,0,6919,7.0,10,0.3
2025-08-18T13:11:59.767751,0,6919,7.0,10,0.3
2025-08-18T13:12:00.268352,0,6919,7.0,10,0.4
2025-08-18T13:12:00.768980,0,6919,7.0,10,0.3
2025-08-18T13:12:01.269569,0,6919,7.0,10,0.3
2025-08-18T13:12:01.770262,0,6919,7.0,10,0.4
2025-08-18T13:12:02.270888,0,6919,7.0,10,0.3
2025-08-18T13:12:02.771722,0,6919,7.0,10,0.6
2025-08-18T13:12:03.272232,0,6919,7.0,10,0.2
2025-08-18T13:12:03.772774,0,6919,7.0,10,0.9
2025-08-18T13:12:04.273264,0,6919,7.0,10,0.3
2025-08-18T13:12:04.773878,0,6919,7.0,10,1.0
2025-08-18T13:12:05.274402,0,6919,7.0,10,0.4
2025-08-18T13:12:05.774866,0,6919,7.0,10,0.3
2025-08-18T13:12:06.275416,0,6919,7.0,10,0.8
2025-08-18T13:12:06.775919,0,6919,7.0,10,0.4
2025-08-18T13:12:07.276385,0,6919,7.0,10,0.3
2025-08-18T13:12:07.776848,0,6919,7.0,10,0.2
2025-08-18T13:12:08.277317,0,6919,7.0,10,0.3
2025-08-18T13:12:08.777810,0,6919,7.0,10,0.3
2025-08-18T13:12:09.278275,0,6919,7.0,10,0.3
2025-08-18T13:12:09.778842,0,6919,7.0,10,0.3
2025-08-18T13:12:10.279324,0,6919,7.0,10,0.1
2025-08-18T13:12:10.779919,0,6919,7.0,10,0.3
2025-08-18T13:12:11.280400,0,6919,7.0,10,0.2
2025-08-18T13:12:11.780952,0,6919,7.0,10,0.4
2025-08-18T13:12:12.281497,0,6919,7.0,10,0.3
2025-08-18T13:12:12.781994,0,6919,7.0,10,0.2
2025-08-18T13:12:13.282447,0,6919,7.0,10,0.3
2025-08-18T13:12:13.782985,0,6919,7.0,10,0.3
2025-08-18T13:12:14.283466,0,6919,7.0,10,0.3
2025-08-18T13:12:14.784024,0,6919,7.0,10,0.4
2025-08-18T13:12:15.284545,0,6919,7.0,10,0.2
2025-08-18T13:12:15.784998,0,6919,7.0,10,0.3
2025-08-18T13:12:16.285584,0,6919,7.0,10,0.1
2025-08-18T13:12:16.786147,0,6919,7.0,10,0.6
2025-08-18T13:12:17.286865,0,6919,7.0,10,0.2
2025-08-18T13:12:17.787466,0,6919,7.0,10,0.3
2025-08-18T13:12:18.288181,0,6919,7.0,10,0.3
2025-08-18T13:12:18.788749,0,6919,7.0,10,0.3
2025-08-18T13:12:19.289309,0,6919,7.0,10,0.3
2025-08-18T13:12:19.789939,0,6919,7.0,10,0.3
2025-08-18T13:12:20.290575,0,6919,7.0,10,0.2
2025-08-18T13:12:20.791111,0,6919,7.0,10,0.3
2025-08-18T13:12:21.291672,0,6919,7.0,10,0.2
2025-08-18T13:12:21.792188,0,6919,7.0,10,0.3
2025-08-18T13:12:22.292959,0,6919,7.0,10,0.2
2025-08-18T13:12:22.793520,0,6919,7.0,10,0.8
2025-08-18T13:12:23.294148,0,6919,7.0,10,3.5
2025-08-18T13:12:23.794451,0,6919,7.0,10,3.7
2025-08-18T13:12:24.294671,0,6919,7.0,10,7.6
2025-08-18T13:12:24.794909,0,6919,7.0,10,7.5
2025-08-18T13:12:25.295224,0,6919,7.0,10,7.0
2025-08-18T13:12:25.796187,0,6919,7.0,10,4.2
2025-08-18T13:12:26.297098,0,6919,7.0,10,0.3
2025-08-18T13:12:26.798109,0,6919,7.0,10,2.8
2025-08-18T13:12:27.299017,0,6919,7.0,10,2.4
2025-08-18T13:12:27.799989,0,6919,7.0,10,4.3
2025-08-18T13:12:28.300933,0,6919,7.0,10,4.0
2025-08-18T13:12:28.801873,0,6919,7.0,10,2.4
2025-08-18T13:12:29.302831,0,6919,7.0,10,0.9
2025-08-18T13:12:29.803419,0,6919,7.0,10,1.9
2025-08-18T13:12:30.304248,0,6919,7.0,10,0.7
2025-08-18T13:12:30.804786,0,6919,7.0,10,0.6
2025-08-18T13:12:31.305303,0,6919,7.0,10,3.0
2025-08-18T13:12:31.805991,0,6919,7.0,10,2.9
2025-08-18T13:12:32.306563,0,6919,7.0,10,1.4
2025-08-18T13:12:32.807143,0,6919,7.0,10,3.8
2025-08-18T13:12:33.307736,0,6919,7.0,10,2.9
2025-08-18T13:12:33.808291,0,6919,7.0,10,4.1
2025-08-18T13:12:34.308842,0,6919,7.0,10,2.9
2025-08-18T13:12:34.809412,0,6919,7.0,10,3.3
2025-08-18T13:12:35.309897,0,6919,7.0,10,0.8
