timestamp,interval_count,total_count,queue_size,max_queue_size,cpu_percent
2025-09-12T12:43:00.233838,117,117,1.0,1,18.9
2025-09-12T12:43:00.736183,71,188,1.0,1,49.2
2025-09-12T12:43:01.238926,74,262,1.0,1,35.0
2025-09-12T12:43:01.741625,37,299,1.0,1,28.2
2025-09-12T12:43:02.244821,79,378,1.0,1,43.3
2025-09-12T12:43:02.749048,57,435,1.0,1,30.6
2025-09-12T12:43:03.254133,26,461,1.0,1,27.3
2025-09-12T12:43:03.755381,72,533,1.0,1,38.1
2025-09-12T12:43:04.255962,60,593,1.0,1,26.6
2025-09-12T12:43:04.758810,28,621,1.0,1,32.5
2025-09-12T12:43:05.260093,53,674,1.0,1,30.6
2025-09-12T12:43:05.760851,43,717,1.0,1,35.5
2025-09-12T12:43:06.265919,44,761,1.0,1,22.8
2025-09-12T12:43:06.766115,19,780,1.0,1,28.0
2025-09-12T12:43:07.268554,5,785,1.0,1,16.2
2025-09-12T12:43:07.770742,4,789,1.0,1,16.7
2025-09-12T12:43:08.273208,1,790,1.0,1,14.6
2025-09-12T12:43:08.778330,25,815,1.0,1,21.1
2025-09-12T12:43:09.278968,54,869,1.0,1,46.7
2025-09-12T12:43:09.784050,53,922,1.0,1,43.0
2025-09-12T12:43:10.289142,1,923,1.0,1,30.4
2025-09-12T12:43:10.789889,0,923,1.0,1,24.1
2025-09-12T12:43:11.292509,51,974,1.0,1,31.4
2025-09-12T12:43:11.794589,70,1044,1.0,1,33.3
2025-09-12T12:43:12.299660,86,1130,1.0,1,32.0
2025-09-12T12:43:12.801254,0,1130,1.0,1,16.8
2025-09-12T12:43:13.306344,0,1130,1.0,1,16.2
2025-09-12T12:43:13.811425,0,1130,1.0,1,18.8
2025-09-12T12:43:14.316524,0,1130,1.0,1,15.7
2025-09-12T12:43:14.818211,0,1130,1.0,1,15.9
2025-09-12T12:43:15.322764,0,1130,1.0,1,16.7
2025-09-12T12:43:15.824874,5,1135,1.0,1,22.7
2025-09-12T12:43:16.502232,11,1146,1.0,1,32.9
2025-09-12T12:43:17.007515,28,1174,1.0,1,47.6
2025-09-12T12:43:17.507837,174,1348,1.0,1,39.1
2025-09-12T12:43:18.008007,40,1388,1.0,1,44.7
2025-09-12T12:43:18.508559,79,1467,1.0,1,38.0
2025-09-12T12:43:19.013650,0,1467,1.0,1,27.4
2025-09-12T12:43:19.518731,0,1467,1.0,1,17.2
2025-09-12T12:43:20.020461,0,1467,1.0,1,14.0
2025-09-12T12:43:20.523278,1,1468,1.0,1,17.5
2025-09-12T12:43:21.028370,0,1468,1.0,1,18.4
2025-09-12T12:43:21.533268,47,1515,1.0,1,42.2
2025-09-12T12:43:22.033991,35,1550,1.0,1,28.0
2025-09-12T12:43:22.539057,1,1551,1.0,1,17.9
2025-09-12T12:43:23.039920,1,1552,1.0,1,18.2
2025-09-12T12:43:23.545002,0,1552,1.0,1,13.5
2025-09-12T12:43:24.050083,0,1552,1.0,1,16.0
2025-09-12T12:43:24.555177,0,1552,1.0,1,14.9
2025-09-12T12:43:25.060253,1,1553,1.0,1,16.1
2025-09-12T12:43:25.565338,0,1553,1.0,1,15.1
2025-09-12T12:43:26.070412,0,1553,1.0,1,13.4
2025-09-12T12:43:26.575480,0,1553,1.0,1,15.1
2025-09-12T12:43:27.076338,0,1553,1.0,1,17.4
2025-09-12T12:43:27.581441,0,1553,1.0,1,14.6
2025-09-12T12:43:28.086525,0,1553,1.0,1,16.9
2025-09-12T12:43:28.588178,0,1553,1.0,1,14.4
2025-09-12T12:43:29.093252,0,1553,1.0,1,14.8
2025-09-12T12:43:29.598357,0,1553,1.0,1,16.0
2025-09-12T12:43:30.103455,0,1553,1.0,1,15.7
2025-09-12T12:43:30.606641,0,1553,1.0,1,15.4
2025-09-12T12:43:31.108467,0,1553,1.0,1,18.7
2025-09-12T12:43:31.608805,4,1557,1.0,1,38.6
2025-09-12T12:43:32.113869,5,1562,1.0,1,31.5
2025-09-12T12:43:32.619033,1,1563,1.0,1,16.6
2025-09-12T12:43:33.123316,0,1563,1.0,1,15.4
2025-09-12T12:43:33.628414,0,1563,1.0,1,14.4
2025-09-12T12:43:34.128542,15,1578,1.0,1,17.4
2025-09-12T12:43:34.633614,1,1579,1.0,1,14.9
2025-09-12T12:43:35.138698,25,1604,1.0,1,30.0
2025-09-12T12:43:35.639990,1,1605,1.0,1,18.0
2025-09-12T12:43:36.145067,0,1605,1.0,1,16.1
2025-09-12T12:43:36.646332,0,1605,1.0,1,15.5
2025-09-12T12:43:37.151420,0,1605,1.0,1,15.1
2025-09-12T12:43:37.656588,0,1605,1.0,1,19.5
2025-09-12T12:43:38.161723,0,1605,1.0,1,17.8
2025-09-12T12:43:38.665293,0,1605,1.0,1,14.3
2025-09-12T12:43:39.170433,0,1605,1.0,1,23.3
2025-09-12T12:43:39.675542,0,1605,1.0,1,17.9
2025-09-12T12:43:40.180629,0,1605,1.0,1,14.3
2025-09-12T12:43:40.685725,0,1605,1.0,1,15.6
2025-09-12T12:43:41.190807,0,1605,1.0,1,14.1
2025-09-12T12:43:41.695888,0,1605,1.0,1,14.9
2025-09-12T12:43:42.200970,0,1605,1.0,1,13.6
2025-09-12T12:43:42.706049,0,1605,1.0,1,15.1
2025-09-12T12:43:43.208969,0,1605,1.0,1,15.7
2025-09-12T12:43:43.714313,0,1605,1.0,1,14.9
2025-09-12T12:43:44.219410,0,1605,1.0,1,23.6
2025-09-12T12:43:44.724494,0,1605,1.0,1,17.2
2025-09-12T12:43:45.224754,0,1605,1.0,1,17.0
2025-09-12T12:43:45.729202,2,1607,1.0,1,20.6
2025-09-12T12:43:46.234266,5,1612,1.0,1,23.3
2025-09-12T12:43:46.739343,1,1613,1.0,1,19.6
2025-09-12T12:43:47.244416,0,1613,1.0,1,13.4
2025-09-12T12:43:47.760919,0,1613,1.0,1,30.4
2025-09-12T12:43:48.265548,0,1613,1.0,1,22.9
2025-09-12T12:43:48.770670,0,1613,1.0,1,17.4
2025-09-12T12:43:49.271189,0,1613,1.0,1,16.2
2025-09-12T12:43:49.773801,0,1613,1.0,1,18.0
2025-09-12T12:43:50.274613,0,1613,1.0,1,17.8
2025-09-12T12:43:50.775963,0,1613,1.0,1,14.1
2025-09-12T12:43:51.281081,0,1613,1.0,1,18.4
2025-09-12T12:43:51.786201,0,1613,1.0,1,15.8
2025-09-12T12:43:52.291302,0,1613,1.0,1,15.3
2025-09-12T12:43:52.796385,0,1613,1.0,1,14.0
2025-09-12T12:43:53.301456,4,1617,1.0,1,30.2
2025-09-12T12:43:53.806535,1,1618,1.0,1,17.8
2025-09-12T12:43:54.306753,0,1618,1.0,1,15.3
2025-09-12T12:43:54.811844,0,1618,1.0,1,16.4
2025-09-12T12:43:55.316922,0,1618,1.0,1,14.5
2025-09-12T12:43:55.822002,0,1618,1.0,1,14.1
2025-09-12T12:43:56.322193,0,1618,1.0,1,15.0
2025-09-12T12:43:56.823394,0,1618,1.0,1,19.4
2025-09-12T12:43:57.328782,0,1618,1.0,1,31.0
2025-09-12T12:43:57.833878,1,1619,1.0,1,18.0
2025-09-12T12:43:58.338950,0,1619,1.0,1,13.9
2025-09-12T12:43:58.844055,1,1620,1.0,1,18.4
2025-09-12T12:43:59.349150,1,1621,1.0,1,14.0
2025-09-12T12:43:59.854223,1,1622,1.0,1,17.8
2025-09-12T12:44:00.359303,0,1622,1.0,1,18.3
2025-09-12T12:44:00.864376,1,1623,1.0,1,14.6
2025-09-12T12:44:01.367004,2,1625,1.0,1,14.0
2025-09-12T12:44:01.871922,1,1626,1.0,1,15.6
2025-09-12T12:44:02.374138,0,1626,1.0,1,16.2
2025-09-12T12:44:02.875233,0,1626,1.0,1,24.4
2025-09-12T12:44:03.380355,2,1628,1.0,1,39.7
2025-09-12T12:44:03.885435,0,1628,1.0,1,20.9
2025-09-12T12:44:04.390530,1,1629,1.0,1,14.8
2025-09-12T12:44:04.895612,0,1629,1.0,1,23.4
2025-09-12T12:44:05.400701,1,1630,1.0,1,17.5
2025-09-12T12:44:05.905773,0,1630,1.0,1,16.4
2025-09-12T12:44:06.410857,0,1630,1.0,1,15.1
2025-09-12T12:44:06.912186,2,1632,1.0,1,25.8
2025-09-12T12:44:07.417283,0,1632,1.0,1,19.4
2025-09-12T12:44:07.922372,1,1633,1.0,1,15.8
2025-09-12T12:44:08.427453,0,1633,1.0,1,14.6
2025-09-12T12:44:08.932782,0,1633,1.0,1,20.5
2025-09-12T12:44:09.437860,0,1633,1.0,1,13.4
2025-09-12T12:44:09.940150,0,1633,1.0,1,19.7
2025-09-12T12:44:10.445243,0,1633,1.0,1,15.3
2025-09-12T12:44:10.950319,0,1633,1.0,1,14.4
2025-09-12T12:44:11.452539,0,1633,1.0,1,15.6
2025-09-12T12:44:11.957612,0,1633,1.0,1,13.9
2025-09-12T12:44:12.462690,0,1633,1.0,1,13.6
2025-09-12T12:44:12.964997,0,1633,1.0,1,15.9
2025-09-12T12:44:13.470096,0,1633,1.0,1,15.0
2025-09-12T12:44:13.975163,0,1633,1.0,1,13.6
2025-09-12T12:44:14.480231,0,1633,1.0,1,14.3
2025-09-12T12:44:14.985313,0,1633,1.0,1,15.2
2025-09-12T12:44:15.490641,0,1633,1.0,1,14.6
2025-09-12T12:44:15.995713,0,1633,1.0,1,13.8
2025-09-12T12:44:16.500526,0,1633,1.0,1,15.3
2025-09-12T12:44:17.005616,0,1633,1.0,1,17.1
2025-09-12T12:44:17.509562,0,1633,1.0,1,17.2
2025-09-12T12:44:18.015504,0,1633,1.0,1,16.2
2025-09-12T12:44:18.520570,0,1633,1.0,1,13.5
2025-09-12T12:44:19.025649,0,1633,1.0,1,17.3
2025-09-12T12:44:19.530726,0,1633,1.0,1,18.1
2025-09-12T12:44:20.035830,0,1633,1.0,1,20.9
2025-09-12T12:44:20.540223,0,1633,1.0,1,14.9
2025-09-12T12:44:21.045305,0,1633,1.0,1,20.1
2025-09-12T12:44:21.551059,0,1633,1.0,1,17.0
2025-09-12T12:44:22.052385,0,1633,1.0,1,16.7
2025-09-12T12:44:22.556868,0,1633,1.0,1,19.3
2025-09-12T12:44:23.061964,0,1633,1.0,1,14.5
2025-09-12T12:44:23.567054,0,1633,1.0,1,17.6
2025-09-12T12:44:24.072132,0,1633,1.0,1,13.3
2025-09-12T12:44:24.577210,0,1633,1.0,1,17.1
2025-09-12T12:44:25.082283,0,1633,1.0,1,15.1
2025-09-12T12:44:25.587369,0,1633,1.0,1,20.0
2025-09-12T12:44:26.092450,0,1633,1.0,1,14.2
2025-09-12T12:44:26.597664,0,1633,1.0,1,27.9
2025-09-12T12:44:27.098828,1,1634,1.0,1,31.3
2025-09-12T12:44:27.599129,2,1636,1.0,1,34.9
2025-09-12T12:44:28.185124,2,1638,1.0,1,34.0
2025-09-12T12:44:28.692200,21,1659,1.0,1,41.2
2025-09-12T12:44:29.193881,1,1660,1.0,1,30.5
2025-09-12T12:44:29.694859,2,1662,1.0,1,38.2
2025-09-12T12:44:30.199932,12,1674,1.0,1,35.8
2025-09-12T12:44:30.705021,7,1681,1.0,1,45.1
2025-09-12T12:44:31.209900,22,1703,1.0,1,34.1
2025-09-12T12:44:31.714992,0,1703,1.0,1,14.1
2025-09-12T12:44:32.220082,0,1703,1.0,1,13.9
2025-09-12T12:44:32.725168,0,1703,1.0,1,15.6
2025-09-12T12:44:33.230804,0,1703,1.0,1,14.5
2025-09-12T12:44:33.735892,0,1703,1.0,1,15.7
2025-09-12T12:44:34.240960,0,1703,1.0,1,15.0
2025-09-12T12:44:34.746032,0,1703,1.0,1,13.5
2025-09-12T12:44:35.251103,0,1703,1.0,1,15.9
2025-09-12T12:44:35.756207,0,1703,1.0,1,16.6
2025-09-12T12:44:36.259205,0,1703,1.0,1,13.7
2025-09-12T12:44:36.764304,0,1703,1.0,1,18.7
2025-09-12T12:44:37.269387,0,1703,1.0,1,16.5
2025-09-12T12:44:37.774474,0,1703,1.0,1,14.4
2025-09-12T12:44:38.279555,0,1703,1.0,1,14.3
2025-09-12T12:44:38.784632,4,1707,1.0,1,13.9
2025-09-12T12:44:39.289721,2,1709,1.0,1,15.1
2025-09-12T12:44:39.794814,3,1712,1.0,1,17.6
2025-09-12T12:44:40.300017,1,1713,1.0,1,20.9
2025-09-12T12:44:40.801786,2,1715,1.0,1,47.6
2025-09-12T12:44:41.306870,1,1716,1.0,1,18.7
2025-09-12T12:44:41.806988,0,1716,1.0,1,18.9
2025-09-12T12:44:42.312070,53,1769,1.0,1,31.6
2025-09-12T12:44:42.817177,9,1778,1.0,1,22.5
2025-09-12T12:44:43.318415,52,1830,1.0,1,33.0
2025-09-12T12:44:43.822035,28,1858,1.0,1,23.9
2025-09-12T12:44:44.327124,0,1858,1.0,1,13.9
2025-09-12T12:44:44.832200,0,1858,1.0,1,14.4
2025-09-12T12:44:45.337295,0,1858,1.0,1,14.7
2025-09-12T12:44:45.842389,0,1858,1.0,1,15.3
2025-09-12T12:44:46.347531,0,1858,1.0,1,13.7
2025-09-12T12:44:46.852634,0,1858,1.0,1,16.3
2025-09-12T12:44:47.357706,0,1858,1.0,1,14.1
2025-09-12T12:44:47.862719,0,1858,1.0,1,34.2
2025-09-12T12:44:48.364308,0,1858,1.0,1,16.8
2025-09-12T12:44:48.869430,0,1858,1.0,1,16.2
2025-09-12T12:44:49.374506,0,1858,1.0,1,18.9
2025-09-12T12:44:49.875974,0,1858,1.0,1,16.8
2025-09-12T12:44:50.381061,0,1858,1.0,1,15.1
2025-09-12T12:44:50.886133,0,1858,1.0,1,15.1
2025-09-12T12:44:51.390353,0,1858,1.0,1,15.0
2025-09-12T12:44:51.895526,0,1858,1.0,1,13.8
2025-09-12T12:44:52.400596,0,1858,1.0,1,14.3
2025-09-12T12:44:52.905665,0,1858,1.0,1,14.1
2025-09-12T12:44:53.410734,0,1858,1.0,1,13.7
2025-09-12T12:44:53.915811,0,1858,1.0,1,15.6
2025-09-12T12:44:54.420875,0,1858,1.0,1,13.6
2025-09-12T12:44:54.925973,0,1858,1.0,1,15.1
2025-09-12T12:44:55.431052,0,1858,1.0,1,15.2
2025-09-12T12:44:55.936117,0,1858,1.0,1,15.5
2025-09-12T12:44:56.441183,0,1858,1.0,1,13.2
2025-09-12T12:44:56.946246,0,1858,1.0,1,15.2
2025-09-12T12:44:57.451317,0,1858,1.0,1,14.6
2025-09-12T12:44:57.956645,0,1858,1.0,1,13.4
2025-09-12T12:44:58.461710,0,1858,1.0,1,13.6
2025-09-12T12:44:58.964208,0,1858,1.0,1,16.5
2025-09-12T12:44:59.468705,0,1858,1.0,1,13.2
2025-09-12T12:44:59.973742,0,1858,1.0,1,15.6
2025-09-12T12:45:00.478831,0,1858,1.0,1,18.1
2025-09-12T12:45:00.983907,0,1858,1.0,1,16.3
2025-09-12T12:45:01.488977,0,1858,1.0,1,14.1
2025-09-12T12:45:01.994047,0,1858,1.0,1,12.9
2025-09-12T12:45:02.495507,0,1858,1.0,1,15.7
2025-09-12T12:45:03.000590,0,1858,1.0,1,15.3
2025-09-12T12:45:03.505680,0,1858,1.0,1,14.4
2025-09-12T12:45:04.008440,0,1858,1.0,1,18.2
2025-09-12T12:45:04.513509,0,1858,1.0,1,19.3
2025-09-12T12:45:05.018588,0,1858,1.0,1,17.6
2025-09-12T12:45:05.523676,0,1858,1.0,1,14.9
2025-09-12T12:45:06.028750,0,1858,1.0,1,14.2
2025-09-12T12:45:06.533829,0,1858,1.0,1,14.4
2025-09-12T12:45:07.038904,0,1858,1.0,1,14.5
2025-09-12T12:45:07.540420,0,1858,1.0,1,14.7
2025-09-12T12:45:08.045493,0,1858,1.0,1,14.1
2025-09-12T12:45:08.550564,0,1858,1.0,1,14.3
2025-09-12T12:45:09.055648,0,1858,1.0,1,14.6
2025-09-12T12:45:09.560981,0,1858,1.0,1,14.2
2025-09-12T12:45:10.066050,0,1858,1.0,1,14.9
2025-09-12T12:45:10.571127,0,1858,1.0,1,14.8
2025-09-12T12:45:11.076210,0,1858,1.0,1,14.9
2025-09-12T12:45:11.581291,0,1858,1.0,1,13.8
2025-09-12T12:45:12.086370,0,1858,1.0,1,13.9
2025-09-12T12:45:12.590465,0,1858,1.0,1,13.9
2025-09-12T12:45:13.095533,0,1858,1.0,1,14.2
2025-09-12T12:45:13.600679,0,1858,1.0,1,20.9
2025-09-12T12:45:14.105774,0,1858,1.0,1,13.1
2025-09-12T12:45:14.610851,0,1858,1.0,1,17.5
2025-09-12T12:45:15.117090,0,1858,1.0,1,17.1
2025-09-12T12:45:15.620452,0,1858,1.0,1,20.8
2025-09-12T12:45:16.123835,0,1858,1.0,1,27.3
2025-09-12T12:45:16.628929,0,1858,1.0,1,15.7
2025-09-12T12:45:17.134014,2,1860,1.0,1,22.4
2025-09-12T12:45:17.639114,0,1860,1.0,1,19.0
2025-09-12T12:45:18.140507,0,1860,1.0,1,23.3
2025-09-12T12:45:18.645582,0,1860,1.0,1,14.4
2025-09-12T12:45:19.150652,0,1860,1.0,1,13.8
2025-09-12T12:45:19.655721,1,1861,1.0,1,17.7
2025-09-12T12:45:20.160805,0,1861,1.0,1,13.4
2025-09-12T12:45:20.665887,1,1862,1.0,1,20.0
2025-09-12T12:45:21.171503,0,1862,1.0,1,22.7
2025-09-12T12:45:21.674026,0,1862,1.0,1,26.4
2025-09-12T12:45:22.175143,1,1863,1.0,1,20.8
2025-09-12T12:45:22.680200,0,1863,1.0,1,19.8
2025-09-12T12:45:23.185297,2,1865,1.0,1,20.6
2025-09-12T12:45:23.690405,3,1868,1.0,1,26.4
2025-09-12T12:45:24.192710,0,1868,1.0,1,23.0
2025-09-12T12:45:24.697802,0,1868,1.0,1,32.9
2025-09-12T12:45:25.202877,0,1868,1.0,1,18.7
2025-09-12T12:45:25.707953,0,1868,1.0,1,15.2
2025-09-12T12:45:26.209356,1,1869,1.0,1,16.5
2025-09-12T12:45:26.710785,0,1869,1.0,1,43.0
2025-09-12T12:45:27.213517,0,1869,1.0,1,50.3
2025-09-12T12:45:27.720578,1,1870,1.0,1,30.0
2025-09-12T12:45:28.225734,2,1872,1.0,1,85.4
2025-09-12T12:45:28.729142,1,1873,1.0,1,33.1
2025-09-12T12:45:29.233074,1,1874,1.0,1,30.4
2025-09-12T12:45:29.738156,1,1875,1.0,1,30.3
2025-09-12T12:45:30.240401,0,1875,1.0,1,28.1
2025-09-12T12:45:30.740601,1,1876,1.0,1,40.7
2025-09-12T12:45:31.246530,1,1877,1.0,1,33.4
2025-09-12T12:45:31.751650,2,1879,1.0,1,25.9
2025-09-12T12:45:32.256751,1,1880,1.0,1,37.3
2025-09-12T12:45:32.761267,2,1882,1.0,1,36.3
2025-09-12T12:45:33.262948,0,1882,1.0,1,35.1
2025-09-12T12:45:33.768308,2,1884,1.0,1,31.7
2025-09-12T12:45:34.273386,0,1884,1.0,1,37.3
2025-09-12T12:45:34.773990,1,1885,1.0,1,36.0
2025-09-12T12:45:35.275080,1,1886,1.0,1,30.5
2025-09-12T12:45:35.780158,0,1886,1.0,1,30.3
2025-09-12T12:45:36.284494,0,1886,1.0,1,27.2
2025-09-12T12:45:36.789572,0,1886,1.0,1,26.6
2025-09-12T12:45:37.292329,0,1886,1.0,1,26.8
2025-09-12T12:45:37.797400,0,1886,1.0,1,29.3
2025-09-12T12:45:38.302486,0,1886,1.0,1,26.9
2025-09-12T12:45:38.807559,0,1886,1.0,1,28.8
2025-09-12T12:45:39.312762,0,1886,1.0,1,29.0
2025-09-12T12:45:39.817833,0,1886,1.0,1,41.2
2025-09-12T12:45:40.322902,0,1886,1.0,1,28.9
2025-09-12T12:45:40.827974,0,1886,1.0,1,26.7
2025-09-12T12:45:41.333048,0,1886,1.0,1,26.0
2025-09-12T12:45:41.838112,1,1887,1.0,1,27.4
2025-09-12T12:45:42.343173,0,1887,1.0,1,27.1
2025-09-12T12:45:42.848244,0,1887,1.0,1,26.6
2025-09-12T12:45:43.353323,0,1887,1.0,1,27.5
2025-09-12T12:45:43.858531,1,1888,1.0,1,32.9
2025-09-12T12:45:44.363923,0,1888,1.0,1,26.5
2025-09-12T12:45:44.864957,1,1889,1.0,1,35.8
2025-09-12T12:45:45.369285,0,1889,1.0,1,39.3
2025-09-12T12:45:45.874394,0,1889,1.0,1,33.3
2025-09-12T12:45:46.377305,0,1889,1.0,1,26.4
2025-09-12T12:45:46.879243,1,1890,1.0,1,25.8
2025-09-12T12:45:47.379765,0,1890,1.0,1,33.7
2025-09-12T12:45:47.885033,0,1890,1.0,1,52.6
2025-09-12T12:45:48.385441,2,1892,1.0,1,26.5
2025-09-12T12:45:48.890504,1,1893,1.0,1,26.2
2025-09-12T12:45:49.395580,0,1893,1.0,1,35.9
2025-09-12T12:45:49.896255,1,1894,1.0,1,27.1
2025-09-12T12:45:50.401331,1,1895,1.0,1,27.5
2025-09-12T12:45:50.902063,5,1900,1.0,1,28.2
2025-09-12T12:45:51.404810,0,1900,1.0,1,39.2
2025-09-12T12:45:51.909883,2,1902,1.0,1,31.8
2025-09-12T12:45:52.415003,0,1902,1.0,1,32.4
2025-09-12T12:45:52.917747,1,1903,1.0,1,27.7
2025-09-12T12:45:53.422871,1,1904,1.0,1,15.8
2025-09-12T12:45:53.927952,0,1904,1.0,1,13.9
2025-09-12T12:45:54.433034,0,1904,1.0,1,15.1
2025-09-12T12:45:54.938111,0,1904,1.0,1,13.6
2025-09-12T12:45:55.443174,0,1904,1.0,1,14.5
2025-09-12T12:45:55.948237,0,1904,1.0,1,12.7
2025-09-12T12:45:56.452434,0,1904,1.0,1,13.4
2025-09-12T12:45:56.957269,1,1905,1.0,1,33.7
2025-09-12T12:45:57.459214,1,1906,1.0,1,33.8
2025-09-12T12:45:57.960103,0,1906,1.0,1,39.8
2025-09-12T12:45:58.460514,1,1907,1.0,1,31.6
2025-09-12T12:45:58.961051,0,1907,1.0,1,37.4
2025-09-12T12:45:59.461667,2,1909,1.0,1,32.8
2025-09-12T12:45:59.966774,1,1910,1.0,1,34.3
2025-09-12T12:46:00.478158,2,1912,1.0,1,35.5
2025-09-12T12:46:00.983975,0,1912,1.0,1,16.5
2025-09-12T12:46:01.487538,0,1912,1.0,1,15.6
2025-09-12T12:46:01.992612,0,1912,1.0,1,15.5
2025-09-12T12:46:02.497686,0,1912,1.0,1,14.1
2025-09-12T12:46:03.002768,0,1912,1.0,1,15.9
2025-09-12T12:46:03.507859,0,1912,1.0,1,13.4
2025-09-12T12:46:04.012931,0,1912,1.0,1,15.3
2025-09-12T12:46:04.518253,0,1912,1.0,1,15.8
2025-09-12T12:46:05.023373,0,1912,1.0,1,21.7
2025-09-12T12:46:05.528456,0,1912,1.0,1,13.9
2025-09-12T12:46:06.033523,0,1912,1.0,1,14.3
2025-09-12T12:46:06.538591,0,1912,1.0,1,13.5
2025-09-12T12:46:07.043664,0,1912,1.0,1,16.5
2025-09-12T12:46:07.548749,0,1912,1.0,1,14.6
2025-09-12T12:46:08.049404,0,1912,1.0,1,16.0
2025-09-12T12:46:08.554489,0,1912,1.0,1,15.5
2025-09-12T12:46:09.059557,0,1912,1.0,1,14.2
2025-09-12T12:46:09.564630,0,1912,1.0,1,13.5
2025-09-12T12:46:10.069700,0,1912,1.0,1,13.2
2025-09-12T12:46:10.574765,0,1912,1.0,1,15.0
2025-09-12T12:46:11.079835,0,1912,1.0,1,16.1
2025-09-12T12:46:11.585130,0,1912,1.0,1,16.6
2025-09-12T12:46:12.090207,0,1912,1.0,1,21.3
2025-09-12T12:46:12.595282,0,1912,1.0,1,13.4
2025-09-12T12:46:13.100361,0,1912,1.0,1,13.7
2025-09-12T12:46:13.605440,0,1912,1.0,1,13.6
2025-09-12T12:46:14.110511,0,1912,1.0,1,14.4
2025-09-12T12:46:14.615578,0,1912,1.0,1,13.7
2025-09-12T12:46:15.120642,0,1912,1.0,1,14.0
2025-09-12T12:46:15.625714,0,1912,1.0,1,14.1
2025-09-12T12:46:16.129158,0,1912,1.0,1,22.7
2025-09-12T12:46:16.629611,0,1912,1.0,1,16.8
2025-09-12T12:46:17.132196,0,1912,1.0,1,18.0
2025-09-12T12:46:17.637272,0,1912,1.0,1,13.6
2025-09-12T12:46:18.142367,0,1912,1.0,1,22.2
2025-09-12T12:46:18.642849,0,1912,1.0,1,13.5
2025-09-12T12:46:19.147927,0,1912,1.0,1,13.4
2025-09-12T12:46:19.652990,0,1912,1.0,1,14.2
2025-09-12T12:46:20.158060,0,1912,1.0,1,13.6
2025-09-12T12:46:20.663135,0,1912,1.0,1,14.0
2025-09-12T12:46:21.166330,0,1912,1.0,1,17.2
2025-09-12T12:46:21.667897,0,1912,1.0,1,22.9
2025-09-12T12:46:22.172964,0,1912,1.0,1,17.5
2025-09-12T12:46:22.678038,0,1912,1.0,1,14.8
2025-09-12T12:46:23.183362,0,1912,1.0,1,13.1
2025-09-12T12:46:23.688431,0,1912,1.0,1,13.0
2025-09-12T12:46:24.193507,0,1912,1.0,1,13.6
2025-09-12T12:46:24.698588,0,1912,1.0,1,16.3
2025-09-12T12:46:25.203664,0,1912,1.0,1,13.7
2025-09-12T12:46:25.708741,0,1912,1.0,1,16.9
2025-09-12T12:46:26.213814,0,1912,1.0,1,15.0
2025-09-12T12:46:26.718889,0,1912,1.0,1,13.3
2025-09-12T12:46:27.223953,0,1912,1.0,1,16.5
2025-09-12T12:46:27.729023,0,1912,1.0,1,13.9
2025-09-12T12:46:28.234078,0,1912,1.0,1,13.0
2025-09-12T12:46:28.739138,0,1912,1.0,1,16.5
2025-09-12T12:46:29.242735,0,1912,1.0,1,13.0
2025-09-12T12:46:29.747799,0,1912,1.0,1,13.8
2025-09-12T12:46:30.252854,0,1912,1.0,1,13.9
2025-09-12T12:46:30.758161,0,1912,1.0,1,14.4
2025-09-12T12:46:31.263226,0,1912,1.0,1,13.5
2025-09-12T12:46:31.768290,0,1912,1.0,1,13.9
2025-09-12T12:46:32.273348,0,1912,1.0,1,12.5
2025-09-12T12:46:32.773849,0,1912,1.0,1,14.0
2025-09-12T12:46:33.278906,0,1912,1.0,1,12.6
2025-09-12T12:46:33.783968,0,1912,1.0,1,13.6
2025-09-12T12:46:34.289030,0,1912,1.0,1,14.3
2025-09-12T12:46:34.794089,0,1912,1.0,1,13.2
2025-09-12T12:46:35.299151,0,1912,1.0,1,13.6
2025-09-12T12:46:35.804220,0,1912,1.0,1,15.7
2025-09-12T12:46:36.309285,0,1912,1.0,1,13.5
2025-09-12T12:46:36.814353,0,1912,1.0,1,12.9
2025-09-12T12:46:37.319420,0,1912,1.0,1,13.4
2025-09-12T12:46:37.824483,0,1912,1.0,1,15.2
2025-09-12T12:46:38.324926,0,1912,1.0,1,13.2
2025-09-12T12:46:38.830007,0,1912,1.0,1,13.4
2025-09-12T12:46:39.335078,0,1912,1.0,1,13.4
2025-09-12T12:46:39.835676,0,1912,1.0,1,13.5
2025-09-12T12:46:40.340735,0,1912,1.0,1,13.2
2025-09-12T12:46:40.842046,0,1912,1.0,1,15.5
2025-09-12T12:46:41.347108,0,1912,1.0,1,14.0
2025-09-12T12:46:41.852214,0,1912,1.0,1,14.7
2025-09-12T12:46:42.357301,0,1912,1.0,1,13.4
2025-09-12T12:46:42.863234,0,1912,1.0,1,13.4
2025-09-12T12:46:43.368296,0,1912,1.0,1,13.6
2025-09-12T12:46:43.873385,0,1912,1.0,1,15.4
2025-09-12T12:46:44.378532,0,1912,1.0,1,15.3
2025-09-12T12:46:44.883602,0,1912,1.0,1,14.1
2025-09-12T12:46:45.388666,0,1912,1.0,1,13.4
2025-09-12T12:46:45.893740,0,1912,1.0,1,14.2
2025-09-12T12:46:46.398812,0,1912,1.0,1,14.4
2025-09-12T12:46:46.903884,0,1912,1.0,1,14.3
2025-09-12T12:46:47.406702,0,1912,1.0,1,15.5
2025-09-12T12:46:47.911794,0,1912,1.0,1,31.9
2025-09-12T12:46:48.416871,0,1912,1.0,1,16.1
2025-09-12T12:46:48.921947,0,1912,1.0,1,14.9
2025-09-12T12:46:49.427025,0,1912,1.0,1,17.7
2025-09-12T12:46:49.932341,0,1912,1.0,1,14.1
2025-09-12T12:46:50.437419,0,1912,1.0,1,14.6
2025-09-12T12:46:50.942487,0,1912,1.0,1,14.6
2025-09-12T12:46:51.447560,0,1912,1.0,1,14.4
2025-09-12T12:46:51.952635,0,1912,1.0,1,13.6
2025-09-12T12:46:52.457713,0,1912,1.0,1,14.0
2025-09-12T12:46:52.962792,0,1912,1.0,1,14.4
2025-09-12T12:46:53.467854,0,1912,1.0,1,13.2
2025-09-12T12:46:53.970087,0,1912,1.0,1,14.5
2025-09-12T12:46:54.475174,0,1912,1.0,1,12.9
2025-09-12T12:46:54.980252,0,1912,1.0,1,14.6
2025-09-12T12:46:55.485338,0,1912,1.0,1,13.5
2025-09-12T12:46:55.990410,0,1912,1.0,1,13.7
2025-09-12T12:46:56.495480,0,1912,1.0,1,13.4
2025-09-12T12:46:57.000552,0,1912,1.0,1,14.9
2025-09-12T12:46:57.505629,0,1912,1.0,1,13.5
2025-09-12T12:46:58.010695,0,1912,1.0,1,12.9
2025-09-12T12:46:58.515769,0,1912,1.0,1,13.1
2025-09-12T12:46:59.020838,0,1912,1.0,1,15.4
2025-09-12T12:46:59.526154,0,1912,1.0,1,13.6
2025-09-12T12:47:00.031253,0,1912,1.0,1,16.1
2025-09-12T12:47:00.536393,0,1912,1.0,1,16.0
2025-09-12T12:47:01.041464,0,1912,1.0,1,14.0
2025-09-12T12:47:01.546532,0,1912,1.0,1,14.4
2025-09-12T12:47:02.051599,0,1912,1.0,1,14.1
2025-09-12T12:47:02.553960,0,1912,1.0,1,14.3
2025-09-12T12:47:03.059038,0,1912,1.0,1,14.0
2025-09-12T12:47:03.564098,0,1912,1.0,1,14.1
2025-09-12T12:47:04.069156,0,1912,1.0,1,13.2
2025-09-12T12:47:04.574147,0,1912,1.0,1,14.1
2025-09-12T12:47:05.079229,0,1912,1.0,1,26.1
2025-09-12T12:47:05.584352,0,1912,1.0,1,15.5
2025-09-12T12:47:06.089471,0,1912,1.0,1,14.6
2025-09-12T12:47:06.590900,0,1912,1.0,1,14.5
2025-09-12T12:47:07.095964,0,1912,1.0,1,13.9
2025-09-12T12:47:07.601031,0,1912,1.0,1,13.4
2025-09-12T12:47:08.106173,0,1912,1.0,1,21.0
2025-09-12T12:47:08.611265,0,1912,1.0,1,18.6
2025-09-12T12:47:09.116337,0,1912,1.0,1,20.0
2025-09-12T12:47:09.621405,0,1912,1.0,1,13.6
2025-09-12T12:47:10.126515,0,1912,1.0,1,16.0
2025-09-12T12:47:10.627087,0,1912,1.0,1,15.7
2025-09-12T12:47:11.132176,0,1912,1.0,1,13.7
2025-09-12T12:47:11.635355,0,1912,1.0,1,13.5
2025-09-12T12:47:12.140423,0,1912,1.0,1,15.6
2025-09-12T12:47:12.645728,0,1912,1.0,1,13.2
2025-09-12T12:47:13.150788,0,1912,1.0,1,14.8
2025-09-12T12:47:13.655842,0,1912,1.0,1,13.6
2025-09-12T12:47:14.160897,0,1912,1.0,1,13.6
2025-09-12T12:47:14.665957,0,1912,1.0,1,15.1
2025-09-12T12:47:15.171018,0,1912,1.0,1,14.6
2025-09-12T12:47:15.676927,0,1912,1.0,1,13.7
2025-09-12T12:47:16.180177,0,1912,1.0,1,21.8
2025-09-12T12:47:16.685248,0,1912,1.0,1,26.6
2025-09-12T12:47:17.186847,0,1912,1.0,1,19.6
2025-09-12T12:47:17.691930,0,1912,1.0,1,17.0
2025-09-12T12:47:18.196817,0,1912,1.0,1,15.9
2025-09-12T12:47:18.701889,0,1912,1.0,1,13.7
2025-09-12T12:47:19.206949,0,1912,1.0,1,14.6
2025-09-12T12:47:19.710941,0,1912,1.0,1,13.7
2025-09-12T12:47:20.216029,0,1912,1.0,1,14.0
2025-09-12T12:47:20.721097,0,1912,1.0,1,14.0
2025-09-12T12:47:21.226173,0,1912,1.0,1,16.6
2025-09-12T12:47:21.731246,0,1912,1.0,1,14.8
2025-09-12T12:47:22.236319,0,1912,1.0,1,13.6
2025-09-12T12:47:22.741392,0,1912,1.0,1,13.2
2025-09-12T12:47:23.247966,0,1912,1.0,1,18.4
2025-09-12T12:47:23.752315,0,1912,1.0,1,19.7
2025-09-12T12:47:24.257392,0,1912,1.0,1,13.5
2025-09-12T12:47:24.757787,0,1912,1.0,1,13.5
2025-09-12T12:47:25.262859,0,1912,1.0,1,13.9
2025-09-12T12:47:25.767937,0,1912,1.0,1,14.6
2025-09-12T12:47:26.273007,0,1912,1.0,1,13.1
2025-09-12T12:47:26.778067,0,1912,1.0,1,13.4
2025-09-12T12:47:27.280407,0,1912,1.0,1,22.4
2025-09-12T12:47:27.785473,0,1912,1.0,1,17.8
2025-09-12T12:47:28.290545,0,1912,1.0,1,13.4
2025-09-12T12:47:28.795607,0,1912,1.0,1,15.0
2025-09-12T12:47:29.300663,0,1912,1.0,1,13.4
2025-09-12T12:47:29.805723,0,1912,1.0,1,14.1
2025-09-12T12:47:30.310781,0,1912,1.0,1,13.5
2025-09-12T12:47:30.815853,0,1912,1.0,1,15.1
2025-09-12T12:47:31.321177,0,1912,1.0,1,14.3
2025-09-12T12:47:31.826247,0,1912,1.0,1,13.4
2025-09-12T12:47:32.331317,0,1912,1.0,1,14.0
2025-09-12T12:47:32.836385,0,1912,1.0,1,13.2
2025-09-12T12:47:33.341443,0,1912,1.0,1,13.4
2025-09-12T12:47:33.846505,0,1912,1.0,1,13.6
2025-09-12T12:47:34.349976,0,1912,1.0,1,13.0
2025-09-12T12:47:34.854776,0,1912,1.0,1,13.9
2025-09-12T12:47:35.359854,0,1912,1.0,1,13.9
2025-09-12T12:47:35.864922,0,1912,1.0,1,14.9
2025-09-12T12:47:36.369986,0,1912,1.0,1,13.5
2025-09-12T12:47:36.875310,0,1912,1.0,1,14.3
2025-09-12T12:47:37.380382,0,1912,1.0,1,13.5
2025-09-12T12:47:37.888835,0,1912,1.0,1,20.8
2025-09-12T12:47:38.394519,0,1912,1.0,1,22.5
2025-09-12T12:47:38.899701,0,1912,1.0,1,17.6
2025-09-12T12:47:39.404774,0,1912,1.0,1,14.9
2025-09-12T12:47:39.909850,0,1912,1.0,1,18.4
2025-09-12T12:47:40.414932,0,1912,1.0,1,14.4
2025-09-12T12:47:40.920004,0,1912,1.0,1,15.6
2025-09-12T12:47:41.425072,0,1912,1.0,1,14.4
2025-09-12T12:47:41.930156,0,1912,1.0,1,13.6
2025-09-12T12:47:42.435235,0,1912,1.0,1,13.4
2025-09-12T12:47:42.939654,0,1912,1.0,1,16.3
2025-09-12T12:47:43.444999,0,1912,1.0,1,13.4
2025-09-12T12:47:43.950070,0,1912,1.0,1,15.2
2025-09-12T12:47:44.455142,0,1912,1.0,1,12.9
2025-09-12T12:47:44.960210,0,1912,1.0,1,14.7
2025-09-12T12:47:45.465275,0,1912,1.0,1,15.6
2025-09-12T12:47:45.970346,0,1912,1.0,1,13.7
2025-09-12T12:47:46.475436,0,1912,1.0,1,16.8
2025-09-12T12:47:46.980872,0,1912,1.0,1,13.9
2025-09-12T12:47:47.485952,0,1912,1.0,1,14.4
2025-09-12T12:47:47.989726,0,1912,1.0,1,34.9
2025-09-12T12:47:48.494887,0,1912,1.0,1,14.1
2025-09-12T12:47:48.999957,0,1912,1.0,1,14.9
2025-09-12T12:47:49.505044,0,1912,1.0,1,15.6
2025-09-12T12:47:50.010419,0,1912,1.0,1,13.6
2025-09-12T12:47:50.513552,0,1912,1.0,1,14.9
2025-09-12T12:47:51.018661,0,1912,1.0,1,20.9
2025-09-12T12:47:51.523740,0,1912,1.0,1,22.4
2025-09-12T12:47:52.027992,0,1912,1.0,1,14.2
2025-09-12T12:47:52.530600,0,1912,1.0,1,13.4
2025-09-12T12:47:53.035677,0,1912,1.0,1,13.6
2025-09-12T12:47:53.536652,0,1912,1.0,1,15.5
2025-09-12T12:47:54.041730,0,1912,1.0,1,13.6
2025-09-12T12:47:54.546801,0,1912,1.0,1,14.8
2025-09-12T12:47:55.051883,0,1912,1.0,1,13.6
2025-09-12T12:47:55.556960,0,1912,1.0,1,14.9
2025-09-12T12:47:56.062293,0,1912,1.0,1,14.3
2025-09-12T12:47:56.567356,0,1912,1.0,1,13.9
2025-09-12T12:47:57.072427,0,1912,1.0,1,15.9
2025-09-12T12:47:57.577508,0,1912,1.0,1,13.9
2025-09-12T12:47:58.082586,0,1912,1.0,1,19.1
2025-09-12T12:47:58.587668,0,1912,1.0,1,18.2
2025-09-12T12:47:59.092769,0,1912,1.0,1,20.3
2025-09-12T12:47:59.597871,0,1912,1.0,1,13.6
2025-09-12T12:48:00.102953,0,1912,1.0,1,19.3
2025-09-12T12:48:00.608035,0,1912,1.0,1,14.8
2025-09-12T12:48:01.113118,0,1912,1.0,1,15.2
2025-09-12T12:48:01.618188,0,1912,1.0,1,17.0
2025-09-12T12:48:02.123262,0,1912,1.0,1,13.8
2025-09-12T12:48:02.628324,0,1912,1.0,1,14.6
2025-09-12T12:48:03.130530,0,1912,1.0,1,15.0
2025-09-12T12:48:03.635593,0,1912,1.0,1,13.4
2025-09-12T12:48:04.140665,0,1912,1.0,1,13.4
2025-09-12T12:48:04.645733,0,1912,1.0,1,13.4
2025-09-12T12:48:05.149044,0,1912,1.0,1,13.7
2025-09-12T12:48:05.654109,0,1912,1.0,1,13.9
2025-09-12T12:48:06.155081,0,1912,1.0,1,12.7
2025-09-12T12:48:06.660150,0,1912,1.0,1,14.8
2025-09-12T12:48:07.161057,0,1912,1.0,1,14.0
2025-09-12T12:48:07.666132,0,1912,1.0,1,13.6
2025-09-12T12:48:08.171196,0,1912,1.0,1,14.8
2025-09-12T12:48:08.672241,0,1912,1.0,1,13.3
2025-09-12T12:48:09.177302,0,1912,1.0,1,13.9
2025-09-12T12:48:09.682364,0,1912,1.0,1,13.3
2025-09-12T12:48:10.187422,0,1912,1.0,1,14.7
2025-09-12T12:48:10.691106,0,1912,1.0,1,15.0
2025-09-12T12:48:11.196163,0,1912,1.0,1,12.7
2025-09-12T12:48:11.701377,0,1912,1.0,1,20.9
2025-09-12T12:48:12.206895,0,1912,1.0,1,27.5
2025-09-12T12:48:12.710068,0,1912,1.0,1,28.9
2025-09-12T12:48:13.211328,0,1912,1.0,1,20.4
2025-09-12T12:48:13.716405,0,1912,1.0,1,17.3
2025-09-12T12:48:14.221468,0,1912,1.0,1,14.9
2025-09-12T12:48:14.726786,0,1912,1.0,1,13.8
2025-09-12T12:48:15.231846,0,1912,1.0,1,15.1
2025-09-12T12:48:15.736910,0,1912,1.0,1,14.4
2025-09-12T12:48:16.242017,0,1912,1.0,1,14.1
2025-09-12T12:48:16.746150,0,1912,1.0,1,15.5
2025-09-12T12:48:17.251238,0,1912,1.0,1,14.3
2025-09-12T12:48:17.756329,0,1912,1.0,1,17.1
2025-09-12T12:48:18.257521,0,1912,1.0,1,18.8
2025-09-12T12:48:18.762595,0,1912,1.0,1,14.1
2025-09-12T12:48:19.267678,0,1912,1.0,1,14.0
2025-09-12T12:48:19.772752,0,1912,1.0,1,13.4
2025-09-12T12:48:20.277825,0,1912,1.0,1,17.0
2025-09-12T12:48:20.784147,0,1912,1.0,1,16.1
2025-09-12T12:48:21.289245,0,1912,1.0,1,24.8
2025-09-12T12:48:21.794332,0,1912,1.0,1,14.0
2025-09-12T12:48:22.299397,0,1912,1.0,1,13.1
2025-09-12T12:48:22.804465,0,1912,1.0,1,15.3
2025-09-12T12:48:23.309543,0,1912,1.0,1,13.6
2025-09-12T12:48:23.814608,0,1912,1.0,1,13.2
2025-09-12T12:48:24.319676,0,1912,1.0,1,13.6
2025-09-12T12:48:24.824738,0,1912,1.0,1,14.1
2025-09-12T12:48:25.329807,0,1912,1.0,1,13.8
2025-09-12T12:48:25.834875,0,1912,1.0,1,14.7
2025-09-12T12:48:26.339951,0,1912,1.0,1,12.9
2025-09-12T12:48:26.845020,0,1912,1.0,1,14.9
2025-09-12T12:48:27.350161,0,1912,1.0,1,15.3
2025-09-12T12:48:27.855233,0,1912,1.0,1,15.1
2025-09-12T12:48:28.357174,0,1912,1.0,1,13.2
2025-09-12T12:48:28.861500,0,1912,1.0,1,14.1
2025-09-12T12:48:29.366559,0,1912,1.0,1,12.7
2025-09-12T12:48:29.871618,0,1912,1.0,1,13.9
2025-09-12T12:48:30.376674,0,1912,1.0,1,13.6
2025-09-12T12:48:30.881737,0,1912,1.0,1,15.3
2025-09-12T12:48:31.386811,0,1912,1.0,1,13.4
2025-09-12T12:48:31.891889,0,1912,1.0,1,14.0
2025-09-12T12:48:32.394378,0,1912,1.0,1,14.0
2025-09-12T12:48:32.899543,0,1912,1.0,1,13.7
2025-09-12T12:48:33.404607,0,1912,1.0,1,13.4
2025-09-12T12:48:33.909681,0,1912,1.0,1,13.4
2025-09-12T12:48:34.414749,0,1912,1.0,1,13.8
2025-09-12T12:48:34.919813,0,1912,1.0,1,13.2
2025-09-12T12:48:35.424872,0,1912,1.0,1,13.9
2025-09-12T12:48:35.929929,0,1912,1.0,1,15.9
2025-09-12T12:48:36.430219,0,1912,1.0,1,12.6
2025-09-12T12:48:36.935290,0,1912,1.0,1,14.0
2025-09-12T12:48:37.440358,0,1912,1.0,1,13.4
2025-09-12T12:48:37.945421,0,1912,1.0,1,13.2
2025-09-12T12:48:38.446428,0,1912,1.0,1,35.7
2025-09-12T12:48:38.952236,0,1912,1.0,1,13.4
2025-09-12T12:48:39.457317,0,1912,1.0,1,15.1
2025-09-12T12:48:39.962382,0,1912,1.0,1,13.6
2025-09-12T12:48:40.467456,0,1912,1.0,1,15.1
2025-09-12T12:48:40.972524,0,1912,1.0,1,16.0
2025-09-12T12:48:41.477589,0,1912,1.0,1,13.8
2025-09-12T12:48:41.982652,0,1912,1.0,1,15.6
2025-09-12T12:48:42.487718,0,1912,1.0,1,13.9
2025-09-12T12:48:42.992784,0,1912,1.0,1,17.4
2025-09-12T12:48:43.497860,0,1912,1.0,1,14.3
2025-09-12T12:48:44.000999,0,1912,1.0,1,13.0
2025-09-12T12:48:44.506068,0,1912,1.0,1,17.4
2025-09-12T12:48:45.011400,0,1912,1.0,1,13.4
2025-09-12T12:48:45.516464,0,1912,1.0,1,15.5
2025-09-12T12:48:46.018493,0,1912,1.0,1,14.0
2025-09-12T12:48:46.523566,0,1912,1.0,1,13.1
2025-09-12T12:48:47.028636,0,1912,1.0,1,14.6
2025-09-12T12:48:47.533704,0,1912,1.0,1,14.0
2025-09-12T12:48:48.034314,2,1914,1.0,1,45.2
2025-09-12T12:48:48.539391,0,1914,1.0,1,29.5
2025-09-12T12:48:49.044475,0,1914,1.0,1,16.0
2025-09-12T12:48:49.549541,0,1914,1.0,1,13.6
2025-09-12T12:48:50.054609,1,1915,1.0,1,21.2
2025-09-12T12:48:50.556992,0,1915,1.0,1,14.9
2025-09-12T12:48:51.062070,0,1915,1.0,1,14.7
2025-09-12T12:48:51.567411,0,1915,1.0,1,13.4
2025-09-12T12:48:52.071765,0,1915,1.0,1,13.1
2025-09-12T12:48:52.576955,0,1915,1.0,1,22.6
2025-09-12T12:48:53.092582,0,1915,1.0,1,25.6
2025-09-12T12:48:53.598203,0,1915,1.0,1,27.5
2025-09-12T12:48:54.101547,0,1915,1.0,1,26.9
2025-09-12T12:48:54.606703,0,1915,1.0,1,14.6
2025-09-12T12:48:55.111768,0,1915,1.0,1,16.4
2025-09-12T12:48:55.616839,0,1915,1.0,1,20.1
2025-09-12T12:48:56.121911,0,1915,1.0,1,13.5
2025-09-12T12:48:56.626986,0,1915,1.0,1,22.6
2025-09-12T12:48:57.132107,0,1915,1.0,1,23.1
2025-09-12T12:48:57.637186,0,1915,1.0,1,18.9
2025-09-12T12:48:58.142255,0,1915,1.0,1,17.5
2025-09-12T12:48:58.647327,0,1915,1.0,1,17.4
2025-09-12T12:48:59.152396,0,1915,1.0,1,19.1
2025-09-12T12:48:59.654607,0,1915,1.0,1,18.1
2025-09-12T12:49:00.159696,0,1915,1.0,1,19.4
2025-09-12T12:49:00.659819,0,1915,1.0,1,14.3
2025-09-12T12:49:01.164891,0,1915,1.0,1,13.7
2025-09-12T12:49:01.669955,0,1915,1.0,1,14.0
2025-09-12T12:49:02.175019,0,1915,1.0,1,14.1
2025-09-12T12:49:02.680321,0,1915,1.0,1,13.2
2025-09-12T12:49:03.185438,0,1915,1.0,1,15.6
2025-09-12T12:49:03.688424,0,1915,1.0,1,13.9
2025-09-12T12:49:04.193498,0,1915,1.0,1,13.0
2025-09-12T12:49:04.698561,0,1915,1.0,1,13.6
2025-09-12T12:49:05.203623,0,1915,1.0,1,14.4
2025-09-12T12:49:05.708686,0,1915,1.0,1,14.4
2025-09-12T12:49:06.213764,0,1915,1.0,1,14.1
2025-09-12T12:49:06.718838,0,1915,1.0,1,13.9
2025-09-12T12:49:07.223934,0,1915,1.0,1,13.3
2025-09-12T12:49:07.728997,0,1915,1.0,1,13.2
2025-09-12T12:49:08.234069,0,1915,1.0,1,14.7
2025-09-12T12:49:08.739136,0,1915,1.0,1,14.1
2025-09-12T12:49:09.244477,0,1915,1.0,1,14.3
2025-09-12T12:49:09.749553,0,1915,1.0,1,13.5
2025-09-12T12:49:10.254622,0,1915,1.0,1,13.6
2025-09-12T12:49:10.759424,0,1915,1.0,1,14.8
2025-09-12T12:49:11.264497,0,1915,1.0,1,13.7
2025-09-12T12:49:11.768227,0,1915,1.0,1,12.9
2025-09-12T12:49:12.273311,0,1915,1.0,1,13.2
2025-09-12T12:49:12.778385,0,1915,1.0,1,15.4
2025-09-12T12:49:13.283454,0,1915,1.0,1,14.3
2025-09-12T12:49:13.788524,0,1915,1.0,1,14.2
2025-09-12T12:49:14.291345,0,1915,1.0,1,14.2
2025-09-12T12:49:14.796422,0,1915,1.0,1,14.3
2025-09-12T12:49:15.297043,0,1915,1.0,1,14.1
2025-09-12T12:49:15.802116,0,1915,1.0,1,13.9
2025-09-12T12:49:16.307202,0,1915,1.0,1,14.8
2025-09-12T12:49:16.812804,0,1915,1.0,1,30.7
2025-09-12T12:49:17.318004,0,1915,1.0,1,30.8
2025-09-12T12:49:17.823040,0,1915,1.0,1,19.8
2025-09-12T12:49:18.328122,0,1915,1.0,1,14.8
2025-09-12T12:49:18.833199,0,1915,1.0,1,15.2
2025-09-12T12:49:19.338279,0,1915,1.0,1,14.1
2025-09-12T12:49:19.842929,0,1915,1.0,1,17.4
2025-09-12T12:49:20.348016,0,1915,1.0,1,13.3
2025-09-12T12:49:20.853078,0,1915,1.0,1,15.0
2025-09-12T12:49:21.358153,0,1915,1.0,1,16.7
2025-09-12T12:49:21.863476,0,1915,1.0,1,14.0
2025-09-12T12:49:22.365002,0,1915,1.0,1,13.5
2025-09-12T12:49:22.870069,0,1915,1.0,1,14.5
2025-09-12T12:49:23.370171,0,1915,1.0,1,13.0
2025-09-12T12:49:23.875272,0,1915,1.0,1,15.3
2025-09-12T12:49:24.380343,0,1915,1.0,1,13.0
2025-09-12T12:49:24.882719,0,1915,1.0,1,13.2
2025-09-12T12:49:25.387810,0,1915,1.0,1,13.6
2025-09-12T12:49:25.892887,0,1915,1.0,1,14.4
2025-09-12T12:49:26.397969,0,1915,1.0,1,14.1
2025-09-12T12:49:26.903036,0,1915,1.0,1,16.3
2025-09-12T12:49:27.408120,0,1915,1.0,1,15.1
2025-09-12T12:49:27.913203,0,1915,1.0,1,13.7
2025-09-12T12:49:28.418275,0,1915,1.0,1,13.1
2025-09-12T12:49:28.923337,0,1915,1.0,1,14.9
2025-09-12T12:49:29.428659,0,1915,1.0,1,13.2
2025-09-12T12:49:29.933725,0,1915,1.0,1,14.8
2025-09-12T12:49:30.438787,0,1915,1.0,1,15.1
2025-09-12T12:49:30.943861,0,1915,1.0,1,14.2
2025-09-12T12:49:31.448938,0,1915,1.0,1,15.8
2025-09-12T12:49:31.954013,0,1915,1.0,1,13.4
2025-09-12T12:49:32.459075,0,1915,1.0,1,14.0
2025-09-12T12:49:32.964142,0,1915,1.0,1,16.7
2025-09-12T12:49:33.469212,0,1915,1.0,1,12.8
2025-09-12T12:49:33.974274,0,1915,1.0,1,13.6
2025-09-12T12:49:34.479338,0,1915,1.0,1,13.4
2025-09-12T12:49:34.984396,0,1915,1.0,1,13.5
2025-09-12T12:49:35.489469,0,1915,1.0,1,14.9
2025-09-12T12:49:35.994624,0,1915,1.0,1,16.2
2025-09-12T12:49:36.499692,0,1915,1.0,1,12.7
2025-09-12T12:49:37.004759,0,1915,1.0,1,13.6
2025-09-12T12:49:37.509822,0,1915,1.0,1,13.4
2025-09-12T12:49:38.014890,0,1915,1.0,1,18.2
2025-09-12T12:49:38.519957,0,1915,1.0,1,12.7
2025-09-12T12:49:39.025039,0,1915,1.0,1,19.2
2025-09-12T12:49:39.530114,0,1915,1.0,1,13.3
2025-09-12T12:49:40.031137,0,1915,1.0,1,14.2
2025-09-12T12:49:40.536219,0,1915,1.0,1,14.0
2025-09-12T12:49:41.041575,0,1915,1.0,1,22.6
2025-09-12T12:49:41.550205,0,1915,1.0,1,24.9
2025-09-12T12:49:42.055722,0,1915,1.0,1,27.6
2025-09-12T12:49:42.561037,0,1915,1.0,1,26.6
2025-09-12T12:49:43.066133,0,1915,1.0,1,17.0
2025-09-12T12:49:43.571195,0,1915,1.0,1,15.2
2025-09-12T12:49:44.076272,0,1915,1.0,1,17.1
2025-09-12T12:49:44.581344,0,1915,1.0,1,14.4
2025-09-12T12:49:45.086426,0,1915,1.0,1,16.9
2025-09-12T12:49:45.591518,0,1915,1.0,1,15.8
2025-09-12T12:49:46.096597,0,1915,1.0,1,13.8
2025-09-12T12:49:46.601667,0,1915,1.0,1,13.5
2025-09-12T12:49:47.106733,0,1915,1.0,1,14.7
2025-09-12T12:49:47.612036,0,1915,1.0,1,13.9
2025-09-12T12:49:48.117154,0,1915,1.0,1,34.8
2025-09-12T12:49:48.622250,0,1915,1.0,1,15.3
2025-09-12T12:49:49.127324,0,1915,1.0,1,17.0
2025-09-12T12:49:49.632387,0,1915,1.0,1,13.8
2025-09-12T12:49:50.137464,0,1915,1.0,1,13.4
2025-09-12T12:49:50.642554,0,1915,1.0,1,15.0
2025-09-12T12:49:51.147638,0,1915,1.0,1,15.1
2025-09-12T12:49:51.652718,0,1915,1.0,1,13.2
2025-09-12T12:49:52.157789,0,1915,1.0,1,13.0
2025-09-12T12:49:52.662860,0,1915,1.0,1,14.4
2025-09-12T12:49:53.167501,0,1915,1.0,1,15.2
2025-09-12T12:49:53.672822,0,1915,1.0,1,14.6
2025-09-12T12:49:54.177888,0,1915,1.0,1,13.4
2025-09-12T12:49:54.682956,0,1915,1.0,1,14.1
2025-09-12T12:49:55.188026,0,1915,1.0,1,15.7
2025-09-12T12:49:55.693099,0,1915,1.0,1,14.7
2025-09-12T12:49:56.197705,0,1915,1.0,1,13.4
2025-09-12T12:49:56.702833,0,1915,1.0,1,14.9
2025-09-12T12:49:57.206527,0,1915,1.0,1,14.8
2025-09-12T12:49:57.711600,0,1915,1.0,1,13.4
2025-09-12T12:49:58.216669,0,1915,1.0,1,13.5
2025-09-12T12:49:58.721737,0,1915,1.0,1,14.6
2025-09-12T12:49:59.223132,0,1915,1.0,1,16.5
2025-09-12T12:49:59.728200,0,1915,1.0,1,13.8
2025-09-12T12:50:00.233259,0,1915,1.0,1,16.1
2025-09-12T12:50:00.738328,0,1915,1.0,1,14.6
2025-09-12T12:50:01.243393,0,1915,1.0,1,12.9
2025-09-12T12:50:01.748469,0,1915,1.0,1,14.3
2025-09-12T12:50:02.253551,0,1915,1.0,1,14.1
2025-09-12T12:50:02.758634,0,1915,1.0,1,16.5
2025-09-12T12:50:03.260788,0,1915,1.0,1,13.5
2025-09-12T12:50:03.765863,0,1915,1.0,1,13.8
2025-09-12T12:50:04.270926,0,1915,1.0,1,16.2
2025-09-12T12:50:04.774164,0,1915,1.0,1,13.6
2025-09-12T12:50:05.279239,0,1915,1.0,1,15.6
2025-09-12T12:50:05.784540,0,1915,1.0,1,14.2
2025-09-12T12:50:06.289611,0,1915,1.0,1,13.4
2025-09-12T12:50:06.794675,0,1915,1.0,1,13.2
2025-09-12T12:50:07.299736,0,1915,1.0,1,13.5
2025-09-12T12:50:07.804808,0,1915,1.0,1,15.0
2025-09-12T12:50:08.309887,0,1915,1.0,1,14.1
2025-09-12T12:50:08.815826,0,1915,1.0,1,13.6
2025-09-12T12:50:09.320889,0,1915,1.0,1,14.7
2025-09-12T12:50:09.825957,0,1915,1.0,1,14.5
2025-09-12T12:50:10.331021,0,1915,1.0,1,13.6
2025-09-12T12:50:10.836094,0,1915,1.0,1,14.2
2025-09-12T12:50:11.341130,0,1915,1.0,1,16.2
2025-09-12T12:50:11.846473,0,1915,1.0,1,13.9
2025-09-12T12:50:12.351541,0,1915,1.0,1,13.8
2025-09-12T12:50:12.856604,0,1915,1.0,1,15.4
2025-09-12T12:50:13.361708,0,1915,1.0,1,15.3
2025-09-12T12:50:13.863017,0,1915,1.0,1,16.0
2025-09-12T12:50:14.368090,0,1915,1.0,1,14.1
2025-09-12T12:50:14.873160,0,1915,1.0,1,14.2
2025-09-12T12:50:15.378233,0,1915,1.0,1,13.6
2025-09-12T12:50:15.883327,0,1915,1.0,1,15.9
2025-09-12T12:50:16.388427,0,1915,1.0,1,32.5
2025-09-12T12:50:16.891583,0,1915,1.0,1,18.8
2025-09-12T12:50:17.396700,0,1915,1.0,1,14.5
2025-09-12T12:50:17.901788,0,1915,1.0,1,20.1
2025-09-12T12:50:18.406869,0,1915,1.0,1,16.0
2025-09-12T12:50:18.909207,0,1915,1.0,1,17.4
2025-09-12T12:50:19.414298,0,1915,1.0,1,17.0
2025-09-12T12:50:19.917383,0,1915,1.0,1,13.2
2025-09-12T12:50:20.422446,0,1915,1.0,1,13.3
2025-09-12T12:50:20.927518,0,1915,1.0,1,15.5
2025-09-12T12:50:21.432861,0,1915,1.0,1,25.7
2025-09-12T12:50:21.936693,0,1915,1.0,1,19.2
2025-09-12T12:50:22.441779,0,1915,1.0,1,16.9
2025-09-12T12:50:22.942308,0,1915,1.0,1,19.0
2025-09-12T12:50:23.447395,0,1915,1.0,1,17.0
2025-09-12T12:50:23.952469,0,1915,1.0,1,16.1
2025-09-12T12:50:24.457545,0,1915,1.0,1,13.4
2025-09-12T12:50:24.958449,0,1915,1.0,1,13.9
2025-09-12T12:50:25.463536,0,1915,1.0,1,18.5
2025-09-12T12:50:25.967962,0,1915,1.0,1,16.0
2025-09-12T12:50:26.473030,0,1915,1.0,1,13.2
2025-09-12T12:50:26.978099,0,1915,1.0,1,15.5
2025-09-12T12:50:27.483176,0,1915,1.0,1,13.9
2025-09-12T12:50:27.988259,0,1915,1.0,1,16.9
2025-09-12T12:50:28.489424,0,1915,1.0,1,13.2
2025-09-12T12:50:28.994483,0,1915,1.0,1,13.2
2025-09-12T12:50:29.499545,0,1915,1.0,1,14.0
2025-09-12T12:50:30.004602,0,1915,1.0,1,14.4
2025-09-12T12:50:30.509658,0,1915,1.0,1,14.1
2025-09-12T12:50:31.014089,0,1915,1.0,1,15.0
2025-09-12T12:50:31.519065,0,1915,1.0,1,24.0
2025-09-12T12:50:32.024247,0,1915,1.0,1,21.7
2025-09-12T12:50:32.527711,0,1915,1.0,1,16.1
2025-09-12T12:50:33.032788,0,1915,1.0,1,15.3
2025-09-12T12:50:33.537852,0,1915,1.0,1,14.2
2025-09-12T12:50:34.042919,0,1915,1.0,1,13.4
2025-09-12T12:50:34.547991,0,1915,1.0,1,13.9
2025-09-12T12:50:35.053068,0,1915,1.0,1,15.1
2025-09-12T12:50:35.558140,0,1915,1.0,1,13.9
2025-09-12T12:50:36.063214,0,1915,1.0,1,16.3
2025-09-12T12:50:36.568280,0,1915,1.0,1,13.3
2025-09-12T12:50:37.073349,0,1915,1.0,1,14.9
2025-09-12T12:50:37.578660,0,1915,1.0,1,13.6
2025-09-12T12:50:38.083725,0,1915,1.0,1,13.4
2025-09-12T12:50:38.588796,0,1915,1.0,1,13.3
2025-09-12T12:50:39.093873,0,1915,1.0,1,15.9
2025-09-12T12:50:39.598940,0,1915,1.0,1,13.4
2025-09-12T12:50:40.104011,0,1915,1.0,1,14.8
2025-09-12T12:50:40.608846,0,1915,1.0,1,13.5
2025-09-12T12:50:41.113927,0,1915,1.0,1,14.4
2025-09-12T12:50:41.618995,0,1915,1.0,1,12.9
2025-09-12T12:50:42.123356,0,1915,1.0,1,13.1
2025-09-12T12:50:42.628430,0,1915,1.0,1,14.0
2025-09-12T12:50:43.132748,0,1915,1.0,1,15.8
2025-09-12T12:50:43.635653,0,1915,1.0,1,14.7
2025-09-12T12:50:44.140745,0,1915,1.0,1,16.0
2025-09-12T12:50:44.645821,0,1915,1.0,1,13.3
2025-09-12T12:50:45.149421,0,1915,1.0,1,13.4
2025-09-12T12:50:45.654507,0,1915,1.0,1,14.0
2025-09-12T12:50:46.159578,0,1915,1.0,1,16.5
2025-09-12T12:50:46.662735,0,1915,1.0,1,13.0
2025-09-12T12:50:47.167815,0,1915,1.0,1,12.8
2025-09-12T12:50:47.672959,0,1915,1.0,1,15.3
2025-09-12T12:50:48.183048,0,1915,1.0,1,33.3
2025-09-12T12:50:48.688126,0,1915,1.0,1,15.9
2025-09-12T12:50:49.193206,0,1915,1.0,1,18.6
2025-09-12T12:50:49.698322,0,1915,1.0,1,13.7
2025-09-12T12:50:50.203398,0,1915,1.0,1,13.3
2025-09-12T12:50:50.708486,0,1915,1.0,1,14.2
2025-09-12T12:50:51.213560,0,1915,1.0,1,13.5
2025-09-12T12:50:51.718630,0,1915,1.0,1,13.4
2025-09-12T12:50:52.219257,0,1915,1.0,1,13.8
2025-09-12T12:50:52.724333,0,1915,1.0,1,14.1
2025-09-12T12:50:53.229394,0,1915,1.0,1,13.8
2025-09-12T12:50:53.734463,0,1915,1.0,1,13.9
2025-09-12T12:50:54.239535,0,1915,1.0,1,13.9
2025-09-12T12:50:54.744610,0,1915,1.0,1,13.6
2025-09-12T12:50:55.249680,0,1915,1.0,1,13.9
2025-09-12T12:50:55.754766,0,1915,1.0,1,15.6
2025-09-12T12:50:56.259615,0,1915,1.0,1,26.3
2025-09-12T12:50:56.764802,0,1915,1.0,1,19.9
2025-09-12T12:50:57.269891,0,1915,1.0,1,22.7
2025-09-12T12:50:57.774991,0,1915,1.0,1,23.0
2025-09-12T12:50:58.275844,0,1915,1.0,1,23.1
2025-09-12T12:50:58.780938,0,1915,1.0,1,17.4
2025-09-12T12:50:59.286026,0,1915,1.0,1,16.8
2025-09-12T12:50:59.790561,0,1915,1.0,1,17.9
2025-09-12T12:51:00.292510,0,1915,1.0,1,16.0
2025-09-12T12:51:00.797587,0,1915,1.0,1,16.1
2025-09-12T12:51:01.302241,0,1915,1.0,1,26.5
2025-09-12T12:51:01.807323,0,1915,1.0,1,14.6
2025-09-12T12:51:02.312397,0,1915,1.0,1,15.6
2025-09-12T12:51:02.815890,0,1915,1.0,1,15.8
2025-09-12T12:51:03.321059,0,1915,1.0,1,14.0
2025-09-12T12:51:03.821356,0,1915,1.0,1,13.8
2025-09-12T12:51:04.325852,0,1915,1.0,1,15.2
2025-09-12T12:51:04.830941,0,1915,1.0,1,13.9
2025-09-12T12:51:05.336062,0,1915,1.0,1,16.9
2025-09-12T12:51:05.841151,0,1915,1.0,1,14.5
2025-09-12T12:51:06.342533,0,1915,1.0,1,15.1
2025-09-12T12:51:06.847616,0,1915,1.0,1,15.8
2025-09-12T12:51:07.348177,0,1915,1.0,1,13.6
2025-09-12T12:51:07.853269,0,1915,1.0,1,14.5
2025-09-12T12:51:08.358366,0,1915,1.0,1,13.9
2025-09-12T12:51:08.863451,0,1915,1.0,1,14.6
2025-09-12T12:51:09.368783,0,1915,1.0,1,15.9
2025-09-12T12:51:09.873860,0,1915,1.0,1,13.9
2025-09-12T12:51:10.375913,0,1915,1.0,1,13.7
2025-09-12T12:51:10.881839,0,1915,1.0,1,14.3
2025-09-12T12:51:11.386951,0,1915,1.0,1,27.9
2025-09-12T12:51:11.888761,0,1915,1.0,1,27.5
2025-09-12T12:51:12.393011,0,1915,1.0,1,29.3
2025-09-12T12:51:12.898546,0,1915,1.0,1,34.6
2025-09-12T12:51:13.403722,0,1915,1.0,1,17.5
2025-09-12T12:51:13.908668,0,1915,1.0,1,19.2
2025-09-12T12:51:14.410919,0,1915,1.0,1,14.4
2025-09-12T12:51:14.916002,0,1915,1.0,1,16.7
2025-09-12T12:51:15.421346,0,1915,1.0,1,13.2
2025-09-12T12:51:15.925947,0,1915,1.0,1,16.2
2025-09-12T12:51:16.431053,0,1915,1.0,1,19.7
2025-09-12T12:51:16.936159,0,1915,1.0,1,17.6
2025-09-12T12:51:17.439431,0,1915,1.0,1,17.1
2025-09-12T12:51:17.944518,0,1915,1.0,1,17.1
2025-09-12T12:51:18.445266,0,1915,1.0,1,15.4
2025-09-12T12:51:18.950404,0,1915,1.0,1,14.9
2025-09-12T12:51:19.455498,0,1915,1.0,1,15.6
2025-09-12T12:51:19.960577,0,1915,1.0,1,13.9
2025-09-12T12:51:20.465656,0,1915,1.0,1,13.8
2025-09-12T12:51:20.970737,0,1915,1.0,1,17.3
2025-09-12T12:51:21.475916,0,1915,1.0,1,16.0
2025-09-12T12:51:21.980992,0,1915,1.0,1,16.0
2025-09-12T12:51:22.485313,0,1915,1.0,1,14.3
2025-09-12T12:51:22.990401,0,1915,1.0,1,17.5
2025-09-12T12:51:23.490514,0,1915,1.0,1,15.2
2025-09-12T12:51:23.992650,0,1915,1.0,1,14.1
2025-09-12T12:51:24.497728,0,1915,1.0,1,13.4
2025-09-12T12:51:25.002809,0,1915,1.0,1,14.1
2025-09-12T12:51:25.507884,0,1915,1.0,1,13.6
2025-09-12T12:51:26.009323,0,1915,1.0,1,16.1
2025-09-12T12:51:26.514396,0,1915,1.0,1,14.6
2025-09-12T12:51:27.019474,0,1915,1.0,1,18.1
2025-09-12T12:51:27.524785,0,1915,1.0,1,14.1
2025-09-12T12:51:28.029870,0,1915,1.0,1,17.1
2025-09-12T12:51:28.534951,0,1915,1.0,1,14.7
2025-09-12T12:51:29.040033,0,1915,1.0,1,14.3
2025-09-12T12:51:29.542682,0,1915,1.0,1,14.4
2025-09-12T12:51:30.047770,0,1915,1.0,1,14.0
2025-09-12T12:51:30.552844,0,1915,1.0,1,15.8
2025-09-12T12:51:31.057919,0,1915,1.0,1,16.2
2025-09-12T12:51:31.559117,0,1915,1.0,1,14.0
2025-09-12T12:51:32.059360,0,1915,1.0,1,13.8
2025-09-12T12:51:32.564437,0,1915,1.0,1,14.0
2025-09-12T12:51:33.069519,0,1915,1.0,1,16.1
2025-09-12T12:51:33.575981,0,1915,1.0,1,14.1
2025-09-12T12:51:34.078719,0,1915,1.0,1,14.1
2025-09-12T12:51:34.583805,0,1915,1.0,1,15.2
2025-09-12T12:51:35.088886,0,1915,1.0,1,16.4
2025-09-12T12:51:35.592720,0,1915,1.0,1,16.5
2025-09-12T12:51:36.097795,0,1915,1.0,1,15.1
2025-09-12T12:51:36.602877,0,1915,1.0,1,13.8
2025-09-12T12:51:37.107952,0,1915,1.0,1,14.7
2025-09-12T12:51:37.608829,0,1915,1.0,1,13.5
2025-09-12T12:51:38.113921,0,1915,1.0,1,15.5
2025-09-12T12:51:38.618992,1,1916,1.0,1,13.7
2025-09-12T12:51:39.124059,0,1916,1.0,1,16.1
2025-09-12T12:51:39.629395,1,1917,1.0,1,14.1
2025-09-12T12:51:40.134479,0,1917,1.0,1,13.6
2025-09-12T12:51:40.634999,3,1920,1.0,1,24.9
2025-09-12T12:51:41.137989,0,1920,1.0,1,43.1
2025-09-12T12:51:41.642042,1,1921,1.0,1,33.3
2025-09-12T12:51:42.142753,0,1921,1.0,1,13.9
2025-09-12T12:51:42.647831,0,1921,1.0,1,14.1
2025-09-12T12:51:43.152904,0,1921,1.0,1,14.6
2025-09-12T12:51:43.657979,0,1921,1.0,1,19.0
2025-09-12T12:51:44.159835,0,1921,1.0,1,18.6
2025-09-12T12:51:44.664940,1,1922,1.0,1,20.6
2025-09-12T12:51:45.166085,0,1922,1.0,1,23.6
2025-09-12T12:51:45.670951,0,1922,1.0,1,18.4
2025-09-12T12:51:46.176040,0,1922,1.0,1,19.2
2025-09-12T12:51:46.681128,0,1922,1.0,1,21.1
2025-09-12T12:51:47.186211,0,1922,1.0,1,19.2
2025-09-12T12:51:47.688756,0,1922,1.0,1,23.7
2025-09-12T12:51:48.196620,0,1922,1.0,1,44.8
2025-09-12T12:51:48.702603,0,1922,1.0,1,21.5
2025-09-12T12:51:49.207708,0,1922,1.0,1,27.4
2025-09-12T12:51:49.709477,0,1922,1.0,1,18.4
2025-09-12T12:51:50.214224,0,1922,1.0,1,18.7
2025-09-12T12:51:50.719300,0,1922,1.0,1,16.2
2025-09-12T12:51:51.224399,0,1922,1.0,1,25.5
2025-09-12T12:51:51.726146,0,1922,1.0,1,21.6
2025-09-12T12:51:52.231539,0,1922,1.0,1,53.0
2025-09-12T12:51:52.736692,0,1922,1.0,1,19.7
2025-09-12T12:51:53.241772,0,1922,1.0,1,25.4
2025-09-12T12:51:53.746856,0,1922,1.0,1,30.5
2025-09-12T12:51:54.251937,0,1922,1.0,1,22.2
2025-09-12T12:51:54.757015,0,1922,1.0,1,23.3
2025-09-12T12:51:55.262101,0,1922,1.0,1,26.0
2025-09-12T12:51:55.767184,0,1922,1.0,1,25.9
2025-09-12T12:51:56.272267,0,1922,1.0,1,21.9
2025-09-12T12:51:56.779280,0,1922,1.0,1,28.3
2025-09-12T12:51:57.285028,0,1922,1.0,1,33.3
2025-09-12T12:51:57.790607,0,1922,1.0,1,23.7
2025-09-12T12:51:58.295788,0,1922,1.0,1,19.5
2025-09-12T12:51:58.800868,0,1922,1.0,1,25.2
2025-09-12T12:51:59.305951,0,1922,1.0,1,14.9
2025-09-12T12:51:59.811042,0,1922,1.0,1,17.9
2025-09-12T12:52:00.313432,0,1922,1.0,1,19.7
2025-09-12T12:52:00.814062,0,1922,1.0,1,21.3
2025-09-12T12:52:01.319230,0,1922,1.0,1,21.7
2025-09-12T12:52:01.819346,0,1922,1.0,1,19.2
2025-09-12T12:52:02.324420,0,1922,1.0,1,23.4
2025-09-12T12:52:02.826216,0,1922,1.0,1,29.8
2025-09-12T12:52:03.331379,0,1922,1.0,1,24.8
2025-09-12T12:52:03.833854,0,1922,1.0,1,31.4
2025-09-12T12:52:04.338796,0,1922,1.0,1,25.2
2025-09-12T12:52:04.842872,0,1922,1.0,1,21.9
2025-09-12T12:52:05.347948,0,1922,1.0,1,13.9
2025-09-12T12:52:05.853025,0,1922,1.0,1,20.1
2025-09-12T12:52:06.357311,0,1922,1.0,1,27.6
2025-09-12T12:52:06.862399,0,1922,1.0,1,30.6
2025-09-12T12:52:07.367541,0,1922,1.0,1,29.7
2025-09-12T12:52:07.872630,0,1922,1.0,1,27.0
2025-09-12T12:52:08.377714,0,1922,1.0,1,23.6
2025-09-12T12:52:08.882803,0,1922,1.0,1,26.3
2025-09-12T12:52:09.387893,0,1922,1.0,1,22.7
2025-09-12T12:52:09.892980,0,1922,1.0,1,31.5
2025-09-12T12:52:10.394001,0,1922,1.0,1,21.9
2025-09-12T12:52:10.898160,0,1922,1.0,1,20.5
2025-09-12T12:52:11.403247,0,1922,1.0,1,16.2
2025-09-12T12:52:11.908324,0,1922,1.0,1,24.1
2025-09-12T12:52:12.413400,0,1922,1.0,1,22.9
2025-09-12T12:52:12.915411,0,1922,1.0,1,32.3
2025-09-12T12:52:13.416995,0,1922,1.0,1,44.5
2025-09-12T12:52:13.921747,0,1922,1.0,1,37.3
2025-09-12T12:52:14.426831,0,1922,1.0,1,19.5
2025-09-12T12:52:14.931920,0,1922,1.0,1,26.9
2025-09-12T12:52:15.436997,0,1922,1.0,1,21.2
2025-09-12T12:52:15.942089,0,1922,1.0,1,26.2
2025-09-12T12:52:16.445322,0,1922,1.0,1,32.4
2025-09-12T12:52:16.950400,0,1922,1.0,1,20.0
2025-09-12T12:52:17.455463,0,1922,1.0,1,16.1
2025-09-12T12:52:17.958027,0,1922,1.0,1,25.3
2025-09-12T12:52:18.463104,0,1922,1.0,1,23.9
2025-09-12T12:52:18.968178,0,1922,1.0,1,25.2
2025-09-12T12:52:19.473265,0,1922,1.0,1,37.4
2025-09-12T12:52:19.978345,0,1922,1.0,1,20.3
2025-09-12T12:52:20.483547,0,1922,1.0,1,25.1
2025-09-12T12:52:20.988649,0,1922,1.0,1,26.0
2025-09-12T12:52:21.493741,0,1922,1.0,1,22.8
2025-09-12T12:52:21.998825,0,1922,1.0,1,15.4
2025-09-12T12:52:22.504155,0,1922,1.0,1,13.4
2025-09-12T12:52:23.009244,0,1922,1.0,1,16.4
2025-09-12T12:52:23.514323,0,1922,1.0,1,20.1
2025-09-12T12:52:24.015328,0,1922,1.0,1,17.1
2025-09-12T12:52:24.520402,0,1922,1.0,1,13.9
2025-09-12T12:52:25.025487,0,1922,1.0,1,21.1
2025-09-12T12:52:25.530567,0,1922,1.0,1,24.1
2025-09-12T12:52:26.035652,0,1922,1.0,1,20.7
2025-09-12T12:52:26.540734,0,1922,1.0,1,20.0
2025-09-12T12:52:27.041409,0,1922,1.0,1,23.5
2025-09-12T12:52:27.542688,0,1922,1.0,1,29.2
2025-09-12T12:52:28.048083,0,1922,1.0,1,29.9
2025-09-12T12:52:28.553155,0,1922,1.0,1,38.0
2025-09-12T12:52:29.058259,0,1922,1.0,1,27.0
2025-09-12T12:52:29.561582,0,1922,1.0,1,22.4
2025-09-12T12:52:30.066666,0,1922,1.0,1,17.7
2025-09-12T12:52:30.571744,0,1922,1.0,1,19.2
2025-09-12T12:52:31.076833,0,1922,1.0,1,18.8
2025-09-12T12:52:31.581921,0,1922,1.0,1,18.5
2025-09-12T12:52:32.092353,0,1922,1.0,1,29.2
2025-09-12T12:52:32.594460,0,1922,1.0,1,20.4
2025-09-12T12:52:33.099545,0,1922,1.0,1,18.0
2025-09-12T12:52:33.604618,0,1922,1.0,1,18.2
2025-09-12T12:52:34.109692,0,1922,1.0,1,18.0
2025-09-12T12:52:34.610133,0,1922,1.0,1,25.4
2025-09-12T12:52:35.115463,0,1922,1.0,1,15.2
2025-09-12T12:52:35.620539,0,1922,1.0,1,15.6
2025-09-12T12:52:36.125614,0,1922,1.0,1,14.2
2025-09-12T12:52:36.630691,0,1922,1.0,1,13.8
2025-09-12T12:52:37.135777,0,1922,1.0,1,13.0
2025-09-12T12:52:37.640861,0,1922,1.0,1,17.6
2025-09-12T12:52:38.145941,0,1922,1.0,1,14.9
2025-09-12T12:52:38.651007,0,1922,1.0,1,13.4
2025-09-12T12:52:39.155632,0,1922,1.0,1,18.6
2025-09-12T12:52:39.660722,0,1922,1.0,1,16.2
2025-09-12T12:52:40.165898,0,1922,1.0,1,27.0
2025-09-12T12:52:40.667371,0,1922,1.0,1,16.5
2025-09-12T12:52:41.172450,0,1922,1.0,1,16.0
2025-09-12T12:52:41.677532,0,1922,1.0,1,13.3
2025-09-12T12:52:42.182627,0,1922,1.0,1,15.8
2025-09-12T12:52:42.683690,0,1922,1.0,1,17.0
2025-09-12T12:52:43.188786,0,1922,1.0,1,16.8
2025-09-12T12:52:43.693222,0,1922,1.0,1,18.2
2025-09-12T12:52:44.198339,0,1922,1.0,1,18.0
2025-09-12T12:52:44.700902,0,1922,1.0,1,18.7
2025-09-12T12:52:45.202350,0,1922,1.0,1,16.0
2025-09-12T12:52:45.707461,0,1922,1.0,1,17.2
2025-09-12T12:52:46.212949,0,1922,1.0,1,29.3
2025-09-12T12:52:46.719125,0,1922,1.0,1,29.5
2025-09-12T12:52:47.224921,0,1922,1.0,1,33.4
2025-09-12T12:52:47.734761,0,1922,1.0,1,36.0
2025-09-12T12:52:48.240175,0,1922,1.0,1,44.4
2025-09-12T12:52:48.745286,0,1922,1.0,1,39.7
2025-09-12T12:52:49.249865,0,1922,1.0,1,43.4
2025-09-12T12:52:49.754959,0,1922,1.0,1,39.7
2025-09-12T12:52:50.260051,0,1922,1.0,1,34.7
2025-09-12T12:52:50.765175,0,1922,1.0,1,36.8
2025-09-12T12:52:51.266569,0,1922,1.0,1,24.7
2025-09-12T12:52:51.771889,0,1922,1.0,1,19.9
2025-09-12T12:52:52.276530,0,1922,1.0,1,24.9
2025-09-12T12:52:52.776856,0,1922,1.0,1,21.1
2025-09-12T12:52:53.281989,0,1922,1.0,1,19.0
2025-09-12T12:52:53.787089,0,1922,1.0,1,36.0
2025-09-12T12:52:54.292216,0,1922,1.0,1,21.8
2025-09-12T12:52:54.793218,0,1922,1.0,1,19.8
2025-09-12T12:52:55.298312,0,1922,1.0,1,19.8
2025-09-12T12:52:55.803386,0,1922,1.0,1,16.2
2025-09-12T12:52:56.308472,0,1922,1.0,1,19.1
2025-09-12T12:52:56.809904,0,1922,1.0,1,20.1
2025-09-12T12:52:57.315050,0,1922,1.0,1,18.5
2025-09-12T12:52:57.816274,0,1922,1.0,1,18.8
2025-09-12T12:52:58.321369,0,1922,1.0,1,18.9
2025-09-12T12:52:58.826602,0,1922,1.0,1,17.6
2025-09-12T12:52:59.331704,0,1922,1.0,1,16.3
2025-09-12T12:52:59.836779,0,1922,1.0,1,16.1
2025-09-12T12:53:00.341859,0,1922,1.0,1,24.1
2025-09-12T12:53:00.846968,0,1922,1.0,1,19.7
2025-09-12T12:53:01.352040,0,1922,1.0,1,16.1
2025-09-12T12:53:01.857112,0,1922,1.0,1,26.9
2025-09-12T12:53:02.360312,0,1922,1.0,1,34.8
2025-09-12T12:53:02.865453,0,1922,1.0,1,23.2
2025-09-12T12:53:03.370518,0,1922,1.0,1,24.6
2025-09-12T12:53:03.875612,0,1922,1.0,1,22.1
2025-09-12T12:53:04.380684,0,1922,1.0,1,13.7
2025-09-12T12:53:04.885744,0,1922,1.0,1,14.6
2025-09-12T12:53:05.390809,0,1922,1.0,1,15.4
2025-09-12T12:53:05.895895,0,1922,1.0,1,19.7
2025-09-12T12:53:06.400979,0,1922,1.0,1,69.6
2025-09-12T12:53:06.906092,0,1922,1.0,1,26.6
2025-09-12T12:53:07.407219,0,1922,1.0,1,29.3
2025-09-12T12:53:07.912326,0,1922,1.0,1,29.8
2025-09-12T12:53:08.417450,0,1922,1.0,1,33.5
2025-09-12T12:53:08.921255,0,1922,1.0,1,29.0
2025-09-12T12:53:09.426352,0,1922,1.0,1,29.8
2025-09-12T12:53:09.931439,0,1922,1.0,1,29.8
2025-09-12T12:53:10.436636,0,1922,1.0,1,35.8
2025-09-12T12:53:10.941649,0,1922,1.0,1,30.7
2025-09-12T12:53:11.443347,0,1922,1.0,1,37.5
2025-09-12T12:53:11.953247,1,1923,1.0,1,57.2
2025-09-12T12:53:12.458526,2,1925,1.0,1,47.2
2025-09-12T12:53:12.962468,2,1927,1.0,1,48.6
2025-09-12T12:53:13.463318,1,1928,1.0,1,58.5
2025-09-12T12:53:13.966787,1,1929,1.0,1,57.8
2025-09-12T12:53:14.522796,1,1930,1.0,1,48.0
2025-09-12T12:53:15.029542,0,1930,1.0,1,47.7
2025-09-12T12:53:15.529899,2,1932,1.0,1,54.2
2025-09-12T12:53:16.032923,0,1932,1.0,1,44.3
2025-09-12T12:53:16.538156,1,1933,1.0,1,54.0
2025-09-12T12:53:17.048908,1,1934,1.0,1,56.6
2025-09-12T12:53:17.560054,1,1935,1.0,1,42.9
2025-09-12T12:53:18.065141,0,1935,1.0,1,31.4
2025-09-12T12:53:18.570214,0,1935,1.0,1,26.8
2025-09-12T12:53:19.075352,0,1935,1.0,1,30.0
2025-09-12T12:53:19.576720,0,1935,1.0,1,29.4
2025-09-12T12:53:20.079253,0,1935,1.0,1,29.3
2025-09-12T12:53:20.584377,0,1935,1.0,1,34.9
2025-09-12T12:53:21.089509,0,1935,1.0,1,33.1
2025-09-12T12:53:21.594861,0,1935,1.0,1,29.0
2025-09-12T12:53:22.099948,0,1935,1.0,1,27.6
2025-09-12T12:53:22.605043,0,1935,1.0,1,27.5
2025-09-12T12:53:23.110126,0,1935,1.0,1,27.1
2025-09-12T12:53:23.611485,0,1935,1.0,1,32.5
2025-09-12T12:53:24.113750,0,1935,1.0,1,38.5
2025-09-12T12:53:24.618838,0,1935,1.0,1,31.6
2025-09-12T12:53:25.123906,0,1935,1.0,1,29.1
2025-09-12T12:53:25.629001,0,1935,1.0,1,33.0
2025-09-12T12:53:26.133116,0,1935,1.0,1,43.7
2025-09-12T12:53:26.642552,0,1935,1.0,1,45.5
2025-09-12T12:53:27.149797,0,1935,1.0,1,47.1
2025-09-12T12:53:27.650924,0,1935,1.0,1,49.2
2025-09-12T12:53:28.155861,2,1937,1.0,1,52.1
2025-09-12T12:53:28.663786,8,1945,1.0,1,52.0
2025-09-12T12:53:29.177532,81,2026,1.0,1,50.5
2025-09-12T12:53:29.680685,97,2123,1.0,1,53.7
2025-09-12T12:53:30.182465,0,2123,1.0,1,37.7
2025-09-12T12:53:30.684631,67,2190,1.0,1,59.1
2025-09-12T12:53:31.186906,37,2227,1.0,1,69.9
2025-09-12T12:53:31.691386,10,2237,1.0,1,64.1
2025-09-12T12:53:32.194074,61,2298,1.0,1,55.4
2025-09-12T12:53:32.694333,12,2310,1.0,1,45.5
2025-09-12T12:53:33.196191,82,2392,1.0,1,61.1
2025-09-12T12:53:33.697765,78,2470,1.0,1,48.7
2025-09-12T12:53:34.199661,64,2534,1.0,1,48.0
2025-09-12T12:53:34.702813,111,2645,1.0,1,51.0
2025-09-12T12:53:35.205699,108,2753,1.0,1,57.5
2025-09-12T12:53:35.705930,78,2831,1.0,1,48.1
2025-09-12T12:53:36.210207,66,2897,1.0,1,38.9
2025-09-12T12:53:36.714904,80,2977,1.0,1,34.3
2025-09-12T12:53:37.219980,26,3003,1.0,1,27.4
2025-09-12T12:53:37.722592,18,3021,1.0,1,26.3
2025-09-12T12:53:38.227657,26,3047,1.0,1,28.5
2025-09-12T12:53:38.728934,54,3101,1.0,1,40.2
2025-09-12T12:53:39.234022,0,3101,1.0,1,21.1
2025-09-12T12:53:39.739071,1,3102,1.0,1,25.0
2025-09-12T12:53:40.239847,22,3124,1.0,1,35.4
2025-09-12T12:53:40.744749,123,3247,1.0,1,40.2
2025-09-12T12:53:41.249853,70,3317,1.0,1,54.5
2025-09-12T12:53:41.754935,1,3318,1.0,1,35.7
2025-09-12T12:53:42.260037,0,3318,1.0,1,40.5
2025-09-12T12:53:42.765117,0,3318,1.0,1,34.9
2025-09-12T12:53:43.270192,0,3318,1.0,1,36.0
2025-09-12T12:53:43.775415,0,3318,1.0,1,21.6
2025-09-12T12:53:44.281530,0,3318,1.0,1,28.0
2025-09-12T12:53:44.783716,0,3318,1.0,1,21.7
2025-09-12T12:53:45.288838,0,3318,1.0,1,40.9
2025-09-12T12:53:45.793683,0,3318,1.0,1,16.3
2025-09-12T12:53:46.298821,0,3318,1.0,1,20.6
2025-09-12T12:53:46.803916,0,3318,1.0,1,17.5
2025-09-12T12:53:47.308997,0,3318,1.0,1,17.4
2025-09-12T12:53:47.811246,0,3318,1.0,1,85.7
2025-09-12T12:53:48.316332,0,3318,1.0,1,23.9
2025-09-12T12:53:48.821418,0,3318,1.0,1,17.1
2025-09-12T12:53:49.324302,0,3318,1.0,1,18.0
2025-09-12T12:53:49.827002,0,3318,1.0,1,21.9
2025-09-12T12:53:50.332355,0,3318,1.0,1,18.9
2025-09-12T12:53:50.837449,0,3318,1.0,1,17.4
2025-09-12T12:53:51.342543,0,3318,1.0,1,15.0
2025-09-12T12:53:51.847617,0,3318,1.0,1,14.9
2025-09-12T12:53:52.352688,0,3318,1.0,1,14.2
2025-09-12T12:53:52.855686,4,3322,1.0,1,26.3
2025-09-12T12:53:53.360403,3,3325,1.0,1,43.5
2025-09-12T12:53:53.875237,25,3350,1.0,1,38.8
2025-09-12T12:53:54.385673,65,3415,1.0,1,30.6
2025-09-12T12:53:54.890750,1,3416,1.0,1,16.5
2025-09-12T12:53:55.395822,0,3416,1.0,1,14.5
2025-09-12T12:53:55.898149,0,3416,1.0,1,15.4
2025-09-12T12:53:56.403228,0,3416,1.0,1,15.0
2025-09-12T12:53:56.908303,0,3416,1.0,1,16.8
2025-09-12T12:53:57.413505,0,3416,1.0,1,16.8
2025-09-12T12:53:57.918584,0,3416,1.0,1,15.2
2025-09-12T12:53:58.423690,0,3416,1.0,1,13.9
2025-09-12T12:53:58.928790,0,3416,1.0,1,21.9
2025-09-12T12:53:59.433866,0,3416,1.0,1,14.1
2025-09-12T12:53:59.938945,0,3416,1.0,1,16.9
2025-09-12T12:54:00.440090,0,3416,1.0,1,16.5
2025-09-12T12:54:00.943730,0,3416,1.0,1,23.5
2025-09-12T12:54:01.448811,0,3416,1.0,1,14.7
2025-09-12T12:54:01.950172,0,3416,1.0,1,18.7
2025-09-12T12:54:02.450597,0,3416,1.0,1,16.0
2025-09-12T12:54:02.952777,0,3416,1.0,1,16.2
2025-09-12T12:54:03.458122,0,3416,1.0,1,15.8
2025-09-12T12:54:03.963219,0,3416,1.0,1,16.9
2025-09-12T12:54:04.468301,0,3416,1.0,1,14.2
2025-09-12T12:54:04.968503,1,3417,1.0,1,24.6
2025-09-12T12:54:05.472347,2,3419,1.0,1,37.0
2025-09-12T12:54:05.977452,1,3420,1.0,1,24.6
2025-09-12T12:54:06.482537,0,3420,1.0,1,13.8
2025-09-12T12:54:06.987633,0,3420,1.0,1,17.5
2025-09-12T12:54:07.492731,0,3420,1.0,1,15.4
2025-09-12T12:54:07.993369,1,3421,1.0,1,27.8
2025-09-12T12:54:08.493985,6,3427,1.0,1,41.9
2025-09-12T12:54:08.995001,6,3433,1.0,1,40.4
2025-09-12T12:54:09.497097,3,3436,1.0,1,41.1
2025-09-12T12:54:10.002190,0,3436,1.0,1,19.3
2025-09-12T12:54:10.505033,0,3436,1.0,1,22.2
2025-09-12T12:54:11.010110,0,3436,1.0,1,24.2
2025-09-12T12:54:11.515214,0,3436,1.0,1,20.1
2025-09-12T12:54:12.020337,0,3436,1.0,1,18.2
2025-09-12T12:54:12.525692,0,3436,1.0,1,37.1
2025-09-12T12:54:13.030837,0,3436,1.0,1,40.5
2025-09-12T12:54:13.535928,0,3436,1.0,1,15.2
2025-09-12T12:54:14.041014,0,3436,1.0,1,17.1
2025-09-12T12:54:14.543455,0,3436,1.0,1,19.4
2025-09-12T12:54:15.048560,0,3436,1.0,1,23.8
2025-09-12T12:54:15.552137,12,3448,1.0,1,57.3
2025-09-12T12:54:16.054127,7,3455,1.0,1,48.2
2025-09-12T12:54:16.554813,51,3506,1.0,1,53.9
2025-09-12T12:54:17.057899,17,3523,1.0,1,49.7
2025-09-12T12:54:17.562987,0,3523,1.0,1,31.5
2025-09-12T12:54:18.064413,1,3524,1.0,1,45.2
2025-09-12T12:54:18.565662,14,3538,1.0,1,45.8
2025-09-12T12:54:19.066002,1,3539,1.0,1,26.8
2025-09-12T12:54:19.566168,11,3550,1.0,1,34.8
2025-09-12T12:54:20.071336,20,3570,1.0,1,81.5
2025-09-12T12:54:20.576434,23,3593,1.0,1,53.4
2025-09-12T12:54:21.078880,13,3606,1.0,1,58.3
2025-09-12T12:54:21.584052,29,3635,1.0,1,44.1
2025-09-12T12:54:22.089241,2,3637,1.0,1,24.0
2025-09-12T12:54:22.591181,0,3637,1.0,1,19.6
2025-09-12T12:54:23.095270,0,3637,1.0,1,22.6
2025-09-12T12:54:23.600356,0,3637,1.0,1,23.6
2025-09-12T12:54:24.105434,0,3637,1.0,1,20.1
2025-09-12T12:54:24.610521,0,3637,1.0,1,18.3
2025-09-12T12:54:25.115651,0,3637,1.0,1,23.6
2025-09-12T12:54:25.617549,16,3653,1.0,1,25.3
2025-09-12T12:54:26.122658,1,3654,1.0,1,24.6
2025-09-12T12:54:26.627270,0,3654,1.0,1,34.4
2025-09-12T12:54:27.132366,0,3654,1.0,1,17.8
2025-09-12T12:54:27.637456,0,3654,1.0,1,14.7
2025-09-12T12:54:28.142806,0,3654,1.0,1,23.5
2025-09-12T12:54:28.649873,21,3675,1.0,1,31.7
2025-09-12T12:54:29.155095,33,3708,1.0,1,27.6
2025-09-12T12:54:29.655459,22,3730,1.0,1,23.0
2025-09-12T12:54:30.160527,22,3752,1.0,1,37.2
2025-09-12T12:54:30.662665,0,3752,1.0,1,18.7
2025-09-12T12:54:31.162823,0,3752,1.0,1,18.5
2025-09-12T12:54:31.667967,30,3782,1.0,1,32.4
2025-09-12T12:54:32.173087,16,3798,1.0,1,27.5
2025-09-12T12:54:32.673198,0,3798,1.0,1,18.0
2025-09-12T12:54:33.178284,0,3798,1.0,1,18.1
2025-09-12T12:54:33.680734,0,3798,1.0,1,16.0
2025-09-12T12:54:34.181457,74,3872,1.0,1,42.3
2025-09-12T12:54:34.686558,17,3889,1.0,1,23.6
2025-09-12T12:54:35.191736,0,3889,1.0,1,14.4
2025-09-12T12:54:35.696816,0,3889,1.0,1,13.6
2025-09-12T12:54:36.201902,1,3890,1.0,1,15.7
2025-09-12T12:54:36.706991,0,3890,1.0,1,14.8
2025-09-12T12:54:37.210665,0,3890,1.0,1,28.0
2025-09-12T12:54:37.715760,0,3890,1.0,1,14.9
2025-09-12T12:54:38.220836,0,3890,1.0,1,18.7
2025-09-12T12:54:38.725923,0,3890,1.0,1,15.1
2025-09-12T12:54:39.231009,0,3890,1.0,1,29.0
2025-09-12T12:54:39.736093,0,3890,1.0,1,23.7
2025-09-12T12:54:40.241175,0,3890,1.0,1,26.0
2025-09-12T12:54:40.746265,0,3890,1.0,1,15.7
2025-09-12T12:54:41.251647,0,3890,1.0,1,16.3
2025-09-12T12:54:41.756724,0,3890,1.0,1,14.9
2025-09-12T12:54:42.261810,0,3890,1.0,1,15.6
2025-09-12T12:54:42.766885,0,3890,1.0,1,15.1
2025-09-12T12:54:43.271963,0,3890,1.0,1,23.4
2025-09-12T12:54:43.777052,0,3890,1.0,1,14.5
2025-09-12T12:54:44.277377,0,3890,1.0,1,17.0
2025-09-12T12:54:44.782458,0,3890,1.0,1,14.8
2025-09-12T12:54:45.287536,0,3890,1.0,1,14.4
2025-09-12T12:54:45.792459,0,3890,1.0,1,17.4
2025-09-12T12:54:46.294070,0,3890,1.0,1,46.9
2025-09-12T12:54:46.799228,0,3890,1.0,1,26.6
2025-09-12T12:54:47.304319,0,3890,1.0,1,18.8
2025-09-12T12:54:47.805995,0,3890,1.0,1,33.7
2025-09-12T12:54:48.310736,0,3890,1.0,1,19.1
2025-09-12T12:54:48.815809,0,3890,1.0,1,14.1
2025-09-12T12:54:49.320885,0,3890,1.0,1,30.2
2025-09-12T12:54:49.825962,0,3890,1.0,1,21.4
2025-09-12T12:54:50.331045,0,3890,1.0,1,16.3
2025-09-12T12:54:50.836127,0,3890,1.0,1,18.5
2025-09-12T12:54:51.341215,0,3890,1.0,1,15.7
2025-09-12T12:54:51.844170,1,3891,1.0,1,26.2
2025-09-12T12:54:52.345313,1,3892,1.0,1,32.5
2025-09-12T12:54:52.850406,0,3892,1.0,1,21.6
2025-09-12T12:54:53.355487,0,3892,1.0,1,13.6
2025-09-12T12:54:53.860628,0,3892,1.0,1,16.0
2025-09-12T12:54:54.360797,0,3892,1.0,1,20.8
2025-09-12T12:54:54.865882,0,3892,1.0,1,14.9
2025-09-12T12:54:55.370956,0,3892,1.0,1,14.3
2025-09-12T12:54:55.876037,0,3892,1.0,1,14.1
2025-09-12T12:54:56.381115,0,3892,1.0,1,15.1
2025-09-12T12:54:56.882604,0,3892,1.0,1,16.3
2025-09-12T12:54:57.387685,0,3892,1.0,1,15.3
2025-09-12T12:54:57.892770,0,3892,1.0,1,13.9
2025-09-12T12:54:58.394152,0,3892,1.0,1,13.7
2025-09-12T12:54:58.899272,0,3892,1.0,1,15.9
2025-09-12T12:54:59.404625,0,3892,1.0,1,14.4
2025-09-12T12:54:59.909697,0,3892,1.0,1,13.7
2025-09-12T12:55:00.413698,0,3892,1.0,1,17.3
2025-09-12T12:55:00.918778,0,3892,1.0,1,14.9
2025-09-12T12:55:01.423858,0,3892,1.0,1,16.4
2025-09-12T12:55:01.927741,0,3892,1.0,1,28.9
2025-09-12T12:55:02.432829,0,3892,1.0,1,15.8
2025-09-12T12:55:02.937907,0,3892,1.0,1,18.3
2025-09-12T12:55:03.443015,0,3892,1.0,1,14.1
2025-09-12T12:55:03.948133,0,3892,1.0,1,17.3
2025-09-12T12:55:04.453249,0,3892,1.0,1,13.8
2025-09-12T12:55:04.958339,0,3892,1.0,1,15.8
2025-09-12T12:55:05.463412,0,3892,1.0,1,14.2
2025-09-12T12:55:05.968752,0,3892,1.0,1,15.8
2025-09-12T12:55:06.473827,0,3892,1.0,1,17.1
2025-09-12T12:55:06.977561,0,3892,1.0,1,15.7
2025-09-12T12:55:07.480625,0,3892,1.0,1,15.2
2025-09-12T12:55:07.983392,2,3894,1.0,1,31.1
2025-09-12T12:55:08.488472,2,3896,1.0,1,30.7
2025-09-12T12:55:08.993573,1,3897,1.0,1,17.7
2025-09-12T12:55:09.494236,0,3897,1.0,1,14.5
2025-09-12T12:55:09.999316,0,3897,1.0,1,14.6
2025-09-12T12:55:10.504385,0,3897,1.0,1,14.1
2025-09-12T12:55:11.009458,0,3897,1.0,1,14.4
2025-09-12T12:55:11.510968,0,3897,1.0,1,23.9
2025-09-12T12:55:12.016312,0,3897,1.0,1,20.6
2025-09-12T12:55:12.521403,0,3897,1.0,1,21.1
2025-09-12T12:55:13.026490,0,3897,1.0,1,27.8
2025-09-12T12:55:13.527611,0,3897,1.0,1,21.4
2025-09-12T12:55:14.029157,0,3897,1.0,1,25.7
2025-09-12T12:55:14.534700,0,3897,1.0,1,56.0
2025-09-12T12:55:15.039861,0,3897,1.0,1,59.4
2025-09-12T12:55:15.544294,0,3897,1.0,1,20.8
2025-09-12T12:55:16.047297,0,3897,1.0,1,19.1
2025-09-12T12:55:16.548827,0,3897,1.0,1,24.3
2025-09-12T12:55:17.053900,0,3897,1.0,1,17.5
2025-09-12T12:55:17.559207,0,3897,1.0,1,20.3
2025-09-12T12:55:18.060971,0,3897,1.0,1,18.1
2025-09-12T12:55:18.566044,0,3897,1.0,1,24.4
2025-09-12T12:55:19.071050,0,3897,1.0,1,18.4
2025-09-12T12:55:19.576123,0,3897,1.0,1,14.9
2025-09-12T12:55:20.081213,1,3898,1.0,1,20.8
2025-09-12T12:55:20.581382,2,3900,1.0,1,26.1
2025-09-12T12:55:21.083665,3,3903,1.0,1,36.3
2025-09-12T12:55:21.588840,0,3903,1.0,1,33.8
2025-09-12T12:55:22.093964,1,3904,1.0,1,32.7
2025-09-12T12:55:22.599079,0,3904,1.0,1,28.9
2025-09-12T12:55:23.104169,0,3904,1.0,1,48.8
2025-09-12T12:55:23.609329,0,3904,1.0,1,38.9
2025-09-12T12:55:24.112150,0,3904,1.0,1,22.9
2025-09-12T12:55:24.617237,0,3904,1.0,1,24.4
2025-09-12T12:55:25.122362,0,3904,1.0,1,21.2
2025-09-12T12:55:25.627456,0,3904,1.0,1,17.0
2025-09-12T12:55:26.127703,0,3904,1.0,1,18.2
2025-09-12T12:55:26.632787,0,3904,1.0,1,18.2
2025-09-12T12:55:27.137872,0,3904,1.0,1,30.8
2025-09-12T12:55:27.643003,0,3904,1.0,1,28.4
2025-09-12T12:55:28.148096,0,3904,1.0,1,22.9
2025-09-12T12:55:28.653179,0,3904,1.0,1,21.8
2025-09-12T12:55:29.158180,0,3904,1.0,1,25.8
2025-09-12T12:55:29.768334,23,3927,1.0,1,45.8
2025-09-12T12:55:30.272115,9,3936,1.0,1,53.4
2025-09-12T12:55:30.777249,0,3936,1.0,1,23.1
2025-09-12T12:55:31.277783,1,3937,1.0,1,24.6
2025-09-12T12:55:31.782882,0,3937,1.0,1,18.0
2025-09-12T12:55:32.284865,0,3937,1.0,1,17.0
2025-09-12T12:55:32.789929,0,3937,1.0,1,18.5
2025-09-12T12:55:33.295005,0,3937,1.0,1,20.4
2025-09-12T12:55:33.800083,0,3937,1.0,1,22.0
2025-09-12T12:55:34.305163,0,3937,1.0,1,15.7
2025-09-12T12:55:34.808676,0,3937,1.0,1,21.4
2025-09-12T12:55:35.309455,0,3937,1.0,1,24.7
2025-09-12T12:55:35.814549,0,3937,1.0,1,17.3
2025-09-12T12:55:36.318765,0,3937,1.0,1,38.1
2025-09-12T12:55:36.823849,0,3937,1.0,1,14.9
2025-09-12T12:55:37.327893,0,3937,1.0,1,17.2
2025-09-12T12:55:37.832771,0,3937,1.0,1,18.7
2025-09-12T12:55:38.337850,0,3937,1.0,1,20.4
2025-09-12T12:55:38.842924,0,3937,1.0,1,18.1
2025-09-12T12:55:39.344484,0,3937,1.0,1,20.3
2025-09-12T12:55:39.849584,0,3937,1.0,1,18.6
2025-09-12T12:55:40.354672,0,3937,1.0,1,15.3
2025-09-12T12:55:40.859750,0,3937,1.0,1,20.8
2025-09-12T12:55:41.364886,0,3937,1.0,1,24.3
2025-09-12T12:55:41.869974,0,3937,1.0,1,16.8
2025-09-12T12:55:42.375055,0,3937,1.0,1,13.3
2025-09-12T12:55:42.878243,1,3938,1.0,1,19.0
2025-09-12T12:55:43.380846,2,3940,1.0,1,33.8
2025-09-12T12:55:43.886062,1,3941,1.0,1,34.3
2025-09-12T12:55:44.391151,0,3941,1.0,1,16.9
2025-09-12T12:55:44.896225,0,3941,1.0,1,13.2
2025-09-12T12:55:45.401297,0,3941,1.0,1,15.8
2025-09-12T12:55:45.906380,0,3941,1.0,1,15.9
2025-09-12T12:55:46.411167,0,3941,1.0,1,15.2
2025-09-12T12:55:46.916244,0,3941,1.0,1,13.6
2025-09-12T12:55:47.421313,0,3941,1.0,1,14.3
2025-09-12T12:55:47.921721,0,3941,1.0,1,36.6
2025-09-12T12:55:48.426987,0,3941,1.0,1,15.6
2025-09-12T12:55:48.927175,0,3941,1.0,1,16.5
2025-09-12T12:55:49.427929,0,3941,1.0,1,19.3
2025-09-12T12:55:49.933021,0,3941,1.0,1,15.7
2025-09-12T12:55:50.438092,0,3941,1.0,1,14.5
2025-09-12T12:55:50.940658,0,3941,1.0,1,15.2
2025-09-12T12:55:51.445753,0,3941,1.0,1,19.2
2025-09-12T12:55:51.945910,0,3941,1.0,1,14.7
2025-09-12T12:55:52.450990,0,3941,1.0,1,15.5
2025-09-12T12:55:52.951272,0,3941,1.0,1,13.5
2025-09-12T12:55:53.456365,0,3941,1.0,1,17.9
2025-09-12T12:55:53.957555,0,3941,1.0,1,15.1
2025-09-12T12:55:54.462639,0,3941,1.0,1,15.6
2025-09-12T12:55:54.963646,0,3941,1.0,1,15.4
2025-09-12T12:55:55.468726,0,3941,1.0,1,16.8
2025-09-12T12:55:55.972344,1,3942,1.0,1,21.7
2025-09-12T12:55:56.478295,3,3945,1.0,1,46.6
2025-09-12T12:55:56.978939,3,3948,1.0,1,34.8
2025-09-12T12:55:57.489658,1,3949,1.0,1,26.8
2025-09-12T12:55:57.993597,0,3949,1.0,1,15.1
2025-09-12T12:55:58.496852,0,3949,1.0,1,14.4
2025-09-12T12:55:59.001935,0,3949,1.0,1,21.6
2025-09-12T12:55:59.507093,0,3949,1.0,1,27.5
2025-09-12T12:56:00.011279,0,3949,1.0,1,19.2
2025-09-12T12:56:00.516349,0,3949,1.0,1,15.4
2025-09-12T12:56:01.021415,0,3949,1.0,1,14.4
2025-09-12T12:56:01.526492,0,3949,1.0,1,17.3
2025-09-12T12:56:02.031576,0,3949,1.0,1,16.8
2025-09-12T12:56:02.536640,0,3949,1.0,1,15.1
2025-09-12T12:56:03.041715,0,3949,1.0,1,17.4
2025-09-12T12:56:03.546789,0,3949,1.0,1,15.3
2025-09-12T12:56:04.051877,0,3949,1.0,1,20.3
2025-09-12T12:56:04.556957,0,3949,1.0,1,15.6
2025-09-12T12:56:05.062049,0,3949,1.0,1,16.7
2025-09-12T12:56:05.566637,0,3949,1.0,1,16.3
2025-09-12T12:56:06.074553,5,3954,1.0,1,38.8
2025-09-12T12:56:06.576707,19,3973,1.0,1,44.9
2025-09-12T12:56:07.201757,37,4010,1.0,1,40.0
2025-09-12T12:56:07.708453,90,4100,1.0,1,37.4
2025-09-12T12:56:08.213558,2,4102,1.0,1,35.2
2025-09-12T12:56:08.714132,1,4103,1.0,1,14.3
2025-09-12T12:56:09.215362,0,4103,1.0,1,13.4
2025-09-12T12:56:09.718283,0,4103,1.0,1,25.7
2025-09-12T12:56:10.222069,0,4103,1.0,1,28.9
2025-09-12T12:56:10.727147,0,4103,1.0,1,15.1
2025-09-12T12:56:11.232221,0,4103,1.0,1,16.1
2025-09-12T12:56:11.737563,0,4103,1.0,1,15.7
2025-09-12T12:56:12.242644,0,4103,1.0,1,14.0
2025-09-12T12:56:12.747728,0,4103,1.0,1,15.8
2025-09-12T12:56:13.251725,0,4103,1.0,1,13.2
2025-09-12T12:56:13.756811,0,4103,1.0,1,15.4
2025-09-12T12:56:14.261542,0,4103,1.0,1,17.6
2025-09-12T12:56:14.766628,16,4119,1.0,1,23.9
2025-09-12T12:56:15.271704,2,4121,1.0,1,15.8
2025-09-12T12:56:15.776781,3,4124,1.0,1,17.3
2025-09-12T12:56:16.281879,3,4127,1.0,1,15.5
2025-09-12T12:56:16.786979,3,4130,1.0,1,20.2
2025-09-12T12:56:17.292081,1,4131,1.0,1,14.4
2025-09-12T12:56:17.794708,1,4132,1.0,1,17.0
2025-09-12T12:56:18.296719,3,4135,1.0,1,52.3
2025-09-12T12:56:18.801781,1,4136,1.0,1,25.2
2025-09-12T12:56:19.306855,0,4136,1.0,1,14.5
2025-09-12T12:56:19.811406,0,4136,1.0,1,15.6
2025-09-12T12:56:20.316491,0,4136,1.0,1,16.3
2025-09-12T12:56:20.821635,0,4136,1.0,1,25.5
2025-09-12T12:56:21.326730,0,4136,1.0,1,17.3
2025-09-12T12:56:21.831803,0,4136,1.0,1,15.3
2025-09-12T12:56:22.336885,0,4136,1.0,1,14.7
2025-09-12T12:56:22.842227,0,4136,1.0,1,17.3
2025-09-12T12:56:23.347295,0,4136,1.0,1,15.1
2025-09-12T12:56:23.852369,0,4136,1.0,1,17.5
2025-09-12T12:56:24.357441,0,4136,1.0,1,13.8
2025-09-12T12:56:24.862520,0,4136,1.0,1,13.4
2025-09-12T12:56:25.367595,0,4136,1.0,1,14.1
2025-09-12T12:56:25.872275,0,4136,1.0,1,14.9
2025-09-12T12:56:26.377367,0,4136,1.0,1,14.9
2025-09-12T12:56:26.878179,0,4136,1.0,1,17.0
2025-09-12T12:56:27.383266,0,4136,1.0,1,16.1
2025-09-12T12:56:27.884389,0,4136,1.0,1,14.5
2025-09-12T12:56:28.389730,0,4136,1.0,1,14.3
2025-09-12T12:56:28.893520,0,4136,1.0,1,14.7
2025-09-12T12:56:29.398610,0,4136,1.0,1,15.5
2025-09-12T12:56:29.899390,3,4139,1.0,1,25.1
2025-09-12T12:56:30.402786,4,4143,1.0,1,42.6
2025-09-12T12:56:30.907861,5,4148,1.0,1,34.6
2025-09-12T12:56:31.412949,0,4148,1.0,1,18.5
2025-09-12T12:56:31.918030,0,4148,1.0,1,14.3
2025-09-12T12:56:32.419236,0,4148,1.0,1,13.7
2025-09-12T12:56:32.924338,0,4148,1.0,1,14.4
2025-09-12T12:56:33.429421,0,4148,1.0,1,13.7
2025-09-12T12:56:33.934753,0,4148,1.0,1,14.6
2025-09-12T12:56:34.439829,0,4148,1.0,1,14.6
2025-09-12T12:56:34.944907,0,4148,1.0,1,13.8
2025-09-12T12:56:35.449976,0,4148,1.0,1,13.7
2025-09-12T12:56:35.955042,0,4148,1.0,1,15.2
2025-09-12T12:56:36.460120,0,4148,1.0,1,15.2
2025-09-12T12:56:36.965207,0,4148,1.0,1,16.3
2025-09-12T12:56:37.470290,0,4148,1.0,1,15.6
2025-09-12T12:56:37.971452,0,4148,1.0,1,14.7
2025-09-12T12:56:38.476529,0,4148,1.0,1,12.9
2025-09-12T12:56:38.981605,0,4148,1.0,1,15.8
2025-09-12T12:56:39.486685,0,4148,1.0,1,13.4
2025-09-12T12:56:39.991762,0,4148,1.0,1,13.4
2025-09-12T12:56:40.494896,0,4148,1.0,1,13.2
2025-09-12T12:56:40.999980,0,4148,1.0,1,14.9
2025-09-12T12:56:41.505315,0,4148,1.0,1,14.9
2025-09-12T12:56:42.010386,0,4148,1.0,1,13.9
2025-09-12T12:56:42.515510,0,4148,1.0,1,15.6
2025-09-12T12:56:43.020589,0,4148,1.0,1,12.9
2025-09-12T12:56:43.525390,0,4148,1.0,1,13.9
2025-09-12T12:56:44.030457,0,4148,1.0,1,19.2
2025-09-12T12:56:44.531444,0,4148,1.0,1,13.2
2025-09-12T12:56:45.036501,0,4148,1.0,1,14.6
2025-09-12T12:56:45.537173,0,4148,1.0,1,13.1
2025-09-12T12:56:46.042249,0,4148,1.0,1,16.1
2025-09-12T12:56:46.545110,1,4149,1.0,1,26.4
2025-09-12T12:56:47.045244,4,4153,1.0,1,33.1
2025-09-12T12:56:47.550313,1,4154,1.0,1,40.5
2025-09-12T12:56:48.053113,0,4154,1.0,1,48.9
2025-09-12T12:56:48.558288,1,4155,1.0,1,42.7
2025-09-12T12:56:49.063410,1,4156,1.0,1,28.1
2025-09-12T12:56:49.568497,0,4156,1.0,1,15.9
2025-09-12T12:56:50.073580,0,4156,1.0,1,17.7
2025-09-12T12:56:50.578659,0,4156,1.0,1,12.9
2025-09-12T12:56:51.083738,0,4156,1.0,1,15.9
2025-09-12T12:56:51.588816,0,4156,1.0,1,28.6
2025-09-12T12:56:52.093925,0,4156,1.0,1,31.3
2025-09-12T12:56:52.594231,0,4156,1.0,1,16.6
2025-09-12T12:56:53.099319,0,4156,1.0,1,17.1
2025-09-12T12:56:53.604411,0,4156,1.0,1,15.9
2025-09-12T12:56:54.109750,0,4156,1.0,1,13.6
2025-09-12T12:56:54.611640,0,4156,1.0,1,13.2
2025-09-12T12:56:55.116715,0,4156,1.0,1,14.8
2025-09-12T12:56:55.621784,0,4156,1.0,1,13.4
2025-09-12T12:56:56.126849,0,4156,1.0,1,15.3
2025-09-12T12:56:56.630921,0,4156,1.0,1,15.2
2025-09-12T12:56:57.136005,0,4156,1.0,1,20.0
2025-09-12T12:56:57.641145,0,4156,1.0,1,15.1
2025-09-12T12:56:58.145026,0,4156,1.0,1,16.6
2025-09-12T12:56:58.650116,0,4156,1.0,1,13.7
2025-09-12T12:56:59.155199,0,4156,1.0,1,17.6
2025-09-12T12:56:59.660282,0,4156,1.0,1,14.4
2025-09-12T12:57:00.162713,0,4156,1.0,1,16.2
2025-09-12T12:57:00.667498,0,4156,1.0,1,13.6
2025-09-12T12:57:01.173366,0,4156,1.0,1,16.5
2025-09-12T12:57:01.678457,0,4156,1.0,1,16.7
2025-09-12T12:57:02.183539,0,4156,1.0,1,13.9
2025-09-12T12:57:02.688623,0,4156,1.0,1,13.2
2025-09-12T12:57:03.188872,0,4156,1.0,1,13.5
2025-09-12T12:57:03.693941,0,4156,1.0,1,13.4
2025-09-12T12:57:04.199000,0,4156,1.0,1,13.4
2025-09-12T12:57:04.704067,0,4156,1.0,1,16.7
2025-09-12T12:57:05.215401,1,4157,1.0,1,23.2
2025-09-12T12:57:05.726695,1,4158,1.0,1,42.5
2025-09-12T12:57:06.227117,3,4161,1.0,1,34.0
2025-09-12T12:57:06.727773,8,4169,1.0,1,40.5
2025-09-12T12:57:07.232405,3,4172,1.0,1,35.6
2025-09-12T12:57:07.740330,6,4178,1.0,1,46.1
2025-09-12T12:57:08.240451,9,4187,1.0,1,50.3
2025-09-12T12:57:08.741169,1,4188,1.0,1,31.8
2025-09-12T12:57:09.244393,0,4188,1.0,1,29.3
2025-09-12T12:57:09.745131,5,4193,1.0,1,37.2
2025-09-12T12:57:10.245368,14,4207,1.0,1,35.7
2025-09-12T12:57:10.750433,66,4273,1.0,1,36.0
2025-09-12T12:57:11.250852,7,4280,1.0,1,46.6
2025-09-12T12:57:11.756016,0,4280,1.0,1,43.2
2025-09-12T12:57:12.259878,3,4283,1.0,1,29.1
2025-09-12T12:57:12.764978,1,4284,1.0,1,16.1
2025-09-12T12:57:13.270066,0,4284,1.0,1,14.6
2025-09-12T12:57:13.772058,0,4284,1.0,1,27.9
2025-09-12T12:57:14.277143,0,4284,1.0,1,27.7
2025-09-12T12:57:14.782219,0,4284,1.0,1,26.8
2025-09-12T12:57:15.287301,0,4284,1.0,1,26.6
2025-09-12T12:57:15.792386,0,4284,1.0,1,15.2
2025-09-12T12:57:16.294538,0,4284,1.0,1,15.2
2025-09-12T12:57:16.799616,0,4284,1.0,1,14.0
2025-09-12T12:57:17.303566,0,4284,1.0,1,14.3
2025-09-12T12:57:17.808658,0,4284,1.0,1,16.1
2025-09-12T12:57:18.313762,0,4284,1.0,1,16.0
2025-09-12T12:57:18.817660,0,4284,1.0,1,0.0
2025-09-12T12:57:19.322741,0,4284,1.0,1,14.3
2025-09-12T12:57:19.827823,0,4284,1.0,1,16.9
2025-09-12T12:57:20.332901,0,4284,1.0,1,13.7
2025-09-12T12:57:20.837974,0,4284,1.0,1,16.6
2025-09-12T12:57:21.343049,0,4284,1.0,1,14.4
2025-09-12T12:57:21.845213,0,4284,1.0,1,16.7
2025-09-12T12:57:22.350299,0,4284,1.0,1,14.0
2025-09-12T12:57:22.855381,0,4284,1.0,1,14.2
2025-09-12T12:57:23.360460,0,4284,1.0,1,13.4
2025-09-12T12:57:23.865539,0,4284,1.0,1,15.1
2025-09-12T12:57:24.370624,0,4284,1.0,1,15.1
2025-09-12T12:57:24.875775,0,4284,1.0,1,14.4
2025-09-12T12:57:25.380848,0,4284,1.0,1,13.7
2025-09-12T12:57:25.883570,0,4284,1.0,1,13.4
2025-09-12T12:57:26.388651,0,4284,1.0,1,14.9
2025-09-12T12:57:26.889578,1,4285,1.0,1,22.3
2025-09-12T12:57:27.394662,0,4285,1.0,1,32.8
2025-09-12T12:57:27.895252,1,4286,1.0,1,29.8
2025-09-12T12:57:28.400340,0,4286,1.0,1,15.1
2025-09-12T12:57:28.905414,0,4286,1.0,1,15.6
2025-09-12T12:57:29.410489,0,4286,1.0,1,13.0
2025-09-12T12:57:29.912828,0,4286,1.0,1,14.1
2025-09-12T12:57:30.417927,0,4286,1.0,1,16.9
2025-09-12T12:57:30.923296,0,4286,1.0,1,20.2
2025-09-12T12:57:31.428378,0,4286,1.0,1,14.2
2025-09-12T12:57:31.928649,0,4286,1.0,1,14.9
2025-09-12T12:57:32.433768,0,4286,1.0,1,15.0
2025-09-12T12:57:32.938865,0,4286,1.0,1,15.8
2025-09-12T12:57:33.444732,0,4286,1.0,1,13.0
2025-09-12T12:57:33.945271,0,4286,1.0,1,14.7
2025-09-12T12:57:34.450358,0,4286,1.0,1,25.8
2025-09-12T12:57:34.955437,0,4286,1.0,1,15.9
2025-09-12T12:57:35.460497,0,4286,1.0,1,13.7
2025-09-12T12:57:35.965562,0,4286,1.0,1,16.5
2025-09-12T12:57:36.470638,0,4286,1.0,1,13.4
2025-09-12T12:57:36.975710,0,4286,1.0,1,14.4
2025-09-12T12:57:37.480785,0,4286,1.0,1,14.4
2025-09-12T12:57:37.986121,0,4286,1.0,1,16.0
2025-09-12T12:57:38.491192,0,4286,1.0,1,13.5
2025-09-12T12:57:38.996275,0,4286,1.0,1,16.4
2025-09-12T12:57:39.501353,0,4286,1.0,1,14.0
2025-09-12T12:57:40.006422,0,4286,1.0,1,17.9
2025-09-12T12:57:40.511497,0,4286,1.0,1,15.9
2025-09-12T12:57:41.016580,0,4286,1.0,1,16.0
2025-09-12T12:57:41.521072,0,4286,1.0,1,13.6
2025-09-12T12:57:42.025249,0,4286,1.0,1,14.1
2025-09-12T12:57:42.530336,0,4286,1.0,1,14.4
2025-09-12T12:57:43.035408,0,4286,1.0,1,12.9
2025-09-12T12:57:43.540468,0,4286,1.0,1,14.8
2025-09-12T12:57:44.045462,0,4286,1.0,1,13.4
2025-09-12T12:57:44.550576,0,4286,1.0,1,17.4
2025-09-12T12:57:45.053419,0,4286,1.0,1,15.2
2025-09-12T12:57:45.554278,1,4287,1.0,1,45.3
2025-09-12T12:57:46.056239,3,4290,1.0,1,54.2
2025-09-12T12:57:46.561362,1,4291,1.0,1,37.1
2025-09-12T12:57:47.062094,1,4292,1.0,1,38.3
2025-09-12T12:57:47.567252,0,4292,1.0,1,35.2
2025-09-12T12:57:48.072374,0,4292,1.0,1,46.0
2025-09-12T12:57:48.577594,0,4292,1.0,1,42.3
2025-09-12T12:57:49.078699,0,4292,1.0,1,21.1
2025-09-12T12:57:49.583825,0,4292,1.0,1,18.0
2025-09-12T12:57:50.094242,0,4292,1.0,1,32.4
2025-09-12T12:57:50.595368,0,4292,1.0,1,16.6
2025-09-12T12:57:51.100492,0,4292,1.0,1,28.8
2025-09-12T12:57:51.605593,0,4292,1.0,1,20.9
2025-09-12T12:57:52.110673,0,4292,1.0,1,14.4
2025-09-12T12:57:52.615543,0,4292,1.0,1,14.3
2025-09-12T12:57:53.120630,0,4292,1.0,1,15.0
2025-09-12T12:57:53.625705,0,4292,1.0,1,16.0
2025-09-12T12:57:54.131025,0,4292,1.0,1,13.9
2025-09-12T12:57:54.636100,0,4292,1.0,1,14.8
2025-09-12T12:57:55.141174,0,4292,1.0,1,14.5
2025-09-12T12:57:55.645277,0,4292,1.0,1,16.1
2025-09-12T12:57:56.150427,0,4292,1.0,1,22.9
2025-09-12T12:57:56.655541,0,4292,1.0,1,15.7
2025-09-12T12:57:57.160634,0,4292,1.0,1,19.4
2025-09-12T12:57:57.662112,0,4292,1.0,1,13.9
2025-09-12T12:57:58.167203,0,4292,1.0,1,14.4
2025-09-12T12:57:58.672432,0,4292,1.0,1,15.0
2025-09-12T12:57:59.177551,0,4292,1.0,1,17.3
2025-09-12T12:57:59.682759,0,4292,1.0,1,14.6
2025-09-12T12:58:00.187835,0,4292,1.0,1,18.0
2025-09-12T12:58:00.692905,0,4292,1.0,1,13.3
2025-09-12T12:58:01.197980,0,4292,1.0,1,15.6
2025-09-12T12:58:01.703059,0,4292,1.0,1,14.7
2025-09-12T12:58:02.208133,0,4292,1.0,1,13.3
2025-09-12T12:58:02.712151,0,4292,1.0,1,15.2
2025-09-12T12:58:03.217238,0,4292,1.0,1,17.1
2025-09-12T12:58:03.719171,0,4292,1.0,1,14.8
2025-09-12T12:58:04.225058,0,4292,1.0,1,13.2
2025-09-12T12:58:04.730143,0,4292,1.0,1,15.0
2025-09-12T12:58:05.236153,0,4292,1.0,1,13.6
2025-09-12T12:58:05.741230,0,4292,1.0,1,13.4
2025-09-12T12:58:06.245542,0,4292,1.0,1,16.9
2025-09-12T12:58:06.750660,0,4292,1.0,1,13.5
2025-09-12T12:58:07.255730,0,4292,1.0,1,14.5
2025-09-12T12:58:07.760821,0,4292,1.0,1,13.9
2025-09-12T12:58:08.264300,0,4292,1.0,1,13.5
2025-09-12T12:58:08.769391,0,4292,1.0,1,15.3
2025-09-12T12:58:09.274464,0,4292,1.0,1,13.8
2025-09-12T12:58:09.778862,0,4292,1.0,1,13.9
2025-09-12T12:58:10.283940,0,4292,1.0,1,13.8
2025-09-12T12:58:10.789267,0,4292,1.0,1,13.6
2025-09-12T12:58:11.294340,0,4292,1.0,1,15.1
2025-09-12T12:58:11.799403,0,4292,1.0,1,15.1
2025-09-12T12:58:12.304462,0,4292,1.0,1,13.7
2025-09-12T12:58:12.808326,0,4292,1.0,1,13.8
2025-09-12T12:58:13.313407,0,4292,1.0,1,14.1
2025-09-12T12:58:13.818483,0,4292,1.0,1,14.9
2025-09-12T12:58:14.323555,0,4292,1.0,1,15.1
2025-09-12T12:58:14.828620,0,4292,1.0,1,13.9
2025-09-12T12:58:15.333708,0,4292,1.0,1,13.2
2025-09-12T12:58:15.838791,0,4292,1.0,1,14.6
2025-09-12T12:58:16.341163,0,4292,1.0,1,14.2
2025-09-12T12:58:16.846345,0,4292,1.0,1,18.8
2025-09-12T12:58:17.351726,0,4292,1.0,1,15.7
2025-09-12T12:58:17.856808,0,4292,1.0,1,22.7
2025-09-12T12:58:18.361872,0,4292,1.0,1,13.3
2025-09-12T12:58:18.862266,0,4292,1.0,1,21.2
2025-09-12T12:58:19.367347,0,4292,1.0,1,13.5
2025-09-12T12:58:19.872437,0,4292,1.0,1,18.0
2025-09-12T12:58:20.374647,0,4292,1.0,1,15.2
2025-09-12T12:58:20.879734,0,4292,1.0,1,13.4
2025-09-12T12:58:21.384831,0,4292,1.0,1,16.8
2025-09-12T12:58:21.889926,0,4292,1.0,1,15.6
2025-09-12T12:58:22.394999,0,4292,1.0,1,14.1
2025-09-12T12:58:22.900076,0,4292,1.0,1,13.6
2025-09-12T12:58:23.405155,0,4292,1.0,1,14.0
2025-09-12T12:58:23.910228,0,4292,1.0,1,14.4
2025-09-12T12:58:24.415567,0,4292,1.0,1,13.2
2025-09-12T12:58:24.917159,0,4292,1.0,1,17.6
2025-09-12T12:58:25.422241,0,4292,1.0,1,15.5
2025-09-12T12:58:25.927326,0,4292,1.0,1,13.9
2025-09-12T12:58:26.432398,0,4292,1.0,1,15.1
2025-09-12T12:58:26.937461,0,4292,1.0,1,16.9
2025-09-12T12:58:27.442532,0,4292,1.0,1,13.9
2025-09-12T12:58:27.945649,0,4292,1.0,1,17.7
2025-09-12T12:58:28.450725,0,4292,1.0,1,13.6
2025-09-12T12:58:28.955793,0,4292,1.0,1,14.3
2025-09-12T12:58:29.460870,0,4292,1.0,1,13.4
2025-09-12T12:58:29.961592,0,4292,1.0,1,14.2
2025-09-12T12:58:30.466961,0,4292,1.0,1,22.6
2025-09-12T12:58:30.972377,0,4292,1.0,1,17.0
2025-09-12T12:58:31.477454,0,4292,1.0,1,18.1
2025-09-12T12:58:31.979003,0,4292,1.0,1,18.0
2025-09-12T12:58:32.484085,0,4292,1.0,1,13.0
2025-09-12T12:58:32.989166,0,4292,1.0,1,16.0
2025-09-12T12:58:33.494248,0,4292,1.0,1,13.5
2025-09-12T12:58:33.999319,0,4292,1.0,1,16.7
2025-09-12T12:58:34.501304,0,4292,1.0,1,13.6
2025-09-12T12:58:35.006374,0,4292,1.0,1,15.3
2025-09-12T12:58:35.511439,0,4292,1.0,1,15.0
2025-09-12T12:58:36.016512,0,4292,1.0,1,14.6
2025-09-12T12:58:36.521840,0,4292,1.0,1,14.0
2025-09-12T12:58:37.026914,0,4292,1.0,1,15.5
2025-09-12T12:58:37.531998,0,4292,1.0,1,14.0
2025-09-12T12:58:38.033913,1,4293,1.0,1,25.8
2025-09-12T12:58:38.538984,0,4293,1.0,1,35.8
2025-09-12T12:58:39.042981,1,4294,1.0,1,21.4
2025-09-12T12:58:39.548072,0,4294,1.0,1,12.9
2025-09-12T12:58:40.053148,0,4294,1.0,1,14.4
2025-09-12T12:58:40.558219,0,4294,1.0,1,13.6
2025-09-12T12:58:41.063300,0,4294,1.0,1,15.7
2025-09-12T12:58:41.565800,0,4294,1.0,1,19.2
2025-09-12T12:58:42.070880,0,4294,1.0,1,15.3
2025-09-12T12:58:42.575958,0,4294,1.0,1,13.9
2025-09-12T12:58:43.081293,0,4294,1.0,1,15.2
2025-09-12T12:58:43.586391,0,4294,1.0,1,15.0
2025-09-12T12:58:44.091467,0,4294,1.0,1,22.7
2025-09-12T12:58:44.595749,0,4294,1.0,1,17.1
2025-09-12T12:58:45.098966,0,4294,1.0,1,16.5
2025-09-12T12:58:45.604060,0,4294,1.0,1,17.3
2025-09-12T12:58:46.109146,0,4294,1.0,1,14.1
2025-09-12T12:58:46.614260,0,4294,1.0,1,16.5
2025-09-12T12:58:47.119595,0,4294,1.0,1,20.3
2025-09-12T12:58:47.624726,0,4294,1.0,1,17.2
2025-09-12T12:58:48.125875,0,4294,1.0,1,37.7
2025-09-12T12:58:48.629099,0,4294,1.0,1,15.5
2025-09-12T12:58:49.129876,0,4294,1.0,1,23.1
2025-09-12T12:58:49.634965,0,4294,1.0,1,23.6
2025-09-12T12:58:50.140396,0,4294,1.0,1,29.4
2025-09-12T12:58:50.645601,0,4294,1.0,1,15.3
2025-09-12T12:58:51.147036,0,4294,1.0,1,19.0
2025-09-12T12:58:51.652150,0,4294,1.0,1,35.6
2025-09-12T12:58:52.157330,0,4294,1.0,1,16.3
2025-09-12T12:58:52.662572,0,4294,1.0,1,10.8
2025-09-12T12:58:53.166099,0,4294,1.0,1,12.8
2025-09-12T12:58:53.671451,0,4294,1.0,1,15.9
2025-09-12T12:58:54.175998,0,4294,1.0,1,14.1
2025-09-12T12:58:54.679365,0,4294,1.0,1,13.7
2025-09-12T12:58:55.184679,0,4294,1.0,1,12.3
2025-09-12T12:58:55.690031,0,4294,1.0,1,14.9
2025-09-12T12:58:56.195396,0,4294,1.0,1,11.5
2025-09-12T12:58:56.697311,0,4294,1.0,1,11.8
2025-09-12T12:58:57.202584,0,4294,1.0,1,15.6
2025-09-12T12:58:57.707856,0,4294,1.0,1,9.9
2025-09-12T12:58:58.213156,0,4294,1.0,1,17.4
2025-09-12T12:58:58.718466,0,4294,1.0,1,14.0
2025-09-12T12:58:59.223758,0,4294,1.0,1,16.7
2025-09-12T12:58:59.728220,0,4294,1.0,1,16.0
2025-09-12T12:59:00.233538,0,4294,1.0,1,14.8
2025-09-12T12:59:00.738848,0,4294,1.0,1,15.1
2025-09-12T12:59:01.244089,0,4294,1.0,1,1.5
2025-09-12T12:59:01.749516,0,4294,1.0,1,7.4
2025-09-12T12:59:02.254816,0,4294,1.0,1,10.4
2025-09-12T12:59:02.759403,0,4294,1.0,1,10.2
2025-09-12T12:59:03.262694,0,4294,1.0,1,1.5
2025-09-12T12:59:03.767704,0,4294,1.0,1,10.8
2025-09-12T12:59:04.273069,0,4294,1.0,1,10.6
2025-09-12T12:59:04.778536,0,4294,1.0,1,1.5
2025-09-12T12:59:05.283487,0,4294,1.0,1,3.2
2025-09-12T12:59:05.787817,0,4294,1.0,1,1.0
2025-09-12T12:59:06.292135,0,4294,1.0,1,1.5
2025-09-12T12:59:06.797482,0,4294,1.0,1,7.0
2025-09-12T12:59:07.302787,0,4294,1.0,1,7.7
2025-09-12T12:59:07.806855,0,4294,1.0,1,6.5
2025-09-12T12:59:08.311610,0,4294,1.0,1,3.7
2025-09-12T12:59:08.812753,0,4294,1.0,1,1.7
2025-09-12T12:59:09.318076,0,4294,1.0,1,4.2
2025-09-12T12:59:09.823563,0,4294,1.0,1,6.5
2025-09-12T12:59:10.326341,0,4294,1.0,1,4.5
2025-09-12T12:59:10.831708,0,4294,1.0,1,5.4
2025-09-12T12:59:11.336722,0,4294,1.0,1,11.8
2025-09-12T12:59:11.841982,0,4294,1.0,1,16.0
2025-09-12T12:59:12.346045,0,4294,1.0,1,21.4
2025-09-12T12:59:12.851055,0,4294,1.0,1,22.2
2025-09-12T12:59:13.356265,0,4294,1.0,1,22.7
2025-09-12T12:59:13.856628,0,4294,1.0,1,25.8
2025-09-12T12:59:14.361733,0,4294,1.0,1,26.1
2025-09-12T12:59:14.863586,0,4294,1.0,1,46.8
2025-09-12T12:59:15.368801,0,4294,1.0,1,40.9
2025-09-12T12:59:15.874025,0,4294,1.0,1,35.0
2025-09-12T12:59:16.378355,0,4294,1.0,1,21.4
2025-09-12T12:59:16.880394,0,4294,1.0,1,24.4
2025-09-12T12:59:17.380899,0,4294,1.0,1,30.1
2025-09-12T12:59:17.886084,0,4294,1.0,1,35.3
2025-09-12T12:59:18.391774,0,4294,1.0,1,36.6
2025-09-12T12:59:18.897810,0,4294,1.0,1,37.5
2025-09-12T12:59:19.403023,0,4294,1.0,1,27.4
2025-09-12T12:59:19.907211,0,4294,1.0,1,26.5
2025-09-12T12:59:20.412373,0,4294,1.0,1,14.6
2025-09-12T12:59:20.913863,0,4294,1.0,1,25.3
2025-09-12T12:59:21.417707,0,4294,1.0,1,22.9
2025-09-12T12:59:21.920907,0,4294,1.0,1,15.3
2025-09-12T12:59:22.425500,0,4294,1.0,1,15.3
2025-09-12T12:59:22.929398,0,4294,1.0,1,16.7
2025-09-12T12:59:23.434171,0,4294,1.0,1,14.2
2025-09-12T12:59:23.936046,0,4294,1.0,1,16.5
2025-09-12T12:59:24.436729,0,4294,1.0,1,19.5
2025-09-12T12:59:24.938733,0,4294,1.0,1,19.7
2025-09-12T12:59:25.440322,0,4294,1.0,1,15.3
2025-09-12T12:59:25.945551,0,4294,1.0,1,16.2
2025-09-12T12:59:26.446069,0,4294,1.0,1,13.8
2025-09-12T12:59:26.951275,0,4294,1.0,1,17.2
2025-09-12T12:59:27.451965,0,4294,1.0,1,17.5
2025-09-12T12:59:27.957188,0,4294,1.0,1,18.5
2025-09-12T12:59:28.460173,0,4294,1.0,1,16.0
2025-09-12T12:59:28.962803,0,4294,1.0,1,14.5
2025-09-12T12:59:29.464737,0,4294,1.0,1,14.8
2025-09-12T12:59:29.969959,0,4294,1.0,1,16.7
2025-09-12T12:59:30.471336,0,4294,1.0,1,16.0
2025-09-12T12:59:30.974890,0,4294,1.0,1,19.0
2025-09-12T12:59:31.478944,0,4294,1.0,1,15.7
2025-09-12T12:59:31.984150,0,4294,1.0,1,23.5
2025-09-12T12:59:32.489366,0,4294,1.0,1,26.3
2025-09-12T12:59:32.989713,0,4294,1.0,1,30.9
2025-09-12T12:59:33.495035,0,4294,1.0,1,22.0
2025-09-12T12:59:34.000069,0,4294,1.0,1,23.1
2025-09-12T12:59:34.501558,0,4294,1.0,1,23.4
2025-09-12T12:59:35.002891,0,4294,1.0,1,22.9
2025-09-12T12:59:35.504776,0,4294,1.0,1,18.9
2025-09-12T12:59:36.007933,0,4294,1.0,1,15.0
2025-09-12T12:59:36.512855,0,4294,1.0,1,18.1
2025-09-12T12:59:37.017867,0,4294,1.0,1,20.2
2025-09-12T12:59:37.520045,0,4294,1.0,1,16.8
2025-09-12T12:59:38.021385,0,4294,1.0,1,26.3
2025-09-12T12:59:38.526309,0,4294,1.0,1,20.6
2025-09-12T12:59:39.031739,0,4294,1.0,1,13.2
2025-09-12T12:59:39.537170,0,4294,1.0,1,15.2
2025-09-12T12:59:40.042590,0,4294,1.0,1,15.2
2025-09-12T12:59:40.545112,0,4294,1.0,1,15.2
2025-09-12T12:59:41.048549,0,4294,1.0,1,14.1
2025-09-12T12:59:41.549894,0,4294,1.0,1,14.6
2025-09-12T12:59:42.055287,0,4294,1.0,1,13.3
2025-09-12T12:59:42.560650,0,4294,1.0,1,6.0
2025-09-12T12:59:43.062908,0,4294,1.0,1,6.5
2025-09-12T12:59:43.568300,0,4294,1.0,1,3.7
2025-09-12T12:59:44.071257,0,4294,1.0,1,6.8
2025-09-12T12:59:44.576328,0,4294,1.0,1,3.5
2025-09-12T12:59:45.079615,0,4294,1.0,1,3.0
2025-09-12T12:59:45.585008,0,4294,1.0,1,8.0
2025-09-12T12:59:46.090170,0,4294,1.0,1,4.2
2025-09-12T12:59:46.593315,0,4294,1.0,1,5.8
2025-09-12T12:59:47.097178,0,4294,1.0,1,15.0
2025-09-12T12:59:47.602536,0,4294,1.0,1,6.5
2025-09-12T12:59:48.107885,0,4294,1.0,1,19.8
2025-09-12T12:59:48.611765,0,4294,1.0,1,5.0
2025-09-12T12:59:49.112950,0,4294,1.0,1,20.4
2025-09-12T12:59:49.618325,0,4294,1.0,1,7.3
2025-09-12T12:59:50.123656,0,4294,1.0,1,3.0
2025-09-12T12:59:50.626615,0,4294,1.0,1,1.0
2025-09-12T12:59:51.129639,0,4294,1.0,1,3.7
2025-09-12T12:59:51.631072,0,4294,1.0,1,1.0
2025-09-12T12:59:52.136399,0,4294,1.0,1,2.2
2025-09-12T12:59:52.641741,0,4294,1.0,1,1.7
2025-09-12T12:59:53.145274,0,4294,1.0,1,4.0
2025-09-12T12:59:53.650643,0,4294,1.0,1,1.2
2025-09-12T12:59:54.156016,0,4294,1.0,1,3.0
2025-09-12T12:59:54.658210,0,4294,1.0,1,1.5
2025-09-12T12:59:55.163597,0,4294,1.0,1,2.0
2025-09-12T12:59:55.668797,0,4294,1.0,1,1.7
2025-09-12T12:59:56.174133,0,4294,1.0,1,2.0
2025-09-12T12:59:56.679451,0,4294,1.0,1,0.8
2025-09-12T12:59:57.184768,0,4294,1.0,1,4.4
2025-09-12T12:59:57.689760,0,4294,1.0,1,1.5
2025-09-12T12:59:58.195105,0,4294,1.0,1,1.7
2025-09-12T12:59:58.697824,0,4294,1.0,1,1.7
2025-09-12T12:59:59.203179,0,4294,1.0,1,2.5
2025-09-12T12:59:59.708545,0,4294,1.0,1,2.5
2025-09-12T13:00:00.214079,0,4294,1.0,1,5.2
2025-09-12T13:00:00.719429,0,4294,1.0,1,1.5
2025-09-12T13:00:01.220445,0,4294,1.0,1,1.7
2025-09-12T13:00:01.725805,0,4294,1.0,1,2.2
2025-09-12T13:00:02.228454,0,4294,1.0,1,1.3
2025-09-12T13:00:02.733873,0,4294,1.0,1,1.7
2025-09-12T13:00:03.236457,0,4294,1.0,1,1.7
2025-09-12T13:00:03.741815,0,4294,1.0,1,1.7
2025-09-12T13:00:04.244472,0,4294,1.0,1,4.2
2025-09-12T13:00:04.745813,0,4294,1.0,1,1.5
2025-09-12T13:00:05.251168,0,4294,1.0,1,0.7
2025-09-12T13:00:05.754759,0,4294,1.0,1,1.5
2025-09-12T13:00:06.260107,0,4294,1.0,1,0.7
2025-09-12T13:00:06.761788,0,4294,1.0,1,1.2
2025-09-12T13:00:07.267157,0,4294,1.0,1,2.0
2025-09-12T13:00:07.769812,0,4294,1.0,1,0.5
2025-09-12T13:00:08.271152,0,4294,1.0,1,2.0
2025-09-12T13:00:08.772540,0,4294,1.0,1,1.5
2025-09-12T13:00:09.277890,0,4294,1.0,1,1.2
2025-09-12T13:00:09.783244,0,4294,1.0,1,0.5
2025-09-12T13:00:10.288561,0,4294,1.0,1,1.7
2025-09-12T13:00:10.793887,0,4294,1.0,1,0.7
2025-09-12T13:00:11.297910,0,4294,1.0,1,1.5
2025-09-12T13:00:11.803256,0,4294,1.0,1,1.5
2025-09-12T13:00:12.308269,0,4294,1.0,1,1.0
2025-09-12T13:00:12.813640,0,4294,1.0,1,4.7
2025-09-12T13:00:13.319160,0,4294,1.0,1,1.5
2025-09-12T13:00:13.823279,0,4294,1.0,1,3.0
2025-09-12T13:00:14.328653,0,4294,1.0,1,0.7
2025-09-12T13:00:14.834002,0,4294,1.0,1,3.2
2025-09-12T13:00:15.339335,0,4294,1.0,1,0.7
2025-09-12T13:00:15.844699,0,4294,1.0,1,3.4
2025-09-12T13:00:16.345872,0,4294,1.0,1,1.5
2025-09-12T13:00:16.851227,0,4294,1.0,1,1.0
2025-09-12T13:00:17.355167,0,4294,1.0,1,1.5
2025-09-12T13:00:17.860533,0,4294,1.0,1,6.4
2025-09-12T13:00:18.361878,0,4294,1.0,1,2.7
2025-09-12T13:00:18.867315,0,4294,1.0,1,2.7
2025-09-12T13:00:19.368019,0,4294,1.0,1,5.6
2025-09-12T13:00:19.871261,0,4294,1.0,1,3.5
2025-09-12T13:00:20.374612,0,4294,1.0,1,2.7
2025-09-12T13:00:20.879942,0,4294,1.0,1,1.0
2025-09-12T13:00:21.385309,0,4294,1.0,1,2.7
2025-09-12T13:00:21.890713,0,4294,1.0,1,5.0
2025-09-12T13:00:22.393759,0,4294,1.0,1,4.4
2025-09-12T13:00:22.895227,0,4294,1.0,1,1.2
2025-09-12T13:00:23.396538,0,4294,1.0,1,0.8
2025-09-12T13:00:23.901891,0,4294,1.0,1,2.7
2025-09-12T13:00:24.404551,0,4294,1.0,1,1.2
2025-09-12T13:00:24.906056,0,4294,1.0,1,1.7
2025-09-12T13:00:25.407303,0,4294,1.0,1,2.7
2025-09-12T13:00:25.912654,0,4294,1.0,1,1.5
2025-09-12T13:00:26.416465,0,4294,1.0,1,1.2
2025-09-12T13:00:26.921947,0,4294,1.0,1,2.0
2025-09-12T13:00:27.427332,0,4294,1.0,1,3.9
2025-09-12T13:00:27.932685,0,4294,1.0,1,1.2
2025-09-12T13:00:28.435057,0,4294,1.0,1,4.5
2025-09-12T13:00:28.940404,0,4294,1.0,1,2.7
2025-09-12T13:00:29.445748,0,4294,1.0,1,1.2
2025-09-12T13:00:29.948776,0,4294,1.0,1,1.0
2025-09-12T13:00:30.452590,0,4294,1.0,1,0.7
2025-09-12T13:00:30.957977,0,4294,1.0,1,2.7
2025-09-12T13:00:31.463323,0,4294,1.0,1,1.0
2025-09-12T13:00:31.965033,0,4294,1.0,1,1.5
2025-09-12T13:00:32.468655,0,4294,1.0,1,1.0
2025-09-12T13:00:32.974014,0,4294,1.0,1,2.0
2025-09-12T13:00:33.479133,0,4294,1.0,1,1.0
2025-09-12T13:00:33.984493,0,4294,1.0,1,2.0
2025-09-12T13:00:34.489895,0,4294,1.0,1,1.7
2025-09-12T13:00:34.991296,0,4294,1.0,1,2.2
2025-09-12T13:00:35.496631,0,4294,1.0,1,1.0
2025-09-12T13:00:35.999316,0,4294,1.0,1,1.5
2025-09-12T13:00:36.500683,0,4294,1.0,1,1.2
2025-09-12T13:00:37.005275,0,4294,1.0,1,1.5
2025-09-12T13:00:37.508650,0,4294,1.0,1,1.0
2025-09-12T13:00:38.013980,0,4294,1.0,1,1.2
2025-09-12T13:00:38.516833,0,4294,1.0,1,1.2
2025-09-12T13:00:39.018006,0,4294,1.0,1,1.5
2025-09-12T13:00:39.519312,0,4294,1.0,1,1.0
2025-09-12T13:00:40.020820,0,4294,1.0,1,2.5
2025-09-12T13:00:40.526192,0,4294,1.0,1,3.7
2025-09-12T13:00:41.029521,0,4294,1.0,1,1.2
2025-09-12T13:00:41.530024,0,4294,1.0,1,1.3
2025-09-12T13:00:42.031144,0,4294,1.0,1,1.7
2025-09-12T13:00:42.536497,0,4294,1.0,1,1.0
2025-09-12T13:00:43.041832,0,4294,1.0,1,1.2
2025-09-12T13:00:43.547195,0,4294,1.0,1,1.2
2025-09-12T13:00:44.048117,0,4294,1.0,1,1.5
2025-09-12T13:00:44.548671,0,4294,1.0,1,1.3
2025-09-12T13:00:45.054005,0,4294,1.0,1,0.7
2025-09-12T13:00:45.556721,0,4294,1.0,1,1.0
2025-09-12T13:00:46.058754,0,4294,1.0,1,0.7
2025-09-12T13:00:46.564089,0,4294,1.0,1,1.5
2025-09-12T13:00:47.069422,0,4294,1.0,1,0.5
2025-09-12T13:00:47.574756,0,4294,1.0,1,1.2
2025-09-12T13:00:48.079436,0,4294,1.0,1,11.6
2025-09-12T13:00:48.584788,0,4294,1.0,1,1.7
2025-09-12T13:00:49.090095,0,4294,1.0,1,1.5
2025-09-12T13:00:49.595440,0,4294,1.0,1,2.3
2025-09-12T13:00:50.100789,0,4294,1.0,1,1.5
2025-09-12T13:00:50.606174,0,4294,1.0,1,2.2
2025-09-12T13:00:51.108715,0,4294,1.0,1,0.5
2025-09-12T13:00:51.609078,0,4294,1.0,1,1.0
2025-09-12T13:00:52.111970,0,4294,1.0,1,1.5
2025-09-12T13:00:52.617352,0,4294,1.0,1,1.5
2025-09-12T13:00:53.117840,0,4294,1.0,1,5.5
2025-09-12T13:00:53.623181,0,4294,1.0,1,1.5
2025-09-12T13:00:54.128543,0,4294,1.0,1,0.8
2025-09-12T13:00:54.633886,0,4294,1.0,1,1.7
2025-09-12T13:00:55.139228,0,4294,1.0,1,2.0
2025-09-12T13:00:55.642141,0,4294,1.0,1,1.2
2025-09-12T13:00:56.147483,0,4294,1.0,1,0.7
2025-09-12T13:00:56.652867,0,4294,1.0,1,1.2
2025-09-12T13:00:57.158215,0,4294,1.0,1,4.7
2025-09-12T13:00:57.663420,0,4294,1.0,1,1.0
2025-09-12T13:00:58.168783,0,4294,1.0,1,0.7
2025-09-12T13:00:58.671426,0,4294,1.0,1,1.0
2025-09-12T13:00:59.172771,0,4294,1.0,1,1.7
2025-09-12T13:00:59.674553,0,4294,1.0,1,1.5
2025-09-12T13:01:00.179936,0,4294,1.0,1,3.2
2025-09-12T13:01:00.683924,0,4294,1.0,1,1.2
2025-09-12T13:01:01.189042,0,4294,1.0,1,1.7
2025-09-12T13:01:01.694426,0,4294,1.0,1,1.0
2025-09-12T13:01:02.199775,0,4294,1.0,1,2.0
2025-09-12T13:01:02.704169,0,4294,1.0,1,1.0
2025-09-12T13:01:03.204978,0,4294,1.0,1,1.0
2025-09-12T13:01:03.706126,0,4294,1.0,1,1.5
2025-09-12T13:01:04.211508,0,4294,1.0,1,1.7
2025-09-12T13:01:04.716893,0,4294,1.0,1,1.5
2025-09-12T13:01:05.222236,0,4294,1.0,1,1.5
2025-09-12T13:01:05.727619,0,4294,1.0,1,2.0
2025-09-12T13:01:06.228864,0,4294,1.0,1,0.8
2025-09-12T13:01:06.734220,0,4294,1.0,1,1.5
2025-09-12T13:01:07.237845,0,4294,1.0,1,1.2
2025-09-12T13:01:07.743193,0,4294,1.0,1,1.0
2025-09-12T13:01:08.244799,0,4294,1.0,1,0.8
2025-09-12T13:01:08.746203,0,4294,1.0,1,1.2
2025-09-12T13:01:09.247537,0,4294,1.0,1,0.5
2025-09-12T13:01:09.752875,0,4294,1.0,1,1.2
2025-09-12T13:01:10.254032,0,4294,1.0,1,1.2
2025-09-12T13:01:10.756841,0,4294,1.0,1,0.7
2025-09-12T13:01:11.260738,0,4294,1.0,1,1.0
2025-09-12T13:01:11.764843,0,4294,1.0,1,1.5
2025-09-12T13:01:12.270181,0,4294,1.0,1,1.2
2025-09-12T13:01:12.772841,0,4294,1.0,1,0.2
2025-09-12T13:01:13.278166,0,4294,1.0,1,1.2
2025-09-12T13:01:13.783489,0,4294,1.0,1,1.5
2025-09-12T13:01:14.287510,0,4294,1.0,1,0.5
2025-09-12T13:01:14.788882,0,4294,1.0,1,1.2
2025-09-12T13:01:15.294201,0,4294,1.0,1,0.2
2025-09-12T13:01:15.798286,0,4294,1.0,1,1.5
2025-09-12T13:01:16.298638,0,4294,1.0,1,2.5
2025-09-12T13:01:16.804066,0,4294,1.0,1,3.7
2025-09-12T13:01:17.306264,0,4294,1.0,1,2.0
2025-09-12T13:01:17.811700,0,4294,1.0,1,4.7
2025-09-12T13:01:18.317147,0,4294,1.0,1,3.9
2025-09-12T13:01:18.822518,0,4294,1.0,1,1.0
2025-09-12T13:01:19.327763,0,4294,1.0,1,0.0
2025-09-12T13:01:19.832962,0,4294,1.0,1,1.5
2025-09-12T13:01:20.338193,0,4294,1.0,1,2.0
2025-09-12T13:01:20.843431,0,4294,1.0,1,1.5
2025-09-12T13:01:21.344242,0,4294,1.0,1,2.0
2025-09-12T13:01:21.849656,0,4294,1.0,1,3.0
2025-09-12T13:01:22.355067,0,4294,1.0,1,1.5
2025-09-12T13:01:22.860422,0,4294,1.0,1,0.7
2025-09-12T13:01:23.362243,0,4294,1.0,1,1.0
2025-09-12T13:01:23.867603,0,4294,1.0,1,1.5
2025-09-12T13:01:24.372947,0,4294,1.0,1,0.7
2025-09-12T13:01:24.878286,0,4294,1.0,1,3.7
2025-09-12T13:01:25.381588,0,4294,1.0,1,1.0
2025-09-12T13:01:25.886961,0,4294,1.0,1,1.2
2025-09-12T13:01:26.392341,0,4294,1.0,1,2.0
2025-09-12T13:01:26.897720,0,4294,1.0,1,1.5
2025-09-12T13:01:27.403042,0,4294,1.0,1,4.2
2025-09-12T13:01:27.904292,0,4294,1.0,1,1.2
2025-09-12T13:01:28.404921,0,4294,1.0,1,0.8
2025-09-12T13:01:28.910228,0,4294,1.0,1,1.0
2025-09-12T13:01:29.414046,0,4294,1.0,1,0.7
2025-09-12T13:01:29.919407,0,4294,1.0,1,1.2
2025-09-12T13:01:30.423365,0,4294,1.0,1,0.7
2025-09-12T13:01:30.927642,0,4294,1.0,1,0.7
2025-09-12T13:01:31.432979,0,4294,1.0,1,0.7
2025-09-12T13:01:31.935588,0,4294,1.0,1,1.2
2025-09-12T13:01:32.440910,0,4294,1.0,1,1.0
2025-09-12T13:01:32.941876,0,4294,1.0,1,1.0
2025-09-12T13:01:33.444549,0,4294,1.0,1,1.2
2025-09-12T13:01:33.949923,0,4294,1.0,1,2.7
2025-09-12T13:01:34.455293,0,4294,1.0,1,1.0
2025-09-12T13:01:34.960660,0,4294,1.0,1,1.7
2025-09-12T13:01:35.466047,0,4294,1.0,1,1.0
2025-09-12T13:01:35.971389,0,4294,1.0,1,1.2
2025-09-12T13:01:36.476739,0,4294,1.0,1,1.2
2025-09-12T13:01:36.982092,0,4294,1.0,1,2.7
2025-09-12T13:01:37.487465,0,4294,1.0,1,1.7
2025-09-12T13:01:37.992836,0,4294,1.0,1,1.2
2025-09-12T13:01:38.498174,0,4294,1.0,1,1.2
2025-09-12T13:01:39.003517,0,4294,1.0,1,1.5
2025-09-12T13:01:39.505201,0,4294,1.0,1,1.2
2025-09-12T13:01:40.010324,0,4294,1.0,1,1.2
2025-09-12T13:01:40.514756,0,4294,1.0,1,3.5
2025-09-12T13:01:41.018333,0,4294,1.0,1,1.5
2025-09-12T13:01:41.523677,0,4294,1.0,1,1.0
2025-09-12T13:01:42.026366,0,4294,1.0,1,1.2
2025-09-12T13:01:42.530178,0,4294,1.0,1,1.2
2025-09-12T13:01:43.034387,0,4294,1.0,1,1.2
2025-09-12T13:01:43.539711,0,4294,1.0,1,1.0
2025-09-12T13:01:44.042345,0,4294,1.0,1,1.3
2025-09-12T13:01:44.543709,0,4294,1.0,1,0.7
2025-09-12T13:01:45.049036,0,4294,1.0,1,0.7
2025-09-12T13:01:45.554352,0,4294,1.0,1,1.2
2025-09-12T13:01:46.058534,0,4294,1.0,1,1.0
2025-09-12T13:01:46.563853,0,4294,1.0,1,1.5
2025-09-12T13:01:47.066351,0,4294,1.0,1,0.7
2025-09-12T13:01:47.571666,0,4294,1.0,1,1.0
2025-09-12T13:01:48.077021,0,4294,1.0,1,10.4
2025-09-12T13:01:48.583214,0,4294,1.0,1,1.0
2025-09-12T13:01:49.086872,0,4294,1.0,1,2.5
2025-09-12T13:01:49.588350,0,4294,1.0,1,12.1
2025-09-12T13:01:50.093695,0,4294,1.0,1,1.2
2025-09-12T13:01:50.594064,0,4294,1.0,1,2.3
2025-09-12T13:01:51.099366,0,4294,1.0,1,1.0
2025-09-12T13:01:51.604725,0,4294,1.0,1,3.9
2025-09-12T13:01:52.107107,0,4294,1.0,1,0.7
2025-09-12T13:01:52.607605,0,4294,1.0,1,1.0
2025-09-12T13:01:53.109096,0,4294,1.0,1,4.5
2025-09-12T13:01:53.609856,0,4294,1.0,1,2.2
2025-09-12T13:01:54.115240,0,4294,1.0,1,1.5
2025-09-12T13:01:54.620594,0,4294,1.0,1,1.2
2025-09-12T13:01:55.125943,0,4294,1.0,1,1.0
2025-09-12T13:01:55.631330,0,4294,1.0,1,2.2
2025-09-12T13:01:56.133100,0,4294,1.0,1,0.8
2025-09-12T13:01:56.634145,0,4294,1.0,1,1.0
2025-09-12T13:01:57.139493,0,4294,1.0,1,4.5
2025-09-12T13:01:57.644900,0,4294,1.0,1,2.0
2025-09-12T13:01:58.145945,0,4294,1.0,1,1.0
2025-09-12T13:01:58.651258,0,4294,1.0,1,1.0
2025-09-12T13:01:59.151802,0,4294,1.0,1,2.5
2025-09-12T13:01:59.657181,0,4294,1.0,1,1.2
2025-09-12T13:02:00.159824,0,4294,1.0,1,3.2
2025-09-12T13:02:00.665201,0,4294,1.0,1,0.7
2025-09-12T13:02:01.170573,0,4294,1.0,1,0.7
2025-09-12T13:02:01.674492,0,4294,1.0,1,1.7
2025-09-12T13:02:02.175767,0,4294,1.0,1,2.5
2025-09-12T13:02:02.677143,0,4294,1.0,1,1.7
2025-09-12T13:02:03.179854,0,4294,1.0,1,1.0
2025-09-12T13:02:03.685195,0,4294,1.0,1,1.2
2025-09-12T13:02:04.187108,0,4294,1.0,1,1.5
2025-09-12T13:02:04.692499,0,4294,1.0,1,0.7
2025-09-12T13:02:05.194466,0,4294,1.0,1,0.7
2025-09-12T13:02:05.695860,0,4294,1.0,1,1.2
2025-09-12T13:02:06.201252,0,4294,1.0,1,1.0
2025-09-12T13:02:06.706636,0,4294,1.0,1,1.2
2025-09-12T13:02:07.211953,0,4294,1.0,1,1.2
2025-09-12T13:02:07.717327,0,4294,1.0,1,1.5
2025-09-12T13:02:08.222697,0,4294,1.0,1,1.5
2025-09-12T13:02:08.728097,0,4294,1.0,1,2.2
2025-09-12T13:02:09.233492,0,4294,1.0,1,1.5
2025-09-12T13:02:09.738500,0,4294,1.0,1,0.7
2025-09-12T13:02:10.243869,0,4294,1.0,1,1.0
2025-09-12T13:02:10.745357,0,4294,1.0,1,1.2
2025-09-12T13:02:11.250484,0,4294,1.0,1,1.0
2025-09-12T13:02:11.755838,0,4294,1.0,1,1.5
2025-09-12T13:02:12.261185,0,4294,1.0,1,1.0
2025-09-12T13:02:12.766505,0,4294,1.0,1,1.0
2025-09-12T13:02:13.269140,0,4294,1.0,1,1.5
2025-09-12T13:02:13.774464,0,4294,1.0,1,1.2
2025-09-12T13:02:14.277195,0,4294,1.0,1,1.5
2025-09-12T13:02:14.778506,0,4294,1.0,1,0.8
2025-09-12T13:02:15.279868,0,4294,1.0,1,1.0
2025-09-12T13:02:15.783053,0,4294,1.0,1,1.5
2025-09-12T13:02:16.288444,0,4294,1.0,1,1.0
2025-09-12T13:02:16.793797,0,4294,1.0,1,1.7
2025-09-12T13:02:17.295048,0,4294,1.0,1,1.3
2025-09-12T13:02:17.798665,0,4294,1.0,1,3.0
2025-09-12T13:02:18.303578,0,4294,1.0,1,1.7
2025-09-12T13:02:18.808679,0,4294,1.0,1,2.0
2025-09-12T13:02:19.313953,0,4294,1.0,1,2.0
2025-09-12T13:02:19.819220,0,4294,1.0,1,3.6
2025-09-12T13:02:20.320030,0,4294,1.0,1,1.3
2025-09-12T13:02:20.825437,0,4294,1.0,1,2.7
2025-09-12T13:02:21.328021,0,4294,1.0,1,1.7
2025-09-12T13:02:21.833523,0,4294,1.0,1,17.3
2025-09-12T13:02:22.335889,0,4294,1.0,1,1.0
2025-09-12T13:02:22.836284,0,4294,1.0,1,0.7
2025-09-12T13:02:23.341626,0,4294,1.0,1,1.0
2025-09-12T13:02:23.846956,0,4294,1.0,1,1.7
2025-09-12T13:02:24.352273,0,4294,1.0,1,0.7
2025-09-12T13:02:24.857651,0,4294,1.0,1,13.6
2025-09-12T13:02:25.363042,0,4294,1.0,1,1.0
2025-09-12T13:02:25.869401,0,4294,1.0,1,1.7
2025-09-12T13:02:26.374697,0,4294,1.0,1,1.5
2025-09-12T13:02:26.880054,0,4294,1.0,1,1.7
2025-09-12T13:02:27.385437,0,4294,1.0,1,4.0
2025-09-12T13:02:27.887933,0,4294,1.0,1,1.5
2025-09-12T13:02:28.389285,0,4294,1.0,1,3.7
2025-09-12T13:02:28.890587,0,4294,1.0,1,0.7
2025-09-12T13:02:29.395920,0,4294,1.0,1,1.2
2025-09-12T13:02:29.901240,0,4294,1.0,1,1.0
2025-09-12T13:02:30.406613,0,4294,1.0,1,1.5
2025-09-12T13:02:30.911967,0,4294,1.0,1,0.5
2025-09-12T13:02:31.417345,0,4294,1.0,1,1.0
2025-09-12T13:02:31.922676,0,4294,1.0,1,9.4
2025-09-12T13:02:32.428422,0,4294,1.0,1,1.7
2025-09-12T13:02:32.933274,0,4294,1.0,1,2.2
2025-09-12T13:02:33.438600,0,4294,1.0,1,1.7
2025-09-12T13:02:33.943968,0,4294,1.0,1,2.7
2025-09-12T13:02:34.447962,0,4294,1.0,1,1.3
2025-09-12T13:02:34.949996,0,4294,1.0,1,0.7
2025-09-12T13:02:35.450691,0,4294,1.0,1,1.0
2025-09-12T13:02:35.956029,0,4294,1.0,1,1.2
2025-09-12T13:02:36.461345,0,4294,1.0,1,1.2
2025-09-12T13:02:36.965314,0,4294,1.0,1,1.0
2025-09-12T13:02:37.470670,0,4294,1.0,1,1.5
2025-09-12T13:02:37.973722,0,4294,1.0,1,2.0
2025-09-12T13:02:38.474659,0,4294,1.0,1,1.3
2025-09-12T13:02:38.978265,0,4294,1.0,1,1.7
2025-09-12T13:02:39.482133,0,4294,1.0,1,1.2
2025-09-12T13:02:39.987542,0,4294,1.0,1,1.0
2025-09-12T13:02:40.491401,0,4294,1.0,1,4.4
2025-09-12T13:02:40.997182,0,4294,1.0,1,0.7
2025-09-12T13:02:41.502537,0,4294,1.0,1,1.0
2025-09-12T13:02:42.007886,0,4294,1.0,1,1.2
2025-09-12T13:02:42.513267,0,4294,1.0,1,12.9
2025-09-12T13:02:43.017815,0,4294,1.0,1,4.2
2025-09-12T13:02:43.523146,0,4294,1.0,1,1.2
2025-09-12T13:02:44.026719,0,4294,1.0,1,2.7
2025-09-12T13:02:44.532085,0,4294,1.0,1,1.2
2025-09-12T13:02:45.034715,0,4294,1.0,1,2.0
2025-09-12T13:02:45.540093,0,4294,1.0,1,0.7
2025-09-12T13:02:46.043933,0,4294,1.0,1,12.7
2025-09-12T13:02:46.548865,0,4294,1.0,1,32.1
2025-09-12T13:02:47.052557,0,4294,1.0,1,50.4
2025-09-12T13:02:47.555862,0,4294,1.0,1,40.1
2025-09-12T13:02:48.061251,0,4294,1.0,1,27.2
2025-09-12T13:02:48.566585,0,4294,1.0,1,0.7
2025-09-12T13:02:49.071912,0,4294,1.0,1,3.4
2025-09-12T13:02:49.577221,0,4294,1.0,1,2.5
2025-09-12T13:02:50.082547,0,4294,1.0,1,2.5
2025-09-12T13:02:50.587874,0,4294,1.0,1,1.5
2025-09-12T13:02:51.093214,0,4294,1.0,1,4.9
2025-09-12T13:02:51.598459,0,4294,1.0,1,1.2
2025-09-12T13:02:52.103798,0,4294,1.0,1,1.2
2025-09-12T13:02:52.609135,0,4294,1.0,1,1.2
2025-09-12T13:02:53.114451,0,4294,1.0,1,1.0
2025-09-12T13:02:53.618938,0,4294,1.0,1,2.0
2025-09-12T13:02:54.124288,0,4294,1.0,1,1.2
2025-09-12T13:02:54.629663,0,4294,1.0,1,1.2
2025-09-12T13:02:55.130755,0,4294,1.0,1,1.5
2025-09-12T13:02:55.636098,0,4294,1.0,1,1.0
2025-09-12T13:02:56.140965,0,4294,1.0,1,2.0
2025-09-12T13:02:56.646291,0,4294,1.0,1,0.7
2025-09-12T13:02:57.151680,0,4294,1.0,1,9.2
2025-09-12T13:02:57.653465,0,4294,1.0,1,1.2
2025-09-12T13:02:58.158795,0,4294,1.0,1,1.7
2025-09-12T13:02:58.664137,0,4294,1.0,1,1.2
2025-09-12T13:02:59.168128,0,4294,1.0,1,3.0
2025-09-12T13:02:59.669650,0,4294,1.0,1,2.7
2025-09-12T13:03:00.175033,0,4294,1.0,1,4.7
2025-09-12T13:03:00.680406,0,4294,1.0,1,1.5
2025-09-12T13:03:01.185750,0,4294,1.0,1,2.0
2025-09-12T13:03:01.691095,0,4294,1.0,1,2.5
2025-09-12T13:03:02.192116,0,4294,1.0,1,1.7
2025-09-12T13:03:02.697463,0,4294,1.0,1,1.0
2025-09-12T13:03:03.198316,0,4294,1.0,1,1.0
2025-09-12T13:03:03.703692,0,4294,1.0,1,2.7
2025-09-12T13:03:04.209058,0,4294,1.0,1,2.0
2025-09-12T13:03:04.714446,0,4294,1.0,1,1.5
2025-09-12T13:03:05.214889,0,4294,1.0,1,1.7
2025-09-12T13:03:05.720431,0,4294,1.0,1,9.5
2025-09-12T13:03:06.224146,0,4294,1.0,1,1.5
2025-09-12T13:03:06.729520,0,4294,1.0,1,1.7
2025-09-12T13:03:07.234840,0,4294,1.0,1,1.2
2025-09-12T13:03:07.738823,0,4294,1.0,1,1.2
2025-09-12T13:03:08.239866,0,4294,1.0,1,1.3
2025-09-12T13:03:08.745280,0,4294,1.0,1,1.5
2025-09-12T13:03:09.245668,0,4294,1.0,1,0.8
2025-09-12T13:03:09.751043,0,4294,1.0,1,2.0
2025-09-12T13:03:10.256424,0,4294,1.0,1,1.0
2025-09-12T13:03:10.759954,0,4294,1.0,1,3.0
2025-09-12T13:03:11.265752,0,4294,1.0,1,1.2
2025-09-12T13:03:11.771078,0,4294,1.0,1,0.7
2025-09-12T13:03:12.276390,0,4294,1.0,1,0.7
2025-09-12T13:03:12.781781,0,4294,1.0,1,3.5
2025-09-12T13:03:13.285531,0,4294,1.0,1,1.0
2025-09-12T13:03:13.790900,0,4294,1.0,1,7.5
2025-09-12T13:03:14.296221,0,4294,1.0,1,1.2
2025-09-12T13:03:14.800199,0,4294,1.0,1,1.0
2025-09-12T13:03:15.301531,0,4294,1.0,1,0.7
2025-09-12T13:03:15.802872,0,4294,1.0,1,1.2
2025-09-12T13:03:16.304237,0,4294,1.0,1,0.8
2025-09-12T13:03:16.809592,0,4294,1.0,1,1.7
2025-09-12T13:03:17.314382,0,4294,1.0,1,1.5
2025-09-12T13:03:17.819711,0,4294,1.0,1,2.7
2025-09-12T13:03:18.325074,0,4294,1.0,1,2.0
2025-09-12T13:03:18.830429,0,4294,1.0,1,1.7
2025-09-12T13:03:19.335726,0,4294,1.0,1,6.2
2025-09-12T13:03:19.841011,0,4294,1.0,1,3.3
2025-09-12T13:03:20.346355,0,4294,1.0,1,1.0
2025-09-12T13:03:20.848165,0,4294,1.0,1,2.2
2025-09-12T13:03:21.353378,0,4294,1.0,1,1.5
2025-09-12T13:03:21.858717,0,4294,1.0,1,10.3
2025-09-12T13:03:22.364467,0,4294,1.0,1,0.5
2025-09-12T13:03:22.869584,0,4294,1.0,1,1.2
2025-09-12T13:03:23.373034,0,4294,1.0,1,2.0
2025-09-12T13:03:23.877687,0,4294,1.0,1,2.0
2025-09-12T13:03:24.383199,0,4294,1.0,1,0.7
2025-09-12T13:03:24.889181,0,4294,1.0,1,2.0
2025-09-12T13:03:25.395145,0,4294,1.0,1,0.7
2025-09-12T13:03:25.901093,0,4294,1.0,1,0.7
2025-09-12T13:03:26.402868,0,4294,1.0,1,1.3
2025-09-12T13:03:26.905489,0,4294,1.0,1,1.5
2025-09-12T13:03:27.406593,0,4294,1.0,1,4.2
2025-09-12T13:03:27.910857,0,4294,1.0,1,2.7
2025-09-12T13:03:28.416709,0,4294,1.0,1,1.2
2025-09-12T13:03:28.922527,0,4294,1.0,1,1.0
2025-09-12T13:03:29.424592,0,4294,1.0,1,0.7
2025-09-12T13:03:29.930147,0,4294,1.0,1,1.2
2025-09-12T13:03:30.433009,0,4294,1.0,1,0.2
2025-09-12T13:03:30.938790,0,4294,1.0,1,1.2
2025-09-12T13:03:31.442336,0,4294,1.0,1,1.5
2025-09-12T13:03:31.944102,0,4294,1.0,1,4.5
2025-09-12T13:03:32.445520,0,4294,1.0,1,1.2
2025-09-12T13:03:32.951251,0,4294,1.0,1,1.0
2025-09-12T13:03:33.455674,0,4294,1.0,1,1.2
2025-09-12T13:03:33.961381,0,4294,1.0,1,1.2
2025-09-12T13:03:34.467084,0,4294,1.0,1,2.5
2025-09-12T13:03:34.972788,0,4294,1.0,1,2.7
2025-09-12T13:03:35.477278,0,4294,1.0,1,1.5
2025-09-12T13:03:35.982932,0,4294,1.0,1,1.2
2025-09-12T13:03:36.488579,0,4294,1.0,1,0.7
2025-09-12T13:03:36.994206,0,4294,1.0,1,2.0
2025-09-12T13:03:37.499810,0,4294,1.0,1,1.2
2025-09-12T13:03:38.001405,0,4294,1.0,1,2.0
2025-09-12T13:03:38.506989,0,4294,1.0,1,0.7
2025-09-12T13:03:39.012598,0,4294,1.0,1,2.0
2025-09-12T13:03:39.518211,0,4294,1.0,1,6.2
2025-09-12T13:03:40.020265,0,4294,1.0,1,2.2
2025-09-12T13:03:40.525342,0,4294,1.0,1,5.2
2025-09-12T13:03:41.030945,0,4294,1.0,1,1.5
2025-09-12T13:03:41.536183,0,4294,1.0,1,2.5
2025-09-12T13:03:42.041752,0,4294,1.0,1,1.0
2025-09-12T13:03:42.547283,0,4294,1.0,1,1.0
2025-09-12T13:03:43.052839,0,4294,1.0,1,1.7
2025-09-12T13:03:43.556504,0,4294,1.0,1,1.7
2025-09-12T13:03:44.062046,0,4294,1.0,1,1.5
2025-09-12T13:03:44.563707,0,4294,1.0,1,0.8
2025-09-12T13:03:45.069227,0,4294,1.0,1,1.7
2025-09-12T13:03:45.574728,0,4294,1.0,1,1.0
2025-09-12T13:03:46.079453,0,4294,1.0,1,0.7
2025-09-12T13:03:46.583413,0,4294,1.0,1,1.2
2025-09-12T13:03:47.088915,0,4294,1.0,1,2.0
2025-09-12T13:03:47.594409,0,4294,1.0,1,1.0
2025-09-12T13:03:48.099918,0,4294,1.0,1,9.2
2025-09-12T13:03:48.605249,0,4294,1.0,1,7.7
2025-09-12T13:03:49.110721,0,4294,1.0,1,1.0
2025-09-12T13:03:49.616228,0,4294,1.0,1,1.2
2025-09-12T13:03:50.119485,0,4294,1.0,1,1.1
2025-09-12T13:03:50.624732,0,4294,1.0,1,1.0
2025-09-12T13:03:51.130195,0,4294,1.0,1,2.5
2025-09-12T13:03:51.633030,0,4294,1.0,1,2.8
2025-09-12T13:03:52.138519,0,4294,1.0,1,2.5
2025-09-12T13:03:52.641194,0,4294,1.0,1,1.0
2025-09-12T13:03:53.145018,0,4294,1.0,1,0.7
2025-09-12T13:03:53.649434,0,4294,1.0,1,1.7
2025-09-12T13:03:54.150859,0,4294,1.0,1,1.0
2025-09-12T13:03:54.653576,0,4294,1.0,1,7.7
2025-09-12T13:03:55.159374,0,4294,1.0,1,20.7
2025-09-12T13:03:55.665787,0,4294,1.0,1,22.3
2025-09-12T13:03:56.168109,0,4294,1.0,1,16.7
2025-09-12T13:03:56.673477,0,4294,1.0,1,16.4
2025-09-12T13:03:57.176501,0,4294,1.0,1,43.5
2025-09-12T13:03:57.681751,0,4294,1.0,1,13.8
2025-09-12T13:03:58.186958,0,4294,1.0,1,21.4
2025-09-12T13:03:58.692234,0,4294,1.0,1,25.9
2025-09-12T13:03:59.197770,0,4294,1.0,1,28.5
2025-09-12T13:03:59.703160,0,4294,1.0,1,29.2
2025-09-12T13:04:00.209007,0,4294,1.0,1,30.4
2025-09-12T13:04:00.714398,0,4294,1.0,1,23.9
2025-09-12T13:04:01.218982,0,4294,1.0,1,17.0
2025-09-12T13:04:01.724908,0,4294,1.0,1,11.9
2025-09-12T13:04:02.226333,0,4294,1.0,1,15.0
2025-09-12T13:04:02.731676,0,4294,1.0,1,42.1
2025-09-12T13:04:03.237068,0,4294,1.0,1,53.6
2025-09-12T13:04:03.743438,0,4294,1.0,1,18.7
2025-09-12T13:04:04.248860,0,4294,1.0,1,17.7
2025-09-12T13:04:04.754262,0,4294,1.0,1,9.2
2025-09-12T13:04:05.256217,0,4294,1.0,1,6.0
2025-09-12T13:04:05.761612,0,4294,1.0,1,17.0
2025-09-12T13:04:06.267048,0,4294,1.0,1,4.7
2025-09-12T13:04:06.772488,0,4294,1.0,1,16.6
2025-09-12T13:04:07.273494,0,4294,1.0,1,16.9
2025-09-12T13:04:07.778755,0,4294,1.0,1,21.0
2025-09-12T13:04:08.281311,0,4294,1.0,1,32.7
2025-09-12T13:04:08.786630,0,4294,1.0,1,31.4
2025-09-12T13:04:09.292082,0,4294,1.0,1,11.8
2025-09-12T13:04:09.795934,0,4294,1.0,1,10.3
2025-09-12T13:04:10.296507,0,4294,1.0,1,9.6
2025-09-12T13:04:10.801800,0,4294,1.0,1,20.8
2025-09-12T13:04:11.305038,0,4294,1.0,1,12.7
2025-09-12T13:04:11.810310,0,4294,1.0,1,10.9
2025-09-12T13:04:12.315675,0,4294,1.0,1,27.6
2025-09-12T13:04:12.820062,0,4294,1.0,1,10.2
2025-09-12T13:04:13.321019,0,4294,1.0,1,18.3
2025-09-12T13:04:13.826551,0,4294,1.0,1,18.4
2025-09-12T13:04:14.331857,0,4294,1.0,1,21.0
2025-09-12T13:04:14.834328,0,4294,1.0,1,13.6
2025-09-12T13:04:15.339511,0,4294,1.0,1,16.6
2025-09-12T13:04:15.844749,0,4294,1.0,1,10.9
2025-09-12T13:04:16.349700,0,4294,1.0,1,26.4
2025-09-12T13:04:16.857337,0,4294,1.0,1,21.8
2025-09-12T13:04:17.362653,0,4294,1.0,1,14.6
2025-09-12T13:04:17.867953,0,4294,1.0,1,33.3
2025-09-12T13:04:18.373167,0,4294,1.0,1,14.1
2025-09-12T13:04:18.878409,0,4294,1.0,1,8.2
2025-09-12T13:04:19.383646,0,4294,1.0,1,7.3
2025-09-12T13:04:19.888974,0,4294,1.0,1,14.1
2025-09-12T13:04:20.394249,0,4294,1.0,1,16.9
2025-09-12T13:04:20.899567,0,4294,1.0,1,12.7
2025-09-12T13:04:21.402268,0,4294,1.0,1,15.5
2025-09-12T13:04:21.902854,0,4294,1.0,1,22.4
2025-09-12T13:04:22.408134,0,4294,1.0,1,6.7
2025-09-12T13:04:22.913462,0,4294,1.0,1,8.4
2025-09-12T13:04:23.418753,0,4294,1.0,1,2.5
2025-09-12T13:04:23.920035,0,4294,1.0,1,3.3
2025-09-12T13:04:24.425305,0,4294,1.0,1,3.5
2025-09-12T13:04:24.930681,0,4294,1.0,1,2.7
2025-09-12T13:04:25.433821,0,4294,1.0,1,8.2
2025-09-12T13:04:25.939177,0,4294,1.0,1,6.2
2025-09-12T13:04:26.441784,0,4294,1.0,1,3.2
2025-09-12T13:04:26.944268,0,4294,1.0,1,3.5
2025-09-12T13:04:27.449657,0,4294,1.0,1,17.2
2025-09-12T13:04:27.955266,0,4294,1.0,1,14.2
2025-09-12T13:04:28.460591,0,4294,1.0,1,24.3
2025-09-12T13:04:28.964531,0,4294,1.0,1,11.2
2025-09-12T13:04:29.465982,0,4294,1.0,1,13.4
2025-09-12T13:04:29.967080,0,4294,1.0,1,13.3
2025-09-12T13:04:30.472567,0,4294,1.0,1,14.7
2025-09-12T13:04:30.977777,0,4294,1.0,1,13.0
2025-09-12T13:04:31.483082,0,4294,1.0,1,9.8
2025-09-12T13:04:31.988513,0,4294,1.0,1,11.3
2025-09-12T13:04:32.494087,0,4294,1.0,1,14.3
2025-09-12T13:04:32.994877,0,4294,1.0,1,14.2
2025-09-12T13:04:33.498407,0,4294,1.0,1,7.7
2025-09-12T13:04:34.003738,0,4294,1.0,1,15.5
2025-09-12T13:04:34.505689,0,4294,1.0,1,7.2
2025-09-12T13:04:35.011011,0,4294,1.0,1,14.3
2025-09-12T13:04:35.516440,0,4294,1.0,1,11.9
2025-09-12T13:04:36.020781,0,4294,1.0,1,5.9
2025-09-12T13:04:36.523369,0,4294,1.0,1,17.3
2025-09-12T13:04:37.029273,0,4294,1.0,1,11.4
2025-09-12T13:04:37.534556,0,4294,1.0,1,5.2
2025-09-12T13:04:38.039942,0,4294,1.0,1,4.3
2025-09-12T13:04:38.543508,0,4294,1.0,1,9.4
2025-09-12T13:04:39.048891,0,4294,1.0,1,2.5
2025-09-12T13:04:39.550504,0,4294,1.0,1,3.2
2025-09-12T13:04:40.052090,0,4294,1.0,1,6.5
2025-09-12T13:04:40.557519,0,4294,1.0,1,6.0
2025-09-12T13:04:41.062907,0,4294,1.0,1,3.9
2025-09-12T13:04:41.567298,0,4294,1.0,1,7.2
2025-09-12T13:04:42.069700,0,4294,1.0,1,5.8
2025-09-12T13:04:42.575092,0,4294,1.0,1,3.5
2025-09-12T13:04:43.075878,0,4294,1.0,1,5.5
2025-09-12T13:04:43.581298,0,4294,1.0,1,4.4
2025-09-12T13:04:44.085013,0,4294,1.0,1,4.8
2025-09-12T13:04:44.587537,0,4294,1.0,1,1.7
2025-09-12T13:04:45.092929,0,4294,1.0,1,3.2
2025-09-12T13:04:45.598569,0,4294,1.0,1,3.0
2025-09-12T13:04:46.101327,0,4294,1.0,1,11.2
2025-09-12T13:04:46.606854,0,4294,1.0,1,11.5
2025-09-12T13:04:47.112208,0,4294,1.0,1,19.8
2025-09-12T13:04:47.615699,0,4294,1.0,1,18.9
2025-09-12T13:04:48.117189,0,4294,1.0,1,37.8
2025-09-12T13:04:48.620042,0,4294,1.0,1,19.3
2025-09-12T13:04:49.125423,0,4294,1.0,1,22.4
2025-09-12T13:04:49.631034,0,4294,1.0,1,12.9
2025-09-12T13:04:50.133941,0,4294,1.0,1,28.6
2025-09-12T13:04:50.639236,0,4294,1.0,1,0.0
2025-09-12T13:04:51.144660,0,4294,1.0,1,17.3
2025-09-12T13:04:51.650093,0,4294,1.0,1,9.6
2025-09-12T13:04:52.154537,0,4294,1.0,1,12.4
2025-09-12T13:04:52.659795,0,4294,1.0,1,11.7
2025-09-12T13:04:53.162729,0,4294,1.0,1,19.4
2025-09-12T13:04:53.663391,0,4294,1.0,1,12.2
2025-09-12T13:04:54.165136,0,4294,1.0,1,4.2
2025-09-12T13:04:54.667853,0,4294,1.0,1,2.0
2025-09-12T13:04:55.173193,0,4294,1.0,1,2.0
2025-09-12T13:04:55.678559,0,4294,1.0,1,2.5
2025-09-12T13:04:56.181138,0,4294,1.0,1,1.8
2025-09-12T13:04:56.686519,0,4294,1.0,1,2.7
2025-09-12T13:04:57.191865,0,4294,1.0,1,6.2
2025-09-12T13:04:57.695995,0,4294,1.0,1,9.2
2025-09-12T13:04:58.198731,0,4294,1.0,1,19.5
2025-09-12T13:04:58.701355,0,4294,1.0,1,4.0
2025-09-12T13:04:59.205919,0,4294,1.0,1,6.7
2025-09-12T13:04:59.711343,0,4294,1.0,1,2.0
2025-09-12T13:05:00.213208,0,4294,1.0,1,10.2
2025-09-12T13:05:00.714542,0,4294,1.0,1,5.3
2025-09-12T13:05:01.217501,0,4294,1.0,1,7.9
2025-09-12T13:05:01.722584,0,4294,1.0,1,4.0
2025-09-12T13:05:02.225312,0,4294,1.0,1,2.8
2025-09-12T13:05:02.729853,0,4294,1.0,1,9.5
2025-09-12T13:05:03.235211,0,4294,1.0,1,11.7
2025-09-12T13:05:03.740625,0,4294,1.0,1,6.9
2025-09-12T13:05:04.245383,0,4294,1.0,1,6.5
2025-09-12T13:05:04.750900,0,4294,1.0,1,28.4
2025-09-12T13:05:05.253299,0,4294,1.0,1,21.4
2025-09-12T13:05:05.755129,0,4294,1.0,1,75.4
2025-09-12T13:05:06.256829,0,4294,1.0,1,83.6
2025-09-12T13:05:06.757827,0,4294,1.0,1,54.8
2025-09-12T13:05:07.263305,0,4294,1.0,1,35.2
2025-09-12T13:05:07.765338,0,4294,1.0,1,14.7
2025-09-12T13:05:08.266655,0,4294,1.0,1,5.5
2025-09-12T13:05:08.771709,0,4294,1.0,1,5.2
2025-09-12T13:05:09.274368,0,4294,1.0,1,3.0
2025-09-12T13:05:09.776526,0,4294,1.0,1,10.8
2025-09-12T13:05:10.281896,0,4294,1.0,1,16.8
2025-09-12T13:05:10.784809,0,4294,1.0,1,5.2
2025-09-12T13:05:11.290317,0,4294,1.0,1,4.2
2025-09-12T13:05:11.794538,0,4294,1.0,1,8.4
2025-09-12T13:05:12.299897,0,4294,1.0,1,19.2
2025-09-12T13:05:12.804010,0,4294,1.0,1,7.0
2025-09-12T13:05:13.309358,0,4294,1.0,1,9.7
2025-09-12T13:05:13.814685,0,4294,1.0,1,10.1
2025-09-12T13:05:14.320063,0,4294,1.0,1,9.5
2025-09-12T13:05:14.824593,0,4294,1.0,1,8.6
2025-09-12T13:05:15.329988,0,4294,1.0,1,9.7
2025-09-12T13:05:15.832883,0,4294,1.0,1,4.7
2025-09-12T13:05:16.338304,0,4294,1.0,1,2.3
2025-09-12T13:05:16.843744,0,4294,1.0,1,14.3
2025-09-12T13:05:17.344304,0,4294,1.0,1,17.8
2025-09-12T13:05:17.849688,0,4294,1.0,1,19.9
2025-09-12T13:05:18.352153,0,4294,1.0,1,19.0
2025-09-12T13:05:18.857543,0,4294,1.0,1,21.8
2025-09-12T13:05:19.362948,0,4294,1.0,1,20.3
2025-09-12T13:05:19.868271,0,4294,1.0,1,12.1
2025-09-12T13:05:20.373599,0,4294,1.0,1,39.3
2025-09-12T13:05:20.878940,0,4294,1.0,1,5.0
2025-09-12T13:05:21.384224,0,4294,1.0,1,5.0
2025-09-12T13:05:21.889484,0,4294,1.0,1,8.9
2025-09-12T13:05:22.389911,0,4294,1.0,1,5.2
2025-09-12T13:05:22.891485,0,4294,1.0,1,8.0
2025-09-12T13:05:23.396752,0,4294,1.0,1,13.8
2025-09-12T13:05:23.902022,0,4294,1.0,1,11.6
2025-09-12T13:05:24.407287,0,4294,1.0,1,11.0
2025-09-12T13:05:24.912621,0,4294,1.0,1,13.8
2025-09-12T13:05:25.418008,0,4294,1.0,1,13.1
2025-09-12T13:05:25.923453,0,4294,1.0,1,22.1
2025-09-12T13:05:26.428830,0,4294,1.0,1,14.2
2025-09-12T13:05:26.934181,0,4294,1.0,1,19.0
2025-09-12T13:05:27.439486,0,4294,1.0,1,7.2
2025-09-12T13:05:27.942154,0,4294,1.0,1,8.1
2025-09-12T13:05:28.447421,0,4294,1.0,1,5.2
2025-09-12T13:05:28.952764,0,4294,1.0,1,3.2
2025-09-12T13:05:29.456355,0,4294,1.0,1,3.0
2025-09-12T13:05:29.961701,0,4294,1.0,1,1.5
2025-09-12T13:05:30.467032,0,4294,1.0,1,2.5
2025-09-12T13:05:30.972336,0,4294,1.0,1,3.9
2025-09-12T13:05:31.477683,0,4294,1.0,1,2.0
2025-09-12T13:05:31.983035,0,4294,1.0,1,2.0
2025-09-12T13:05:32.488386,0,4294,1.0,1,2.0
2025-09-12T13:05:32.993796,0,4294,1.0,1,2.2
2025-09-12T13:05:33.498946,0,4294,1.0,1,5.0
2025-09-12T13:05:34.004324,0,4294,1.0,1,6.7
2025-09-12T13:05:34.508131,0,4294,1.0,1,7.2
2025-09-12T13:05:35.013948,0,4294,1.0,1,7.7
2025-09-12T13:05:35.518880,0,4294,1.0,1,2.7
2025-09-12T13:05:36.024334,0,4294,1.0,1,3.9
2025-09-12T13:05:36.528529,0,4294,1.0,1,4.3
2025-09-12T13:05:37.033509,0,4294,1.0,1,5.2
2025-09-12T13:05:37.534479,0,4294,1.0,1,3.3
2025-09-12T13:05:38.039862,0,4294,1.0,1,5.7
2025-09-12T13:05:38.541029,0,4294,1.0,1,5.2
2025-09-12T13:05:39.046431,0,4294,1.0,1,4.5
2025-09-12T13:05:39.551811,0,4294,1.0,1,4.7
2025-09-12T13:05:40.057016,0,4294,1.0,1,6.4
2025-09-12T13:05:40.559507,0,4294,1.0,1,7.0
2025-09-12T13:05:41.063431,0,4294,1.0,1,4.7
2025-09-12T13:05:41.567063,0,4294,1.0,1,5.0
2025-09-12T13:05:42.068868,0,4294,1.0,1,6.0
2025-09-12T13:05:42.570657,0,4294,1.0,1,7.0
2025-09-12T13:05:43.075221,0,4294,1.0,1,6.7
2025-09-12T13:05:43.580716,0,4294,1.0,1,6.7
2025-09-12T13:05:44.084622,0,4294,1.0,1,6.0
2025-09-12T13:05:44.587150,0,4294,1.0,1,5.3
2025-09-12T13:05:45.092529,0,4294,1.0,1,4.5
2025-09-12T13:05:45.595131,0,4294,1.0,1,4.9
2025-09-12T13:05:46.100480,0,4294,1.0,1,2.5
2025-09-12T13:05:46.602713,0,4294,1.0,1,5.4
2025-09-12T13:05:47.108014,0,4294,1.0,1,10.7
2025-09-12T13:05:47.613211,0,4294,1.0,1,3.2
2025-09-12T13:05:48.117611,0,4294,1.0,1,29.0
2025-09-12T13:05:48.619247,0,4294,1.0,1,3.2
2025-09-12T13:05:49.124719,0,4294,1.0,1,6.9
2025-09-12T13:05:49.630093,0,4294,1.0,1,2.7
2025-09-12T13:05:50.133911,0,4294,1.0,1,4.2
2025-09-12T13:05:50.636140,0,4294,1.0,1,5.7
2025-09-12T13:05:51.136584,0,4294,1.0,1,7.8
2025-09-12T13:05:51.641915,0,4294,1.0,1,7.9
2025-09-12T13:05:52.147243,0,4294,1.0,1,7.4
2025-09-12T13:05:52.651449,0,4294,1.0,1,7.5
2025-09-12T13:05:53.155648,0,4294,1.0,1,5.0
2025-09-12T13:05:53.660932,0,4294,1.0,1,7.7
2025-09-12T13:05:54.166300,0,4294,1.0,1,2.0
2025-09-12T13:05:54.667970,0,4294,1.0,1,4.0
2025-09-12T13:05:55.168619,0,4294,1.0,1,5.0
2025-09-12T13:05:55.674030,0,4294,1.0,1,2.2
2025-09-12T13:05:56.175224,0,4294,1.0,1,3.7
2025-09-12T13:05:56.681046,0,4294,1.0,1,4.4
2025-09-12T13:05:57.184607,0,4294,1.0,1,6.3
2025-09-12T13:05:57.691499,0,4294,1.0,1,4.7
2025-09-12T13:05:58.194512,0,4294,1.0,1,6.5
2025-09-12T13:05:58.696883,0,4294,1.0,1,7.0
2025-09-12T13:05:59.202259,0,4294,1.0,1,6.0
2025-09-12T13:05:59.707629,0,4294,1.0,1,4.7
2025-09-12T13:06:00.213443,0,4294,1.0,1,8.7
2025-09-12T13:06:00.718060,0,4294,1.0,1,6.2
2025-09-12T13:06:01.223434,0,4294,1.0,1,5.7
2025-09-12T13:06:01.728844,0,4294,1.0,1,2.5
2025-09-12T13:06:02.233863,0,4294,1.0,1,4.2
2025-09-12T13:06:02.738488,0,4294,1.0,1,2.5
2025-09-12T13:06:03.244150,0,4294,1.0,1,6.2
2025-09-12T13:06:03.749712,0,4294,1.0,1,4.7
2025-09-12T13:06:04.251428,0,4294,1.0,1,4.2
2025-09-12T13:06:04.756809,0,4294,1.0,1,3.7
2025-09-12T13:06:05.262209,0,4294,1.0,1,3.7
2025-09-12T13:06:05.767589,0,4294,1.0,1,7.4
2025-09-12T13:06:06.272982,0,4294,1.0,1,3.0
2025-09-12T13:06:06.778363,0,4294,1.0,1,1.5
2025-09-12T13:06:07.283793,0,4294,1.0,1,1.7
2025-09-12T13:06:07.789133,0,4294,1.0,1,6.7
2025-09-12T13:06:08.294114,0,4294,1.0,1,18.1
2025-09-12T13:06:08.795510,0,4294,1.0,1,3.7
2025-09-12T13:06:09.300918,0,4294,1.0,1,4.5
2025-09-12T13:06:09.802524,0,4294,1.0,1,5.0
2025-09-12T13:06:10.304850,0,4294,1.0,1,5.5
2025-09-12T13:06:10.810251,0,4294,1.0,1,6.1
2025-09-12T13:06:11.310542,0,4294,1.0,1,6.5
2025-09-12T13:06:11.815977,0,4294,1.0,1,7.9
2025-09-12T13:06:12.320992,0,4294,1.0,1,2.5
2025-09-12T13:06:12.826391,0,4294,1.0,1,2.5
2025-09-12T13:06:13.331793,0,4294,1.0,1,3.0
2025-09-12T13:06:13.837180,0,4294,1.0,1,2.5
2025-09-12T13:06:14.342544,0,4294,1.0,1,2.2
2025-09-12T13:06:14.847923,0,4294,1.0,1,2.7
2025-09-12T13:06:15.353287,0,4294,1.0,1,1.7
2025-09-12T13:06:15.858703,0,4294,1.0,1,3.2
2025-09-12T13:06:16.363697,0,4294,1.0,1,4.0
2025-09-12T13:06:16.869030,0,4294,1.0,1,4.9
2025-09-12T13:06:17.374418,0,4294,1.0,1,3.2
2025-09-12T13:06:17.879844,0,4294,1.0,1,6.2
2025-09-12T13:06:18.385540,0,4294,1.0,1,18.3
2025-09-12T13:06:18.890770,0,4294,1.0,1,1.7
2025-09-12T13:06:19.396117,0,4294,1.0,1,2.7
2025-09-12T13:06:19.901467,0,4294,1.0,1,1.5
2025-09-12T13:06:20.406809,0,4294,1.0,1,2.0
2025-09-12T13:06:20.910731,0,4294,1.0,1,6.1
2025-09-12T13:06:21.414330,0,4294,1.0,1,8.3
2025-09-12T13:06:21.919677,0,4294,1.0,1,11.9
2025-09-12T13:06:22.422319,0,4294,1.0,1,5.2
2025-09-12T13:06:22.925475,0,4294,1.0,1,7.2
2025-09-12T13:06:23.430825,0,4294,1.0,1,2.0
2025-09-12T13:06:23.934913,0,4294,1.0,1,2.9
2025-09-12T13:06:24.440290,0,4294,1.0,1,1.8
2025-09-12T13:06:24.943265,0,4294,1.0,1,3.7
2025-09-12T13:06:25.445402,0,4294,1.0,1,2.8
2025-09-12T13:06:25.950801,0,4294,1.0,1,2.0
2025-09-12T13:06:26.451585,0,4294,1.0,1,7.0
2025-09-12T13:06:26.952100,0,4294,1.0,1,9.0
2025-09-12T13:06:27.457487,0,4294,1.0,1,4.7
2025-09-12T13:06:27.962815,0,4294,1.0,1,3.2
2025-09-12T13:06:28.464244,0,4294,1.0,1,18.6
2025-09-12T13:06:28.968384,0,4294,1.0,1,2.5
2025-09-12T13:06:29.472672,0,4294,1.0,1,2.0
2025-09-12T13:06:29.977980,0,4294,1.0,1,1.7
2025-09-12T13:06:30.480755,0,4294,1.0,1,2.2
2025-09-12T13:06:30.985025,0,4294,1.0,1,1.5
2025-09-12T13:06:31.490371,0,4294,1.0,1,1.5
2025-09-12T13:06:31.992286,0,4294,1.0,1,10.1
2025-09-12T13:06:32.497667,0,4294,1.0,1,1.0
2025-09-12T13:06:32.999507,0,4294,1.0,1,2.7
2025-09-12T13:06:33.504716,0,4294,1.0,1,12.2
2025-09-12T13:06:34.010168,0,4294,1.0,1,11.6
2025-09-12T13:06:34.513331,0,4294,1.0,1,6.5
2025-09-12T13:06:35.018696,0,4294,1.0,1,3.5
2025-09-12T13:06:35.521144,0,4294,1.0,1,2.7
2025-09-12T13:06:36.021738,0,4294,1.0,1,6.0
2025-09-12T13:06:36.525651,0,4294,1.0,1,8.8
2025-09-12T13:06:37.030975,0,4294,1.0,1,6.0
2025-09-12T13:06:37.536210,0,4294,1.0,1,3.7
2025-09-12T13:06:38.038638,0,4294,1.0,1,5.2
2025-09-12T13:06:38.544004,0,4294,1.0,1,5.5
2025-09-12T13:06:39.049436,0,4294,1.0,1,5.4
2025-09-12T13:06:39.554793,0,4294,1.0,1,5.5
2025-09-12T13:06:40.060152,0,4294,1.0,1,5.2
2025-09-12T13:06:40.563990,0,4294,1.0,1,5.2
2025-09-12T13:06:41.066067,0,4294,1.0,1,3.7
2025-09-12T13:06:41.571464,0,4294,1.0,1,10.1
2025-09-12T13:06:42.077371,0,4294,1.0,1,5.4
2025-09-12T13:06:42.582451,0,4294,1.0,1,4.5
2025-09-12T13:06:43.085607,0,4294,1.0,1,5.5
2025-09-12T13:06:43.590995,0,4294,1.0,1,5.0
2025-09-12T13:06:44.092533,0,4294,1.0,1,4.5
2025-09-12T13:06:44.597901,0,4294,1.0,1,5.0
2025-09-12T13:06:45.103243,0,4294,1.0,1,7.0
2025-09-12T13:06:45.604415,0,4294,1.0,1,5.2
2025-09-12T13:06:46.109861,0,4294,1.0,1,3.9
2025-09-12T13:06:46.615281,0,4294,1.0,1,4.5
2025-09-12T13:06:47.120605,0,4294,1.0,1,5.0
2025-09-12T13:06:47.622543,0,4294,1.0,1,4.7
2025-09-12T13:06:48.128149,0,4294,1.0,1,25.1
2025-09-12T13:06:48.630668,0,4294,1.0,1,6.4
2025-09-12T13:06:49.135225,0,4294,1.0,1,5.7
2025-09-12T13:06:49.640602,0,4294,1.0,1,3.0
2025-09-12T13:06:50.145969,0,4294,1.0,1,1.2
2025-09-12T13:06:50.647312,0,4294,1.0,1,0.0
2025-09-12T13:06:51.151803,0,4294,1.0,1,2.6
2025-09-12T13:06:51.654653,0,4294,1.0,1,2.7
2025-09-12T13:06:52.159896,0,4294,1.0,1,5.2
2025-09-12T13:06:52.664844,0,4294,1.0,1,1.5
2025-09-12T13:06:53.169348,0,4294,1.0,1,2.7
2025-09-12T13:06:53.670754,0,4294,1.0,1,2.5
2025-09-12T13:06:54.176129,0,4294,1.0,1,2.2
2025-09-12T13:06:54.681504,0,4294,1.0,1,1.7
2025-09-12T13:06:55.185170,0,4294,1.0,1,2.2
2025-09-12T13:06:55.690633,0,4294,1.0,1,1.2
2025-09-12T13:06:56.195545,0,4294,1.0,1,2.2
2025-09-12T13:06:56.700101,0,4294,1.0,1,2.5
2025-09-12T13:06:57.201907,0,4294,1.0,1,7.8
2025-09-12T13:06:57.706726,0,4294,1.0,1,3.5
2025-09-12T13:06:58.212086,0,4294,1.0,1,5.7
2025-09-12T13:06:58.714101,0,4294,1.0,1,25.0
2025-09-12T13:06:59.219459,0,4294,1.0,1,18.7
2025-09-12T13:06:59.724162,0,4294,1.0,1,15.6
2025-09-12T13:07:00.229554,0,4294,1.0,1,16.0
2025-09-12T13:07:00.734951,0,4294,1.0,1,2.0
2025-09-12T13:07:01.238843,0,4294,1.0,1,4.0
2025-09-12T13:07:01.744290,0,4294,1.0,1,2.5
2025-09-12T13:07:02.249670,0,4294,1.0,1,2.7
2025-09-12T13:07:02.754864,0,4294,1.0,1,7.6
2025-09-12T13:07:03.260164,0,4294,1.0,1,2.5
2025-09-12T13:07:03.762064,0,4294,1.0,1,5.0
2025-09-12T13:07:04.267868,0,4294,1.0,1,4.7
2025-09-12T13:07:04.773365,0,4294,1.0,1,4.2
2025-09-12T13:07:05.279186,0,4294,1.0,1,2.5
2025-09-12T13:07:05.782883,0,4294,1.0,1,2.7
2025-09-12T13:07:06.285275,0,4294,1.0,1,3.7
2025-09-12T13:07:06.790635,0,4294,1.0,1,2.7
2025-09-12T13:07:07.296037,0,4294,1.0,1,3.7
2025-09-12T13:07:07.801430,0,4294,1.0,1,2.7
2025-09-12T13:07:08.306820,0,4294,1.0,1,2.0
2025-09-12T13:07:08.812310,0,4294,1.0,1,6.2
2025-09-12T13:07:09.317669,0,4294,1.0,1,1.5
2025-09-12T13:07:09.823010,0,4294,1.0,1,1.7
2025-09-12T13:07:10.328369,0,4294,1.0,1,1.2
2025-09-12T13:07:10.832504,0,4294,1.0,1,2.0
2025-09-12T13:07:11.335323,0,4294,1.0,1,1.7
2025-09-12T13:07:11.836412,0,4294,1.0,1,4.2
2025-09-12T13:07:12.338545,0,4294,1.0,1,3.0
2025-09-12T13:07:12.843960,0,4294,1.0,1,3.0
2025-09-12T13:07:13.345634,0,4294,1.0,1,5.2
2025-09-12T13:07:13.851002,0,4294,1.0,1,5.7
2025-09-12T13:07:14.356380,0,4294,1.0,1,1.5
2025-09-12T13:07:14.861777,0,4294,1.0,1,2.2
2025-09-12T13:07:15.367294,0,4294,1.0,1,14.1
2025-09-12T13:07:15.872570,0,4294,1.0,1,17.7
2025-09-12T13:07:16.377999,0,4294,1.0,1,18.7
2025-09-12T13:07:16.883317,0,4294,1.0,1,18.0
2025-09-12T13:07:17.388540,0,4294,1.0,1,17.6
2025-09-12T13:07:17.893949,0,4294,1.0,1,7.2
2025-09-12T13:07:18.399324,0,4294,1.0,1,22.5
2025-09-12T13:07:18.902099,0,4294,1.0,1,8.3
2025-09-12T13:07:19.407429,0,4294,1.0,1,8.9
2025-09-12T13:07:19.912775,0,4294,1.0,1,7.7
2025-09-12T13:07:20.418223,0,4294,1.0,1,5.0
2025-09-12T13:07:20.919118,0,4294,1.0,1,6.4
2025-09-12T13:07:21.421486,0,4294,1.0,1,5.5
2025-09-12T13:07:21.925430,0,4294,1.0,1,13.2
2025-09-12T13:07:22.430722,0,4294,1.0,1,4.2
2025-09-12T13:07:22.934078,0,4294,1.0,1,6.0
2025-09-12T13:07:23.435377,0,4294,1.0,1,6.3
2025-09-12T13:07:23.940637,0,4294,1.0,1,5.2
2025-09-12T13:07:24.446041,0,4294,1.0,1,5.7
2025-09-12T13:07:24.946874,0,4294,1.0,1,3.3
2025-09-12T13:07:25.452163,0,4294,1.0,1,5.0
2025-09-12T13:07:25.953803,0,4294,1.0,1,5.5
2025-09-12T13:07:26.459171,0,4294,1.0,1,6.0
2025-09-12T13:07:26.964496,0,4294,1.0,1,3.0
2025-09-12T13:07:27.468729,0,4294,1.0,1,5.2
2025-09-12T13:07:27.973984,0,4294,1.0,1,6.0
2025-09-12T13:07:28.479381,0,4294,1.0,1,5.5
2025-09-12T13:07:28.984170,0,4294,1.0,1,6.4
2025-09-12T13:07:29.489816,0,4294,1.0,1,5.0
2025-09-12T13:07:29.995152,0,4294,1.0,1,3.5
2025-09-12T13:07:30.500534,0,4294,1.0,1,2.0
2025-09-12T13:07:31.002325,0,4294,1.0,1,6.5
2025-09-12T13:07:31.503031,0,4294,1.0,1,7.0
2025-09-12T13:07:32.008348,0,4294,1.0,1,3.2
2025-09-12T13:07:32.509467,0,4294,1.0,1,4.7
2025-09-12T13:07:33.014837,0,4294,1.0,1,3.2
2025-09-12T13:07:33.519281,0,4294,1.0,1,2.5
2025-09-12T13:07:34.023151,0,4294,1.0,1,9.2
2025-09-12T13:07:34.528472,0,4294,1.0,1,1.7
2025-09-12T13:07:35.033097,0,4294,1.0,1,5.2
2025-09-12T13:07:35.537904,0,4294,1.0,1,3.2
2025-09-12T13:07:36.042834,0,4294,1.0,1,6.7
2025-09-12T13:07:36.548236,0,4294,1.0,1,3.7
2025-09-12T13:07:37.052566,0,4294,1.0,1,1.5
2025-09-12T13:07:37.553900,0,4294,1.0,1,5.8
2025-09-12T13:07:38.059270,0,4294,1.0,1,6.7
2025-09-12T13:07:38.561908,0,4294,1.0,1,7.0
2025-09-12T13:07:39.067262,0,4294,1.0,1,7.2
2025-09-12T13:07:39.572664,0,4294,1.0,1,2.5
2025-09-12T13:07:40.078038,0,4294,1.0,1,7.4
2025-09-12T13:07:40.583846,0,4294,1.0,1,5.2
2025-09-12T13:07:41.086079,0,4294,1.0,1,2.5
2025-09-12T13:07:41.591425,0,4294,1.0,1,1.7
2025-09-12T13:07:42.093992,0,4294,1.0,1,6.7
2025-09-12T13:07:42.595369,0,4294,1.0,1,8.3
2025-09-12T13:07:43.101013,0,4294,1.0,1,6.5
2025-09-12T13:07:43.605326,0,4294,1.0,1,4.9
2025-09-12T13:07:44.110693,0,4294,1.0,1,1.7
2025-09-12T13:07:44.616075,0,4294,1.0,1,3.5
2025-09-12T13:07:45.117762,0,4294,1.0,1,3.5
2025-09-12T13:07:45.623151,0,4294,1.0,1,2.2
2025-09-12T13:07:46.125165,0,4294,1.0,1,2.0
2025-09-12T13:07:46.630553,0,4294,1.0,1,2.5
2025-09-12T13:07:47.135905,0,4294,1.0,1,10.7
2025-09-12T13:07:47.639364,0,4294,1.0,1,1.5
2025-09-12T13:07:48.143502,0,4294,1.0,1,40.5
2025-09-12T13:07:48.649108,0,4294,1.0,1,3.0
2025-09-12T13:07:49.153575,0,4294,1.0,1,10.9
2025-09-12T13:07:49.655404,0,4294,1.0,1,2.0
2025-09-12T13:07:50.161889,0,4294,1.0,1,2.2
2025-09-12T13:07:50.667279,0,4294,1.0,1,1.5
2025-09-12T13:07:51.170082,0,4294,1.0,1,1.9
2025-09-12T13:07:51.675443,0,4294,1.0,1,1.7
2025-09-12T13:07:52.180771,0,4294,1.0,1,8.6
2025-09-12T13:07:52.686000,0,4294,1.0,1,1.7
2025-09-12T13:07:53.191375,0,4294,1.0,1,1.7
2025-09-12T13:07:53.694556,0,4294,1.0,1,5.7
2025-09-12T13:07:54.199168,0,4294,1.0,1,2.0
2025-09-12T13:07:54.703176,0,4294,1.0,1,1.5
2025-09-12T13:07:55.207466,0,4294,1.0,1,2.5
2025-09-12T13:07:55.712852,0,4294,1.0,1,1.5
2025-09-12T13:07:56.215489,0,4294,1.0,1,2.2
2025-09-12T13:07:56.717857,0,4294,1.0,1,3.2
2025-09-12T13:07:57.223224,0,4294,1.0,1,6.0
2025-09-12T13:07:57.724862,0,4294,1.0,1,2.2
2025-09-12T13:07:58.229106,0,4294,1.0,1,4.7
2025-09-12T13:07:58.732769,0,4294,1.0,1,2.8
2025-09-12T13:07:59.238120,0,4294,1.0,1,2.7
2025-09-12T13:07:59.741212,0,4294,1.0,1,2.7
2025-09-12T13:08:00.242178,0,4294,1.0,1,7.3
2025-09-12T13:08:00.747627,0,4294,1.0,1,1.7
2025-09-12T13:08:01.252997,0,4294,1.0,1,1.7
2025-09-12T13:08:01.758362,0,4294,1.0,1,2.0
2025-09-12T13:08:02.263729,0,4294,1.0,1,1.2
2025-09-12T13:08:02.769111,0,4294,1.0,1,2.7
2025-09-12T13:08:03.271730,0,4294,1.0,1,2.0
2025-09-12T13:08:03.777114,0,4294,1.0,1,3.7
2025-09-12T13:08:04.282444,0,4294,1.0,1,4.7
2025-09-12T13:08:04.787842,0,4294,1.0,1,5.4
2025-09-12T13:08:05.292940,0,4294,1.0,1,1.7
2025-09-12T13:08:05.798335,0,4294,1.0,1,4.0
2025-09-12T13:08:06.303717,0,4294,1.0,1,2.2
2025-09-12T13:08:06.807615,0,4294,1.0,1,2.0
2025-09-12T13:08:07.308957,0,4294,1.0,1,1.7
2025-09-12T13:08:07.814326,0,4294,1.0,1,2.2
2025-09-12T13:08:08.319733,0,4294,1.0,1,5.2
2025-09-12T13:08:08.825549,0,4294,1.0,1,2.9
2025-09-12T13:08:09.330003,0,4294,1.0,1,2.0
2025-09-12T13:08:09.835421,0,4294,1.0,1,1.5
2025-09-12T13:08:10.340029,0,4294,1.0,1,2.5
2025-09-12T13:08:10.844985,0,4294,1.0,1,2.0
2025-09-12T13:08:11.350227,0,4294,1.0,1,1.5
2025-09-12T13:08:11.855430,0,4294,1.0,1,2.0
2025-09-12T13:08:12.360322,0,4294,1.0,1,1.2
2025-09-12T13:08:12.865810,0,4294,1.0,1,2.0
2025-09-12T13:08:13.369184,0,4294,1.0,1,1.7
2025-09-12T13:08:13.874627,0,4294,1.0,1,2.2
2025-09-12T13:08:14.376516,0,4294,1.0,1,1.7
2025-09-12T13:08:14.881990,0,4294,1.0,1,2.5
2025-09-12T13:08:15.385857,0,4294,1.0,1,1.5
2025-09-12T13:08:15.891355,0,4294,1.0,1,5.2
2025-09-12T13:08:16.393165,0,4294,1.0,1,5.7
2025-09-12T13:08:16.898517,0,4294,1.0,1,1.5
2025-09-12T13:08:17.402569,0,4294,1.0,1,1.7
2025-09-12T13:08:17.907987,0,4294,1.0,1,4.2
2025-09-12T13:08:18.409854,0,4294,1.0,1,1.5
2025-09-12T13:08:18.914975,0,4294,1.0,1,4.9
2025-09-12T13:08:19.419225,0,4294,1.0,1,3.0
2025-09-12T13:08:19.924546,0,4294,1.0,1,2.5
2025-09-12T13:08:20.429948,0,4294,1.0,1,1.7
2025-09-12T13:08:20.933279,0,4294,1.0,1,1.7
2025-09-12T13:08:21.438710,0,4294,1.0,1,3.1
2025-09-12T13:08:21.943788,0,4294,1.0,1,6.7
2025-09-12T13:08:22.447560,0,4294,1.0,1,4.7
2025-09-12T13:08:22.952600,0,4294,1.0,1,2.0
2025-09-12T13:08:23.458901,0,4294,1.0,1,2.5
2025-09-12T13:08:23.962130,0,4294,1.0,1,2.2
2025-09-12T13:08:24.467566,0,4294,1.0,1,1.7
2025-09-12T13:08:24.972988,0,4294,1.0,1,2.0
2025-09-12T13:08:25.478425,0,4294,1.0,1,1.5
2025-09-12T13:08:25.981204,0,4294,1.0,1,2.0
2025-09-12T13:08:26.486028,0,4294,1.0,1,3.0
2025-09-12T13:08:26.991396,0,4294,1.0,1,4.2
2025-09-12T13:08:27.496768,0,4294,1.0,1,3.2
2025-09-12T13:08:28.002150,0,4294,1.0,1,2.2
2025-09-12T13:08:28.507526,0,4294,1.0,1,2.5
2025-09-12T13:08:29.012901,0,4294,1.0,1,4.7
2025-09-12T13:08:29.518449,0,4294,1.0,1,1.5
2025-09-12T13:08:30.018868,0,4294,1.0,1,1.8
2025-09-12T13:08:30.524240,0,4294,1.0,1,2.5
2025-09-12T13:08:31.026641,0,4294,1.0,1,1.7
2025-09-12T13:08:31.532046,0,4294,1.0,1,1.7
2025-09-12T13:08:32.036006,0,4294,1.0,1,2.0
2025-09-12T13:08:32.538509,0,4294,1.0,1,2.0
2025-09-12T13:08:33.042627,0,4294,1.0,1,2.0
2025-09-12T13:08:33.548054,0,4294,1.0,1,2.5
2025-09-12T13:08:34.052678,0,4294,1.0,1,2.2
2025-09-12T13:08:34.557352,0,4294,1.0,1,3.2
2025-09-12T13:08:35.062890,0,4294,1.0,1,2.5
2025-09-12T13:08:35.565277,0,4294,1.0,1,2.0
2025-09-12T13:08:36.070640,0,4294,1.0,1,2.2
2025-09-12T13:08:36.575529,0,4294,1.0,1,2.5
2025-09-12T13:08:37.080888,0,4294,1.0,1,1.2
2025-09-12T13:08:37.583013,0,4294,1.0,1,1.7
2025-09-12T13:08:38.088028,0,4294,1.0,1,2.5
2025-09-12T13:08:38.593415,0,4294,1.0,1,3.0
2025-09-12T13:08:39.096897,0,4294,1.0,1,2.0
2025-09-12T13:08:39.601569,0,4294,1.0,1,2.0
2025-09-12T13:08:40.103955,0,4294,1.0,1,2.7
2025-09-12T13:08:40.605356,0,4294,1.0,1,3.7
2025-09-12T13:08:41.106032,0,4294,1.0,1,14.8
2025-09-12T13:08:41.611432,0,4294,1.0,1,5.7
2025-09-12T13:08:42.116811,0,4294,1.0,1,1.2
2025-09-12T13:08:42.621412,0,4294,1.0,1,2.7
2025-09-12T13:08:43.122742,0,4294,1.0,1,2.2
2025-09-12T13:08:43.628143,0,4294,1.0,1,2.0
2025-09-12T13:08:44.133484,0,4294,1.0,1,2.7
2025-09-12T13:08:44.637437,0,4294,1.0,1,1.5
2025-09-12T13:08:45.142212,0,4294,1.0,1,2.0
2025-09-12T13:08:45.646137,0,4294,1.0,1,1.7
2025-09-12T13:08:46.146789,0,4294,1.0,1,1.7
2025-09-12T13:08:46.652183,0,4294,1.0,1,2.0
2025-09-12T13:08:47.157551,0,4294,1.0,1,2.0
2025-09-12T13:08:47.662914,0,4294,1.0,1,2.7
2025-09-12T13:08:48.168151,0,4294,1.0,1,26.2
2025-09-12T13:08:48.674483,0,4294,1.0,1,5.2
2025-09-12T13:08:49.179815,0,4294,1.0,1,12.7
2025-09-12T13:08:49.685182,0,4294,1.0,1,1.7
2025-09-12T13:08:50.186127,0,4294,1.0,1,2.0
2025-09-12T13:08:50.690847,0,4294,1.0,1,2.0
2025-09-12T13:08:51.196751,0,4294,1.0,1,3.5
2025-09-12T13:08:51.702171,0,4294,1.0,1,2.5
2025-09-12T13:08:52.207515,0,4294,1.0,1,5.5
2025-09-12T13:08:52.712240,0,4294,1.0,1,6.0
2025-09-12T13:08:53.217581,0,4294,1.0,1,1.7
2025-09-12T13:08:53.721511,0,4294,1.0,1,3.2
2025-09-12T13:08:54.226387,0,4294,1.0,1,2.5
2025-09-12T13:08:54.731765,0,4294,1.0,1,2.2
2025-09-12T13:08:55.237160,0,4294,1.0,1,3.7
2025-09-12T13:08:55.741713,0,4294,1.0,1,2.0
2025-09-12T13:08:56.247070,0,4294,1.0,1,1.7
2025-09-12T13:08:56.749685,0,4294,1.0,1,3.0
2025-09-12T13:08:57.255035,0,4294,1.0,1,4.2
2025-09-12T13:08:57.760422,0,4294,1.0,1,2.5
2025-09-12T13:08:58.265766,0,4294,1.0,1,1.7
2025-09-12T13:08:58.771262,0,4294,1.0,1,6.5
2025-09-12T13:08:59.276658,0,4294,1.0,1,2.2
2025-09-12T13:08:59.782033,0,4294,1.0,1,2.2
2025-09-12T13:09:00.287410,0,4294,1.0,1,6.4
2025-09-12T13:09:00.792770,0,4294,1.0,1,2.2
2025-09-12T13:09:01.295851,0,4294,1.0,1,2.2
2025-09-12T13:09:01.801189,0,4294,1.0,1,2.0
2025-09-12T13:09:02.301696,0,4294,1.0,1,1.5
2025-09-12T13:09:02.806561,0,4294,1.0,1,2.2
2025-09-12T13:09:03.311767,0,4294,1.0,1,1.2
2025-09-12T13:09:03.817118,0,4294,1.0,1,3.2
2025-09-12T13:09:04.322621,0,4294,1.0,1,2.2
2025-09-12T13:09:04.827994,0,4294,1.0,1,2.7
2025-09-12T13:09:05.333399,0,4294,1.0,1,2.2
2025-09-12T13:09:05.836963,0,4294,1.0,1,1.7
2025-09-12T13:09:06.338616,0,4294,1.0,1,1.8
2025-09-12T13:09:06.840289,0,4294,1.0,1,2.5
2025-09-12T13:09:07.345628,0,4294,1.0,1,1.7
2025-09-12T13:09:07.848566,0,4294,1.0,1,2.0
2025-09-12T13:09:08.353846,0,4294,1.0,1,2.5
2025-09-12T13:09:08.859197,0,4294,1.0,1,3.0
2025-09-12T13:09:09.360812,0,4294,1.0,1,1.7
2025-09-12T13:09:09.866197,0,4294,1.0,1,2.2
2025-09-12T13:09:10.371556,0,4294,1.0,1,1.7
2025-09-12T13:09:10.876942,0,4294,1.0,1,1.5
2025-09-12T13:09:11.379092,0,4294,1.0,1,1.7
2025-09-12T13:09:11.884476,0,4294,1.0,1,2.2
2025-09-12T13:09:12.386350,0,4294,1.0,1,1.5
2025-09-12T13:09:12.891695,0,4294,1.0,1,2.5
2025-09-12T13:09:13.397089,0,4294,1.0,1,2.0
2025-09-12T13:09:13.901944,0,4294,1.0,1,2.0
2025-09-12T13:09:14.407363,0,4294,1.0,1,2.5
2025-09-12T13:09:14.910280,0,4294,1.0,1,1.5
2025-09-12T13:09:15.415659,0,4294,1.0,1,3.2
2025-09-12T13:09:15.918615,0,4294,1.0,1,5.5
2025-09-12T13:09:16.419696,0,4294,1.0,1,1.5
2025-09-12T13:09:16.925081,0,4294,1.0,1,1.7
2025-09-12T13:09:17.427013,0,4294,1.0,1,1.2
2025-09-12T13:09:17.932407,0,4294,1.0,1,6.0
2025-09-12T13:09:18.437741,0,4294,1.0,1,1.7
2025-09-12T13:09:18.943039,0,4294,1.0,1,1.5
2025-09-12T13:09:19.448348,0,4294,1.0,1,4.4
2025-09-12T13:09:19.949843,0,4294,1.0,1,1.5
2025-09-12T13:09:20.453012,0,4294,1.0,1,1.2
2025-09-12T13:09:20.958323,0,4294,1.0,1,6.2
2025-09-12T13:09:21.463650,0,4294,1.0,1,2.2
2025-09-12T13:09:21.968021,0,4294,1.0,1,5.2
2025-09-12T13:09:22.469715,0,4294,1.0,1,5.2
2025-09-12T13:09:22.975036,0,4294,1.0,1,1.7
2025-09-12T13:09:23.481419,0,4294,1.0,1,2.0
2025-09-12T13:09:23.981923,0,4294,1.0,1,1.8
2025-09-12T13:09:24.486419,0,4294,1.0,1,2.5
2025-09-12T13:09:24.991815,0,4294,1.0,1,1.7
2025-09-12T13:09:25.496628,0,4294,1.0,1,1.7
2025-09-12T13:09:26.002008,0,4294,1.0,1,2.7
2025-09-12T13:09:26.503115,0,4294,1.0,1,2.5
2025-09-12T13:09:27.008500,0,4294,1.0,1,4.0
2025-09-12T13:09:27.512640,0,4294,1.0,1,2.7
2025-09-12T13:09:28.014000,0,4294,1.0,1,2.8
2025-09-12T13:09:28.519364,0,4294,1.0,1,2.5
2025-09-12T13:09:29.019808,0,4294,1.0,1,1.8
2025-09-12T13:09:29.525174,0,4294,1.0,1,1.7
2025-09-12T13:09:30.030017,0,4294,1.0,1,5.0
2025-09-12T13:09:30.531267,0,4294,1.0,1,1.7
2025-09-12T13:09:31.035738,0,4294,1.0,1,1.7
2025-09-12T13:09:31.541104,0,4294,1.0,1,1.7
2025-09-12T13:09:32.046031,0,4294,1.0,1,2.5
2025-09-12T13:09:32.547502,0,4294,1.0,1,1.0
2025-09-12T13:09:33.052861,0,4294,1.0,1,1.5
2025-09-12T13:09:33.555334,0,4294,1.0,1,2.7
2025-09-12T13:09:34.060706,0,4294,1.0,1,2.2
2025-09-12T13:09:34.563429,0,4294,1.0,1,2.5
2025-09-12T13:09:35.068793,0,4294,1.0,1,1.7
2025-09-12T13:09:35.573551,0,4294,1.0,1,1.7
2025-09-12T13:09:36.078902,0,4294,1.0,1,2.2
2025-09-12T13:09:36.579580,0,4294,1.0,1,1.2
2025-09-12T13:09:37.084956,0,4294,1.0,1,2.2
2025-09-12T13:09:37.590287,0,4294,1.0,1,1.0
2025-09-12T13:09:38.095637,0,4294,1.0,1,2.2
2025-09-12T13:09:38.600981,0,4294,1.0,1,2.0
2025-09-12T13:09:39.103209,0,4294,1.0,1,1.8
2025-09-12T13:09:39.608529,0,4294,1.0,1,2.0
2025-09-12T13:09:40.113882,0,4294,1.0,1,7.9
2025-09-12T13:09:40.616826,0,4294,1.0,1,2.8
2025-09-12T13:09:41.122283,0,4294,1.0,1,6.2
2025-09-12T13:09:41.624829,0,4294,1.0,1,2.0
2025-09-12T13:09:42.128803,0,4294,1.0,1,4.5
2025-09-12T13:09:42.630003,0,4294,1.0,1,1.7
2025-09-12T13:09:43.135350,0,4294,1.0,1,2.5
2025-09-12T13:09:43.636585,0,4294,1.0,1,2.5
2025-09-12T13:09:44.142015,0,4294,1.0,1,1.5
2025-09-12T13:09:44.642605,0,4294,1.0,1,2.2
2025-09-12T13:09:45.148005,0,4294,1.0,1,5.7
2025-09-12T13:09:45.648887,0,4294,1.0,1,1.3
2025-09-12T13:09:46.152416,0,4294,1.0,1,2.2
2025-09-12T13:09:46.657760,0,4294,1.0,1,2.2
2025-09-12T13:09:47.163088,0,4294,1.0,1,1.3
2025-09-12T13:09:47.664802,0,4294,1.0,1,1.7
2025-09-12T13:09:48.170163,0,4294,1.0,1,22.4
2025-09-12T13:09:48.675561,0,4294,1.0,1,1.7
2025-09-12T13:09:49.177000,0,4294,1.0,1,9.0
2025-09-12T13:09:49.682523,0,4294,1.0,1,2.2
2025-09-12T13:09:50.186635,0,4294,1.0,1,2.0
2025-09-12T13:09:50.692139,0,4294,1.0,1,2.0
2025-09-12T13:09:51.197553,0,4294,1.0,1,2.0
2025-09-12T13:09:51.698792,0,4294,1.0,1,5.4
2025-09-12T13:09:52.204174,0,4294,1.0,1,2.5
2025-09-12T13:09:52.705867,0,4294,1.0,1,7.9
2025-09-12T13:09:53.211143,0,4294,1.0,1,2.0
2025-09-12T13:09:53.716522,0,4294,1.0,1,5.9
2025-09-12T13:09:54.221878,0,4294,1.0,1,2.2
2025-09-12T13:09:54.723757,0,4294,1.0,1,1.7
2025-09-12T13:09:55.224854,0,4294,1.0,1,2.0
2025-09-12T13:09:55.727936,0,4294,1.0,1,2.5
2025-09-12T13:09:56.233302,0,4294,1.0,1,1.7
2025-09-12T13:09:56.738675,0,4294,1.0,1,2.0
2025-09-12T13:09:57.241001,0,4294,1.0,1,4.5
2025-09-12T13:09:57.746411,0,4294,1.0,1,1.7
2025-09-12T13:09:58.249034,0,4294,1.0,1,1.2
2025-09-12T13:09:58.759596,0,4294,1.0,1,4.2
2025-09-12T13:09:59.265195,0,4294,1.0,1,3.4
2025-09-12T13:09:59.769108,0,4294,1.0,1,2.5
2025-09-12T13:10:00.274475,0,4294,1.0,1,6.2
2025-09-12T13:10:00.777493,0,4294,1.0,1,2.2
2025-09-12T13:10:01.278429,0,4294,1.0,1,2.0
2025-09-12T13:10:01.783799,0,4294,1.0,1,2.0
2025-09-12T13:10:02.287846,0,4294,1.0,1,1.3
2025-09-12T13:10:02.793080,0,4294,1.0,1,2.7
2025-09-12T13:10:03.298210,0,4294,1.0,1,1.5
2025-09-12T13:10:03.800892,0,4294,1.0,1,2.5
2025-09-12T13:10:04.306301,0,4294,1.0,1,5.2
2025-09-12T13:10:04.808981,0,4294,1.0,1,2.7
2025-09-12T13:10:05.314333,0,4294,1.0,1,2.2
2025-09-12T13:10:05.817152,0,4294,1.0,1,2.5
2025-09-12T13:10:06.318482,0,4294,1.0,1,1.8
2025-09-12T13:10:06.819841,0,4294,1.0,1,4.5
2025-09-12T13:10:07.323929,0,4294,1.0,1,4.2
2025-09-12T13:10:07.829306,0,4294,1.0,1,6.7
2025-09-12T13:10:08.334675,0,4294,1.0,1,1.7
2025-09-12T13:10:08.840062,0,4294,1.0,1,5.9
2025-09-12T13:10:09.345394,0,4294,1.0,1,1.5
2025-09-12T13:10:09.850623,0,4294,1.0,1,2.2
2025-09-12T13:10:10.355879,0,4294,1.0,1,1.7
2025-09-12T13:10:10.857388,0,4294,1.0,1,2.5
2025-09-12T13:10:11.361342,0,4294,1.0,1,1.5
2025-09-12T13:10:11.866810,0,4294,1.0,1,2.2
2025-09-12T13:10:12.371745,0,4294,1.0,1,5.0
2025-09-12T13:10:12.877609,0,4294,1.0,1,2.2
2025-09-12T13:10:13.381811,0,4294,1.0,1,1.3
2025-09-12T13:10:13.886868,0,4294,1.0,1,2.7
2025-09-12T13:10:14.392257,0,4294,1.0,1,2.5
2025-09-12T13:10:14.895493,0,4294,1.0,1,1.5
2025-09-12T13:10:15.400295,0,4294,1.0,1,2.7
2025-09-12T13:10:15.904193,0,4294,1.0,1,1.7
2025-09-12T13:10:16.409541,0,4294,1.0,1,2.2
2025-09-12T13:10:16.914928,0,4294,1.0,1,1.3
2025-09-12T13:10:17.420219,0,4294,1.0,1,1.5
2025-09-12T13:10:17.925657,0,4294,1.0,1,9.9
2025-09-12T13:10:18.430548,0,4294,1.0,1,2.0
2025-09-12T13:10:18.935909,0,4294,1.0,1,2.5
2025-09-12T13:10:19.438584,0,4294,1.0,1,3.2
2025-09-12T13:10:19.943877,0,4294,1.0,1,6.2
2025-09-12T13:10:20.446602,0,4294,1.0,1,2.2
2025-09-12T13:10:20.951896,0,4294,1.0,1,2.0
2025-09-12T13:10:21.454663,0,4294,1.0,1,0.0
2025-09-12T13:10:21.959915,0,4294,1.0,1,14.7
2025-09-12T13:10:22.465090,0,4294,1.0,1,3.2
2025-09-12T13:10:22.971231,0,4294,1.0,1,5.9
2025-09-12T13:10:23.476038,0,4294,1.0,1,1.7
2025-09-12T13:10:23.981426,0,4294,1.0,1,3.2
2025-09-12T13:10:24.484078,0,4294,1.0,1,1.8
2025-09-12T13:10:24.989493,0,4294,1.0,1,2.5
2025-09-12T13:10:25.494920,0,4294,1.0,1,2.3
2025-09-12T13:10:25.995845,0,4294,1.0,1,3.5
2025-09-12T13:10:26.501245,0,4294,1.0,1,9.2
2025-09-12T13:10:27.006650,0,4294,1.0,1,3.7
2025-09-12T13:10:27.512081,0,4294,1.0,1,3.7
2025-09-12T13:10:28.017444,0,4294,1.0,1,2.2
2025-09-12T13:10:28.520189,0,4294,1.0,1,2.0
2025-09-12T13:10:29.025604,0,4294,1.0,1,2.2
2025-09-12T13:10:29.529445,0,4294,1.0,1,1.5
2025-09-12T13:10:30.030767,0,4294,1.0,1,2.0
2025-09-12T13:10:30.531499,0,4294,1.0,1,1.7
2025-09-12T13:10:31.036871,0,4294,1.0,1,2.0
2025-09-12T13:10:31.542257,0,4294,1.0,1,2.2
2025-09-12T13:10:32.046839,0,4294,1.0,1,3.5
2025-09-12T13:10:32.552216,0,4294,1.0,1,1.7
2025-09-12T13:10:33.055977,0,4294,1.0,1,2.0
2025-09-12T13:10:33.561362,0,4294,1.0,1,2.2
2025-09-12T13:10:34.066783,0,4294,1.0,1,2.5
2025-09-12T13:10:34.570392,0,4294,1.0,1,2.2
2025-09-12T13:10:35.075838,0,4294,1.0,1,2.5
2025-09-12T13:10:35.581189,0,4294,1.0,1,1.2
2025-09-12T13:10:36.086611,0,4294,1.0,1,2.0
2025-09-12T13:10:36.592000,0,4294,1.0,1,2.7
2025-09-12T13:10:37.097385,0,4294,1.0,1,1.5
2025-09-12T13:10:37.602742,0,4294,1.0,1,1.5
2025-09-12T13:10:38.108095,0,4294,1.0,1,5.7
2025-09-12T13:10:38.612504,0,4294,1.0,1,1.5
2025-09-12T13:10:39.113537,0,4294,1.0,1,2.2
2025-09-12T13:10:39.618898,0,4294,1.0,1,1.7
2025-09-12T13:10:40.121565,0,4294,1.0,1,2.2
2025-09-12T13:10:40.626917,0,4294,1.0,1,1.2
2025-09-12T13:10:41.132277,0,4294,1.0,1,2.0
2025-09-12T13:10:41.637630,0,4294,1.0,1,1.5
2025-09-12T13:10:42.142988,0,4294,1.0,1,1.7
2025-09-12T13:10:42.648384,0,4294,1.0,1,1.7
2025-09-12T13:10:43.150956,0,4294,1.0,1,2.0
2025-09-12T13:10:43.656328,0,4294,1.0,1,2.2
2025-09-12T13:10:44.158084,0,4294,1.0,1,4.2
2025-09-12T13:10:44.660282,0,4294,1.0,1,1.7
2025-09-12T13:10:45.165718,0,4294,1.0,1,2.5
2025-09-12T13:10:45.671078,0,4294,1.0,1,1.7
2025-09-12T13:10:46.175091,0,4294,1.0,1,2.7
2025-09-12T13:10:46.676323,0,4294,1.0,1,2.0
2025-09-12T13:10:47.181691,0,4294,1.0,1,1.5
2025-09-12T13:10:47.685770,0,4294,1.0,1,4.2
2025-09-12T13:10:48.188097,0,4294,1.0,1,24.3
2025-09-12T13:10:48.693859,0,4294,1.0,1,2.7
2025-09-12T13:10:49.199276,0,4294,1.0,1,7.4
2025-09-12T13:10:49.704644,0,4294,1.0,1,3.7
2025-09-12T13:10:50.207631,0,4294,1.0,1,1.2
2025-09-12T13:10:50.713015,0,4294,1.0,1,1.5
2025-09-12T13:10:51.218373,0,4294,1.0,1,1.5
2025-09-12T13:10:51.723757,0,4294,1.0,1,0.0
2025-09-12T13:10:52.229134,0,4294,1.0,1,2.8
2025-09-12T13:10:52.731633,0,4294,1.0,1,7.5
2025-09-12T13:10:53.236906,0,4294,1.0,1,1.5
2025-09-12T13:10:53.742326,0,4294,1.0,1,4.0
2025-09-12T13:10:54.251901,0,4294,1.0,1,3.4
2025-09-12T13:10:54.757336,0,4294,1.0,1,3.2
2025-09-12T13:10:55.262725,0,4294,1.0,1,1.7
2025-09-12T13:10:55.764487,0,4294,1.0,1,2.5
2025-09-12T13:10:56.268641,0,4294,1.0,1,1.5
2025-09-12T13:10:56.772437,0,4294,1.0,1,2.7
2025-09-12T13:10:57.277798,0,4294,1.0,1,4.2
2025-09-12T13:10:57.780487,0,4294,1.0,1,2.0
2025-09-12T13:10:58.281867,0,4294,1.0,1,1.5
2025-09-12T13:10:58.787251,0,4294,1.0,1,2.7
2025-09-12T13:10:59.292603,0,4294,1.0,1,4.2
2025-09-12T13:10:59.793784,0,4294,1.0,1,2.0
2025-09-12T13:11:00.298018,0,4294,1.0,1,6.2
2025-09-12T13:11:00.801230,0,4294,1.0,1,2.2
2025-09-12T13:11:01.306521,0,4294,1.0,1,2.5
2025-09-12T13:11:01.808112,0,4294,1.0,1,4.8
2025-09-12T13:11:02.308563,0,4294,1.0,1,1.8
2025-09-12T13:11:02.813919,0,4294,1.0,1,2.5
2025-09-12T13:11:03.319288,0,4294,1.0,1,1.7
2025-09-12T13:11:03.823226,0,4294,1.0,1,2.7
2025-09-12T13:11:04.324632,0,4294,1.0,1,2.0
2025-09-12T13:11:04.828498,0,4294,1.0,1,6.5
2025-09-12T13:11:05.334334,0,4294,1.0,1,1.5
2025-09-12T13:11:05.837751,0,4294,1.0,1,2.2
2025-09-12T13:11:06.342489,0,4294,1.0,1,2.0
2025-09-12T13:11:06.847929,0,4294,1.0,1,2.5
2025-09-12T13:11:07.349520,0,4294,1.0,1,2.0
2025-09-12T13:11:07.853897,0,4294,1.0,1,2.5
2025-09-12T13:11:08.359188,0,4294,1.0,1,1.5
2025-09-12T13:11:08.863217,0,4294,1.0,1,2.7
2025-09-12T13:11:09.367574,0,4294,1.0,1,2.5
2025-09-12T13:11:09.870753,0,4294,1.0,1,4.2
2025-09-12T13:11:10.376216,0,4294,1.0,1,1.5
2025-09-12T13:11:10.878428,0,4294,1.0,1,1.5
2025-09-12T13:11:11.383782,0,4294,1.0,1,2.0
2025-09-12T13:11:11.887339,0,4294,1.0,1,1.5
2025-09-12T13:11:12.392766,0,4294,1.0,1,2.0
2025-09-12T13:11:12.894641,0,4294,1.0,1,2.0
2025-09-12T13:11:13.396649,0,4294,1.0,1,1.2
2025-09-12T13:11:13.901995,0,4294,1.0,1,2.7
2025-09-12T13:11:14.404025,0,4294,1.0,1,2.2
2025-09-12T13:11:14.909376,0,4294,1.0,1,2.2
2025-09-12T13:11:15.412691,0,4294,1.0,1,1.5
2025-09-12T13:11:15.918088,0,4294,1.0,1,1.7
2025-09-12T13:11:16.420628,0,4294,1.0,1,6.7
2025-09-12T13:11:16.930530,0,4294,1.0,1,4.7
2025-09-12T13:11:17.436132,0,4294,1.0,1,3.2
2025-09-12T13:11:17.940852,0,4294,1.0,1,4.5
2025-09-12T13:11:18.441545,0,4294,1.0,1,3.5
2025-09-12T13:11:18.946872,0,4294,1.0,1,2.7
2025-09-12T13:11:19.450088,0,4294,1.0,1,3.0
2025-09-12T13:11:19.951362,0,4294,1.0,1,2.0
2025-09-12T13:11:20.454033,0,4294,1.0,1,1.5
2025-09-12T13:11:20.959301,0,4294,1.0,1,4.2
2025-09-12T13:11:21.460541,0,4294,1.0,1,2.7
2025-09-12T13:11:21.965903,0,4294,1.0,1,4.3
2025-09-12T13:11:22.468786,0,4294,1.0,1,2.5
2025-09-12T13:11:22.974048,0,4294,1.0,1,6.2
2025-09-12T13:11:23.479301,0,4294,1.0,1,2.5
2025-09-12T13:11:23.984689,0,4294,1.0,1,6.5
2025-09-12T13:11:24.489804,0,4294,1.0,1,1.7
2025-09-12T13:11:24.995082,0,4294,1.0,1,14.0
2025-09-12T13:11:25.500336,0,4294,1.0,1,11.2
2025-09-12T13:11:26.005506,0,4294,1.0,1,3.0
2025-09-12T13:11:26.506443,0,4294,1.0,1,4.2
2025-09-12T13:11:27.007692,0,4294,1.0,1,3.8
2025-09-12T13:11:27.513106,0,4294,1.0,1,2.7
2025-09-12T13:11:28.018470,0,4294,1.0,1,2.5
2025-09-12T13:11:28.523833,0,4294,1.0,1,3.4
2025-09-12T13:11:29.029199,0,4294,1.0,1,2.0
2025-09-12T13:11:29.534542,0,4294,1.0,1,1.5
2025-09-12T13:11:30.037470,0,4294,1.0,1,2.0
2025-09-12T13:11:30.539624,0,4294,1.0,1,1.7
2025-09-12T13:11:31.045005,0,4294,1.0,1,2.2
2025-09-12T13:11:31.550417,0,4294,1.0,1,1.7
2025-09-12T13:11:32.054158,0,4294,1.0,1,1.5
2025-09-12T13:11:32.559516,0,4294,1.0,1,1.7
2025-09-12T13:11:33.061481,0,4294,1.0,1,5.5
2025-09-12T13:11:33.564107,0,4294,1.0,1,16.8
2025-09-12T13:11:34.069561,0,4294,1.0,1,9.2
2025-09-12T13:11:34.575040,0,4294,1.0,1,3.0
2025-09-12T13:11:35.080391,0,4294,1.0,1,2.0
2025-09-12T13:11:35.585764,0,4294,1.0,1,2.2
2025-09-12T13:11:36.087555,0,4294,1.0,1,1.5
2025-09-12T13:11:36.592960,0,4294,1.0,1,1.7
2025-09-12T13:11:37.098257,0,4294,1.0,1,2.2
2025-09-12T13:11:37.599618,0,4294,1.0,1,1.7
2025-09-12T13:11:38.104907,0,4294,1.0,1,2.0
2025-09-12T13:11:38.610188,0,4294,1.0,1,1.5
2025-09-12T13:11:39.115520,0,4294,1.0,1,2.7
2025-09-12T13:11:39.620923,0,4294,1.0,1,1.7
2025-09-12T13:11:40.122334,0,4294,1.0,1,1.7
2025-09-12T13:11:40.623671,0,4294,1.0,1,2.7
2025-09-12T13:11:41.125057,0,4294,1.0,1,1.0
2025-09-12T13:11:41.626363,0,4294,1.0,1,2.0
2025-09-12T13:11:42.127661,0,4294,1.0,1,4.2
2025-09-12T13:11:42.633055,0,4294,1.0,1,1.7
2025-09-12T13:11:43.137630,0,4294,1.0,1,2.7
2025-09-12T13:11:43.642991,0,4294,1.0,1,1.2
2025-09-12T13:11:44.148422,0,4294,1.0,1,3.0
2025-09-12T13:11:44.653779,0,4294,1.0,1,1.7
2025-09-12T13:11:45.158972,0,4294,1.0,1,2.5
2025-09-12T13:11:45.664356,0,4294,1.0,1,6.2
2025-09-12T13:11:46.168023,0,4294,1.0,1,5.0
2025-09-12T13:11:46.671013,0,4294,1.0,1,3.7
2025-09-12T13:11:47.176047,0,4294,1.0,1,7.2
2025-09-12T13:11:47.681438,0,4294,1.0,1,1.5
2025-09-12T13:11:48.187662,0,4294,1.0,1,27.0
2025-09-12T13:11:48.693083,0,4294,1.0,1,2.0
2025-09-12T13:11:49.198551,0,4294,1.0,1,8.4
2025-09-12T13:11:49.699658,0,4294,1.0,1,3.0
2025-09-12T13:11:50.200208,0,4294,1.0,1,9.5
2025-09-12T13:11:50.703925,0,4294,1.0,1,22.9
2025-09-12T13:11:51.209235,0,4294,1.0,1,13.9
2025-09-12T13:11:51.710943,0,4294,1.0,1,10.9
2025-09-12T13:11:52.216189,0,4294,1.0,1,14.5
2025-09-12T13:11:52.721055,0,4294,1.0,1,9.4
2025-09-12T13:11:53.226460,0,4294,1.0,1,14.8
2025-09-12T13:11:53.731757,0,4294,1.0,1,14.9
2025-09-12T13:11:54.237539,0,4294,1.0,1,9.4
2025-09-12T13:11:54.742691,0,4294,1.0,1,2.2
2025-09-12T13:11:55.248034,0,4294,1.0,1,4.2
2025-09-12T13:11:55.749711,0,4294,1.0,1,1.7
2025-09-12T13:11:56.251273,0,4294,1.0,1,11.3
2025-09-12T13:11:56.756668,0,4294,1.0,1,21.8
2025-09-12T13:11:57.258594,0,4294,1.0,1,12.4
2025-09-12T13:11:57.763930,0,4294,1.0,1,10.5
2025-09-12T13:11:58.269345,0,4294,1.0,1,16.4
2025-09-12T13:11:58.771070,0,4294,1.0,1,13.0
2025-09-12T13:11:59.272057,0,4294,1.0,1,6.8
2025-09-12T13:11:59.777455,0,4294,1.0,1,8.0
2025-09-12T13:12:00.282999,0,4294,1.0,1,6.5
2025-09-12T13:12:00.787750,0,4294,1.0,1,2.5
2025-09-12T13:12:01.293124,0,4294,1.0,1,1.2
2025-09-12T13:12:01.798485,0,4294,1.0,1,6.4
2025-09-12T13:12:02.303913,0,4294,1.0,1,1.5
2025-09-12T13:12:02.809292,0,4294,1.0,1,4.2
2025-09-12T13:12:03.313405,0,4294,1.0,1,1.7
2025-09-12T13:12:03.818786,0,4294,1.0,1,2.5
2025-09-12T13:12:04.324161,0,4294,1.0,1,2.7
2025-09-12T13:12:04.826615,0,4294,1.0,1,3.0
2025-09-12T13:12:05.332006,0,4294,1.0,1,1.7
2025-09-12T13:12:05.835507,0,4294,1.0,1,2.2
2025-09-12T13:12:06.340548,0,4294,1.0,1,4.0
2025-09-12T13:12:06.842490,0,4294,1.0,1,2.7
2025-09-12T13:12:07.347611,0,4294,1.0,1,1.5
2025-09-12T13:12:07.852920,0,4294,1.0,1,1.7
2025-09-12T13:12:08.356393,0,4294,1.0,1,1.7
2025-09-12T13:12:08.861812,0,4294,1.0,1,2.5
2025-09-12T13:12:09.367211,0,4294,1.0,1,2.5
2025-09-12T13:12:09.872626,0,4294,1.0,1,2.7
2025-09-12T13:12:10.378064,0,4294,1.0,1,2.0
2025-09-12T13:12:10.883449,0,4294,1.0,1,1.7
2025-09-12T13:12:11.387842,0,4294,1.0,1,2.0
2025-09-12T13:12:11.893211,0,4294,1.0,1,2.2
2025-09-12T13:12:12.394756,0,4294,1.0,1,1.7
2025-09-12T13:12:12.900211,0,4294,1.0,1,3.7
2025-09-12T13:12:13.405571,0,4294,1.0,1,1.7
2025-09-12T13:12:13.909597,0,4294,1.0,1,8.0
2025-09-12T13:12:14.412384,0,4294,1.0,1,3.5
2025-09-12T13:12:14.917420,0,4294,1.0,1,5.8
2025-09-12T13:12:15.421466,0,4294,1.0,1,7.4
2025-09-12T13:12:15.925509,0,4294,1.0,1,6.0
2025-09-12T13:12:16.428489,0,4294,1.0,1,6.5
2025-09-12T13:12:16.933889,0,4294,1.0,1,5.4
2025-09-12T13:12:17.435552,0,4294,1.0,1,6.3
2025-09-12T13:12:17.936814,0,4294,1.0,1,3.7
2025-09-12T13:12:18.440720,0,4294,1.0,1,2.5
2025-09-12T13:12:18.944464,0,4294,1.0,1,5.4
2025-09-12T13:12:19.449835,0,4294,1.0,1,3.5
2025-09-12T13:12:19.950532,0,4294,1.0,1,2.3
2025-09-12T13:12:20.455815,0,4294,1.0,1,2.0
2025-09-12T13:12:20.961179,0,4294,1.0,1,2.7
2025-09-12T13:12:21.466626,0,4294,1.0,1,3.2
2025-09-12T13:12:21.971710,0,4294,1.0,1,7.8
2025-09-12T13:12:22.477095,0,4294,1.0,1,8.9
2025-09-12T13:12:22.982045,0,4294,1.0,1,7.9
2025-09-12T13:12:23.487350,0,4294,1.0,1,4.0
2025-09-12T13:12:23.992762,0,4294,1.0,1,5.7
2025-09-12T13:12:24.495795,0,4294,1.0,1,6.3
2025-09-12T13:12:24.997540,0,4294,1.0,1,20.8
2025-09-12T13:12:25.501965,0,4294,1.0,1,17.1
2025-09-12T13:12:26.006061,0,4294,1.0,1,8.2
2025-09-12T13:12:26.511449,0,4294,1.0,1,3.0
2025-09-12T13:12:27.016920,0,4294,1.0,1,8.2
2025-09-12T13:12:27.521297,0,4294,1.0,1,6.2
2025-09-12T13:12:28.026649,0,4294,1.0,1,4.7
2025-09-12T13:12:28.531988,0,4294,1.0,1,5.9
2025-09-12T13:12:29.034966,0,4294,1.0,1,1.7
2025-09-12T13:12:29.537953,0,4294,1.0,1,2.5
2025-09-12T13:12:30.040086,0,4294,1.0,1,2.0
2025-09-12T13:12:30.545359,0,4294,1.0,1,7.2
2025-09-12T13:12:31.050701,0,4294,1.0,1,10.7
2025-09-12T13:12:31.553559,0,4294,1.0,1,6.2
2025-09-12T13:12:32.058984,0,4294,1.0,1,4.2
2025-09-12T13:12:32.565347,0,4294,1.0,1,4.9
2025-09-12T13:12:33.068001,0,4294,1.0,1,6.7
2025-09-12T13:12:33.573357,0,4294,1.0,1,6.2
2025-09-12T13:12:34.078683,0,4294,1.0,1,4.7
2025-09-12T13:12:34.584482,0,4294,1.0,1,6.2
2025-09-12T13:12:35.088371,0,4294,1.0,1,3.5
2025-09-12T13:12:35.589748,0,4294,1.0,1,1.5
2025-09-12T13:12:36.095113,0,4294,1.0,1,2.7
2025-09-12T13:12:36.600373,0,4294,1.0,1,4.7
2025-09-12T13:12:37.105319,0,4294,1.0,1,38.3
2025-09-12T13:12:37.611317,0,4294,1.0,1,9.9
2025-09-12T13:12:38.116576,0,4294,1.0,1,12.4
2025-09-12T13:12:38.621416,0,4294,1.0,1,10.9
2025-09-12T13:12:39.126294,0,4294,1.0,1,7.2
2025-09-12T13:12:39.631652,0,4294,1.0,1,12.7
2025-09-12T13:12:40.137003,0,4294,1.0,1,9.1
2025-09-12T13:12:40.642333,0,4294,1.0,1,11.6
2025-09-12T13:12:41.147627,0,4294,1.0,1,11.2
2025-09-12T13:12:41.648279,0,4294,1.0,1,10.8
2025-09-12T13:12:42.153468,0,4294,1.0,1,11.7
2025-09-12T13:12:42.658738,0,4294,1.0,1,10.2
2025-09-12T13:12:43.162552,0,4294,1.0,1,5.5
2025-09-12T13:12:43.664400,0,4294,1.0,1,3.2
2025-09-12T13:12:44.169664,0,4294,1.0,1,11.3
2025-09-12T13:12:44.674421,0,4294,1.0,1,11.6
2025-09-12T13:12:45.179674,0,4294,1.0,1,12.2
2025-09-12T13:12:45.684908,0,4294,1.0,1,11.2
2025-09-12T13:12:46.190145,0,4294,1.0,1,10.8
2025-09-12T13:12:46.695350,0,4294,1.0,1,11.9
2025-09-12T13:12:47.200670,0,4294,1.0,1,9.1
2025-09-12T13:12:47.713155,0,4294,1.0,1,12.0
2025-09-12T13:12:48.218646,0,4294,1.0,1,33.9
2025-09-12T13:12:48.723937,0,4294,1.0,1,6.5
2025-09-12T13:12:49.224786,0,4294,1.0,1,17.2
2025-09-12T13:12:49.730171,0,4294,1.0,1,8.2
2025-09-12T13:12:50.235695,0,4294,1.0,1,11.3
2025-09-12T13:12:50.736553,0,4294,1.0,1,9.4
2025-09-12T13:12:51.237099,0,4294,1.0,1,7.0
2025-09-12T13:12:51.738489,0,4294,1.0,1,17.0
2025-09-12T13:12:52.243659,0,4294,1.0,1,10.7
2025-09-12T13:12:52.749104,0,4294,1.0,1,8.4
2025-09-12T13:12:53.253710,0,4294,1.0,1,11.4
2025-09-12T13:12:53.758808,0,4294,1.0,1,11.7
2025-09-12T13:12:54.264090,0,4294,1.0,1,6.5
2025-09-12T13:12:54.766540,0,4294,1.0,1,35.8
2025-09-12T13:12:55.271908,0,4294,1.0,1,6.9
2025-09-12T13:12:55.773242,0,4294,1.0,1,15.9
2025-09-12T13:12:56.278762,0,4294,1.0,1,9.5
2025-09-12T13:12:56.784253,0,4294,1.0,1,10.6
2025-09-12T13:12:57.287128,0,4294,1.0,1,14.7
2025-09-12T13:12:57.791401,0,4294,1.0,1,6.4
2025-09-12T13:12:58.296668,0,4294,1.0,1,11.8
2025-09-12T13:12:58.801975,0,4294,1.0,1,13.8
2025-09-12T13:12:59.307389,0,4294,1.0,1,18.5
2025-09-12T13:12:59.811712,0,4294,1.0,1,18.1
2025-09-12T13:13:00.315252,0,4294,1.0,1,20.0
2025-09-12T13:13:00.816953,0,4294,1.0,1,19.3
2025-09-12T13:13:01.322386,0,4294,1.0,1,17.0
2025-09-12T13:13:01.828019,0,4294,1.0,1,9.5
2025-09-12T13:13:02.330272,0,4294,1.0,1,9.0
2025-09-12T13:13:02.835583,0,4294,1.0,1,11.9
2025-09-12T13:13:03.339385,0,4294,1.0,1,7.2
2025-09-12T13:13:03.844679,0,4294,1.0,1,12.3
2025-09-12T13:13:04.350134,0,4294,1.0,1,6.0
2025-09-12T13:13:04.853806,0,4294,1.0,1,14.6
2025-09-12T13:13:05.354970,0,4294,1.0,1,7.5
2025-09-12T13:13:05.858187,0,4294,1.0,1,10.0
2025-09-12T13:13:06.363602,0,4294,1.0,1,10.0
2025-09-12T13:13:06.864705,0,4294,1.0,1,7.2
2025-09-12T13:13:07.369995,0,4294,1.0,1,12.5
2025-09-12T13:13:07.871811,0,4294,1.0,1,11.7
2025-09-12T13:13:08.374332,0,4294,1.0,1,12.0
2025-09-12T13:13:08.879396,0,4294,1.0,1,11.7
2025-09-12T13:13:09.384598,0,4294,1.0,1,6.4
2025-09-12T13:13:09.888803,0,4294,1.0,1,12.5
2025-09-12T13:13:10.393744,0,4294,1.0,1,7.2
2025-09-12T13:13:10.894403,0,4294,1.0,1,12.2
2025-09-12T13:13:11.398338,0,4294,1.0,1,11.7
2025-09-12T13:13:11.902415,0,4294,1.0,1,11.4
2025-09-12T13:13:12.407641,0,4294,1.0,1,11.4
2025-09-12T13:13:12.910007,0,4294,1.0,1,11.2
2025-09-12T13:13:13.415360,0,4294,1.0,1,7.7
2025-09-12T13:13:13.916853,0,4294,1.0,1,17.0
2025-09-12T13:13:14.422134,0,4294,1.0,1,10.8
2025-09-12T13:13:14.927367,0,4294,1.0,1,7.5
2025-09-12T13:13:15.432560,0,4294,1.0,1,11.2
2025-09-12T13:13:15.932889,0,4294,1.0,1,11.2
2025-09-12T13:13:16.438133,0,4294,1.0,1,13.2
2025-09-12T13:13:16.942417,0,4294,1.0,1,16.2
2025-09-12T13:13:17.447729,0,4294,1.0,1,11.4
2025-09-12T13:13:17.952418,0,4294,1.0,1,12.9
2025-09-12T13:13:18.455199,0,4294,1.0,1,9.7
2025-09-12T13:13:18.960556,0,4294,1.0,1,7.7
2025-09-12T13:13:19.465772,0,4294,1.0,1,12.7
2025-09-12T13:13:19.971064,0,4294,1.0,1,10.4
2025-09-12T13:13:20.471965,0,4294,1.0,1,24.3
2025-09-12T13:13:20.977237,0,4294,1.0,1,12.4
2025-09-12T13:13:21.481372,0,4294,1.0,1,16.7
2025-09-12T13:13:21.986640,0,4294,1.0,1,15.9
2025-09-12T13:13:22.492205,0,4294,1.0,1,9.1
2025-09-12T13:13:22.996220,0,4294,1.0,1,7.5
2025-09-12T13:13:23.501486,0,4294,1.0,1,12.1
2025-09-12T13:13:24.005172,0,4294,1.0,1,6.0
2025-09-12T13:13:24.506650,0,4294,1.0,1,13.2
2025-09-12T13:13:25.008703,0,4294,1.0,1,12.2
2025-09-12T13:13:25.514110,0,4294,1.0,1,11.2
2025-09-12T13:13:26.016259,0,4294,1.0,1,13.3
2025-09-12T13:13:26.521066,0,4294,1.0,1,17.6
2025-09-12T13:13:27.022241,0,4294,1.0,1,18.6
2025-09-12T13:13:27.524218,0,4294,1.0,1,17.0
2025-09-12T13:13:28.029827,0,4294,1.0,1,9.7
2025-09-12T13:13:28.534283,0,4294,1.0,1,6.2
2025-09-12T13:13:29.038505,0,4294,1.0,1,3.9
2025-09-12T13:13:29.543402,0,4294,1.0,1,6.7
2025-09-12T13:13:30.048817,0,4294,1.0,1,6.9
2025-09-12T13:13:30.554095,0,4294,1.0,1,10.1
2025-09-12T13:13:31.055170,0,4294,1.0,1,13.3
2025-09-12T13:13:31.560409,0,4294,1.0,1,7.4
2025-09-12T13:13:32.065604,0,4294,1.0,1,11.7
2025-09-12T13:13:32.570894,0,4294,1.0,1,6.9
2025-09-12T13:13:33.073016,0,4294,1.0,1,11.6
2025-09-12T13:13:33.578280,0,4294,1.0,1,13.1
2025-09-12T13:13:34.079073,0,4294,1.0,1,11.8
2025-09-12T13:13:34.584225,0,4294,1.0,1,9.2
2025-09-12T13:13:35.089550,0,4294,1.0,1,13.9
2025-09-12T13:13:35.594955,0,4294,1.0,1,11.6
2025-09-12T13:13:36.098572,0,4294,1.0,1,10.8
2025-09-12T13:13:36.603827,0,4294,1.0,1,11.4
2025-09-12T13:13:37.105316,0,4294,1.0,1,8.3
2025-09-12T13:13:37.609498,0,4294,1.0,1,9.4
2025-09-12T13:13:38.114704,0,4294,1.0,1,12.2
2025-09-12T13:13:38.619864,0,4294,1.0,1,6.2
2025-09-12T13:13:39.125197,0,4294,1.0,1,14.9
2025-09-12T13:13:39.630773,0,4294,1.0,1,15.7
2025-09-12T13:13:40.135985,0,4294,1.0,1,14.9
2025-09-12T13:13:40.641216,0,4294,1.0,1,11.1
2025-09-12T13:13:41.146438,0,4294,1.0,1,5.2
2025-09-12T13:13:41.651652,0,4294,1.0,1,10.9
2025-09-12T13:13:42.156988,0,4294,1.0,1,7.4
2025-09-12T13:13:42.662312,0,4294,1.0,1,8.5
2025-09-12T13:13:43.167587,0,4294,1.0,1,11.0
2025-09-12T13:13:43.671993,0,4294,1.0,1,10.9
2025-09-12T13:13:44.173025,0,4294,1.0,1,6.7
2025-09-12T13:13:44.678420,0,4294,1.0,1,4.0
2025-09-12T13:13:45.183731,0,4294,1.0,1,12.3
2025-09-12T13:13:45.688761,0,4294,1.0,1,15.2
2025-09-12T13:13:46.191072,0,4294,1.0,1,16.2
2025-09-12T13:13:46.696783,0,4294,1.0,1,37.7
2025-09-12T13:13:47.202065,0,4294,1.0,1,13.3
2025-09-12T13:13:47.707409,0,4294,1.0,1,9.8
2025-09-12T13:13:48.213168,0,4294,1.0,1,44.3
2025-09-12T13:13:48.718617,0,4294,1.0,1,9.9
2025-09-12T13:13:49.224005,0,4294,1.0,1,14.9
2025-09-12T13:13:49.725436,0,4294,1.0,1,11.5
2025-09-12T13:13:50.230708,0,4294,1.0,1,6.2
2025-09-12T13:13:50.733924,0,4294,1.0,1,14.4
2025-09-12T13:13:51.239260,0,4294,1.0,1,4.9
2025-09-12T13:13:51.744809,0,4294,1.0,1,4.2
2025-09-12T13:13:52.246508,0,4294,1.0,1,11.8
2025-09-12T13:13:52.751756,0,4294,1.0,1,16.9
2025-09-12T13:13:53.255369,0,4294,1.0,1,15.8
2025-09-12T13:13:53.760607,0,4294,1.0,1,17.5
2025-09-12T13:13:54.265852,0,4294,1.0,1,16.7
2025-09-12T13:13:54.771122,0,4294,1.0,1,14.5
2025-09-12T13:13:55.274469,0,4294,1.0,1,15.8
2025-09-12T13:13:55.776129,0,4294,1.0,1,14.8
2025-09-12T13:13:56.281394,0,4294,1.0,1,14.9
2025-09-12T13:13:56.786624,0,4294,1.0,1,15.2
2025-09-12T13:13:57.287667,0,4294,1.0,1,17.5
2025-09-12T13:13:57.792379,0,4294,1.0,1,15.0
2025-09-12T13:13:58.297796,0,4294,1.0,1,14.8
2025-09-12T13:13:58.801308,0,4294,1.0,1,50.8
2025-09-12T13:13:59.305551,0,4294,1.0,1,13.0
2025-09-12T13:13:59.806712,0,4294,1.0,1,11.0
2025-09-12T13:14:00.311858,0,4294,1.0,1,12.4
2025-09-12T13:14:00.818237,0,4294,1.0,1,10.7
2025-09-12T13:14:01.321016,0,4294,1.0,1,9.4
2025-09-12T13:14:01.822228,0,4294,1.0,1,10.8
2025-09-12T13:14:02.324659,0,4294,1.0,1,6.0
2025-09-12T13:14:02.827082,0,4294,1.0,1,11.5
2025-09-12T13:14:03.332401,0,4294,1.0,1,7.7
2025-09-12T13:14:03.834026,0,4294,1.0,1,9.8
2025-09-12T13:14:04.338809,0,4294,1.0,1,11.8
2025-09-12T13:14:04.844073,0,4294,1.0,1,12.0
2025-09-12T13:14:05.349234,0,4294,1.0,1,11.2
2025-09-12T13:14:05.854453,0,4294,1.0,1,7.4
2025-09-12T13:14:06.359711,0,4294,1.0,1,11.7
2025-09-12T13:14:06.865070,0,4294,1.0,1,7.4
2025-09-12T13:14:07.369622,0,4294,1.0,1,8.9
2025-09-12T13:14:07.872243,0,4294,1.0,1,7.3
2025-09-12T13:14:08.374822,0,4294,1.0,1,11.9
2025-09-12T13:14:08.875730,0,4294,1.0,1,8.8
2025-09-12T13:14:09.380437,0,4294,1.0,1,16.2
2025-09-12T13:14:09.885637,0,4294,1.0,1,15.1
2025-09-12T13:14:10.390408,0,4294,1.0,1,13.4
2025-09-12T13:14:10.895741,0,4294,1.0,1,7.9
2025-09-12T13:14:11.398801,0,4294,1.0,1,11.5
2025-09-12T13:14:11.904118,0,4294,1.0,1,7.9
2025-09-12T13:14:12.409266,0,4294,1.0,1,8.0
2025-09-12T13:14:12.914513,0,4294,1.0,1,10.9
2025-09-12T13:14:13.420095,0,4294,1.0,1,8.7
2025-09-12T13:14:13.925549,0,4294,1.0,1,10.0
2025-09-12T13:14:14.430944,0,4294,1.0,1,9.6
2025-09-12T13:14:14.936314,0,4294,1.0,1,3.0
2025-09-12T13:14:15.441732,0,4294,1.0,1,4.5
2025-09-12T13:14:15.943730,0,4294,1.0,1,4.2
2025-09-12T13:14:16.448927,0,4294,1.0,1,14.1
2025-09-12T13:14:16.950613,0,4294,1.0,1,16.4
2025-09-12T13:14:17.456159,0,4294,1.0,1,15.1
2025-09-12T13:14:17.961544,0,4294,1.0,1,16.0
2025-09-12T13:14:18.466854,0,4294,1.0,1,14.6
2025-09-12T13:14:18.972196,0,4294,1.0,1,15.0
2025-09-12T13:14:19.474333,0,4294,1.0,1,15.8
2025-09-12T13:14:19.979601,0,4294,1.0,1,14.6
2025-09-12T13:14:20.480417,0,4294,1.0,1,14.1
2025-09-12T13:14:20.985833,0,4294,1.0,1,15.6
2025-09-12T13:14:21.488980,0,4294,1.0,1,14.8
2025-09-12T13:14:21.994263,0,4294,1.0,1,20.8
2025-09-12T13:14:22.499451,0,4294,1.0,1,14.2
2025-09-12T13:14:23.002131,0,4294,1.0,1,16.0
2025-09-12T13:14:23.505582,0,4294,1.0,1,15.1
2025-09-12T13:14:24.008092,0,4294,1.0,1,15.7
2025-09-12T13:14:24.512538,0,4294,1.0,1,15.2
2025-09-12T13:14:25.017796,0,4294,1.0,1,16.5
2025-09-12T13:14:25.523092,0,4294,1.0,1,15.6
2025-09-12T13:14:26.028350,0,4294,1.0,1,15.0
2025-09-12T13:14:26.529281,0,4294,1.0,1,14.7
2025-09-12T13:14:27.034500,0,4294,1.0,1,16.5
2025-09-12T13:14:27.535136,0,4294,1.0,1,15.3
2025-09-12T13:14:28.039012,0,4294,1.0,1,19.7
2025-09-12T13:14:28.544244,0,4294,1.0,1,23.6
2025-09-12T13:14:29.049504,0,4294,1.0,1,15.2
2025-09-12T13:14:29.554164,0,4294,1.0,1,14.9
2025-09-12T13:14:30.058260,0,4294,1.0,1,15.4
2025-09-12T13:14:30.563055,0,4294,1.0,1,14.4
2025-09-12T13:14:31.068327,0,4294,1.0,1,17.0
2025-09-12T13:14:31.573805,0,4294,1.0,1,16.0
2025-09-12T13:14:32.079119,0,4294,1.0,1,16.3
2025-09-12T13:14:32.581693,0,4294,1.0,1,13.8
2025-09-12T13:14:33.086955,0,4294,1.0,1,15.2
2025-09-12T13:14:33.589543,0,4294,1.0,1,14.6
2025-09-12T13:14:34.092738,0,4294,1.0,1,15.0
2025-09-12T13:14:34.593146,0,4294,1.0,1,26.2
2025-09-12T13:14:35.094799,0,4294,1.0,1,15.3
2025-09-12T13:14:35.601237,0,4294,1.0,1,8.4
2025-09-12T13:14:36.103035,0,4294,1.0,1,14.6
2025-09-12T13:14:36.603949,0,4294,1.0,1,10.7
2025-09-12T13:14:37.105798,0,4294,1.0,1,6.5
2025-09-12T13:14:37.609899,0,4294,1.0,1,10.6
2025-09-12T13:14:38.115336,0,4294,1.0,1,9.2
2025-09-12T13:14:38.620983,0,4294,1.0,1,8.9
2025-09-12T13:14:39.122534,0,4294,1.0,1,12.3
2025-09-12T13:14:39.623228,0,4294,1.0,1,15.4
2025-09-12T13:14:40.128461,0,4294,1.0,1,14.3
2025-09-12T13:14:40.633793,0,4294,1.0,1,8.6
2025-09-12T13:14:41.138037,0,4294,1.0,1,9.3
2025-09-12T13:14:41.639198,0,4294,1.0,1,10.2
2025-09-12T13:14:42.142888,0,4294,1.0,1,7.0
2025-09-12T13:14:42.643367,0,4294,1.0,1,11.5
2025-09-12T13:14:43.148628,0,4294,1.0,1,5.5
2025-09-12T13:14:43.651657,0,4294,1.0,1,17.0
2025-09-12T13:14:44.159133,0,4294,1.0,1,24.7
2025-09-12T13:14:44.663918,0,4294,1.0,1,10.0
2025-09-12T13:14:45.169191,0,4294,1.0,1,12.6
2025-09-12T13:14:45.674484,0,4294,1.0,1,11.1
2025-09-12T13:14:46.179851,0,4294,1.0,1,10.0
2025-09-12T13:14:46.685188,0,4294,1.0,1,5.2
2025-09-12T13:14:47.189317,0,4294,1.0,1,18.3
2025-09-12T13:14:47.694683,0,4294,1.0,1,12.8
2025-09-12T13:14:48.197060,0,4294,1.0,1,40.2
2025-09-12T13:14:48.702448,0,4294,1.0,1,14.6
2025-09-12T13:14:49.207990,0,4294,1.0,1,18.2
2025-09-12T13:14:49.709463,0,4294,1.0,1,21.5
2025-09-12T13:14:50.214774,0,4294,1.0,1,16.7
2025-09-12T13:14:50.720367,0,4294,1.0,1,16.4
2025-09-12T13:14:51.220724,0,4294,1.0,1,17.6
2025-09-12T13:14:51.722662,0,4294,1.0,1,16.0
2025-09-12T13:14:52.226286,0,4294,1.0,1,16.8
2025-09-12T13:14:52.731586,0,4294,1.0,1,18.6
2025-09-12T13:14:53.236798,0,4294,1.0,1,47.9
2025-09-12T13:14:53.739346,0,4294,1.0,1,16.0
2025-09-12T13:14:54.243094,0,4294,1.0,1,12.6
2025-09-12T13:14:54.748265,0,4294,1.0,1,11.2
2025-09-12T13:14:55.253588,0,4294,1.0,1,11.9
2025-09-12T13:14:55.756850,0,4294,1.0,1,9.0
2025-09-12T13:14:56.259689,0,4294,1.0,1,9.1
2025-09-12T13:14:56.765107,0,4294,1.0,1,6.3
2025-09-12T13:14:57.266234,0,4294,1.0,1,5.2
2025-09-12T13:14:57.769781,0,4294,1.0,1,8.7
2025-09-12T13:14:58.271021,0,4294,1.0,1,14.7
2025-09-12T13:14:58.775671,0,4294,1.0,1,16.6
2025-09-12T13:14:59.281061,0,4294,1.0,1,19.0
2025-09-12T13:14:59.786344,0,4294,1.0,1,17.8
2025-09-12T13:15:00.289500,0,4294,1.0,1,19.2
2025-09-12T13:15:00.792716,0,4294,1.0,1,18.2
2025-09-12T13:15:01.294254,0,4294,1.0,1,16.5
2025-09-12T13:15:01.796703,0,4294,1.0,1,15.7
2025-09-12T13:15:02.301901,0,4294,1.0,1,34.7
2025-09-12T13:15:02.807263,0,4294,1.0,1,17.4
2025-09-12T13:15:03.312598,0,4294,1.0,1,8.7
2025-09-12T13:15:03.814192,0,4294,1.0,1,12.5
2025-09-12T13:15:04.318667,0,4294,1.0,1,11.9
2025-09-12T13:15:04.822719,0,4294,1.0,1,9.3
2025-09-12T13:15:05.327655,0,4294,1.0,1,11.7
2025-09-12T13:15:05.832970,0,4294,1.0,1,10.3
2025-09-12T13:15:06.338349,0,4294,1.0,1,16.4
2025-09-12T13:15:06.842353,0,4294,1.0,1,16.5
2025-09-12T13:15:07.347645,0,4294,1.0,1,14.6
2025-09-12T13:15:07.852461,0,4294,1.0,1,18.9
2025-09-12T13:15:08.356152,0,4294,1.0,1,22.9
2025-09-12T13:15:08.858303,0,4294,1.0,1,18.0
2025-09-12T13:15:09.360654,0,4294,1.0,1,17.1
2025-09-12T13:15:09.866146,0,4294,1.0,1,17.6
2025-09-12T13:15:10.371453,0,4294,1.0,1,19.5
2025-09-12T13:15:10.877121,0,4294,1.0,1,10.5
2025-09-12T13:15:11.382328,0,4294,1.0,1,7.9
2025-09-12T13:15:11.887507,0,4294,1.0,1,10.2
2025-09-12T13:15:12.392812,0,4294,1.0,1,7.7
2025-09-12T13:15:12.897213,0,4294,1.0,1,10.4
2025-09-12T13:15:13.402527,0,4294,1.0,1,9.3
2025-09-12T13:15:13.906279,0,4294,1.0,1,7.0
2025-09-12T13:15:14.411548,0,4294,1.0,1,10.3
2025-09-12T13:15:14.916846,0,4294,1.0,1,10.5
2025-09-12T13:15:15.422157,0,4294,1.0,1,16.1
2025-09-12T13:15:15.922814,0,4294,1.0,1,15.5
2025-09-12T13:15:16.428024,0,4294,1.0,1,10.9
2025-09-12T13:15:16.933326,0,4294,1.0,1,9.2
2025-09-12T13:15:17.438464,0,4294,1.0,1,10.7
2025-09-12T13:15:17.943790,0,4294,1.0,1,9.4
2025-09-12T13:15:18.444649,0,4294,1.0,1,12.1
2025-09-12T13:15:18.949883,0,4294,1.0,1,11.5
2025-09-12T13:15:19.455077,0,4294,1.0,1,16.0
2025-09-12T13:15:19.956244,0,4294,1.0,1,11.6
2025-09-12T13:15:20.461168,0,4294,1.0,1,10.7
2025-09-12T13:15:20.963004,0,4294,1.0,1,11.2
2025-09-12T13:15:21.468345,0,4294,1.0,1,10.0
2025-09-12T13:15:21.973513,0,4294,1.0,1,14.4
2025-09-12T13:15:22.478867,0,4294,1.0,1,12.8
2025-09-12T13:15:22.980088,0,4294,1.0,1,11.3
2025-09-12T13:15:23.485318,0,4294,1.0,1,24.3
2025-09-12T13:15:23.989642,0,4294,1.0,1,12.0
2025-09-12T13:15:24.494961,0,4294,1.0,1,10.9
2025-09-12T13:15:24.999991,0,4294,1.0,1,4.9
2025-09-12T13:15:25.505213,0,4294,1.0,1,10.7
2025-09-12T13:15:26.007989,0,4294,1.0,1,16.9
2025-09-12T13:15:26.509571,0,4294,1.0,1,14.6
2025-09-12T13:15:27.014898,0,4294,1.0,1,17.8
2025-09-12T13:15:27.520133,0,4294,1.0,1,16.7
2025-09-12T13:15:28.025513,0,4294,1.0,1,21.0
2025-09-12T13:15:28.527802,0,4294,1.0,1,14.9
2025-09-12T13:15:29.033896,0,4294,1.0,1,16.5
2025-09-12T13:15:29.538570,0,4294,1.0,1,29.5
2025-09-12T13:15:30.043132,0,4294,1.0,1,15.8
2025-09-12T13:15:30.548488,0,4294,1.0,1,15.5
2025-09-12T13:15:31.048940,0,4294,1.0,1,15.3
2025-09-12T13:15:31.554178,0,4294,1.0,1,15.8
2025-09-12T13:15:32.059467,0,4294,1.0,1,18.0
2025-09-12T13:15:32.565271,0,4294,1.0,1,15.6
2025-09-12T13:15:33.070527,0,4294,1.0,1,16.0
2025-09-12T13:15:33.574504,0,4294,1.0,1,15.1
2025-09-12T13:15:34.075678,0,4294,1.0,1,16.7
2025-09-12T13:15:34.580972,0,4294,1.0,1,15.6
2025-09-12T13:15:35.083873,0,4294,1.0,1,16.2
2025-09-12T13:15:35.585542,0,4294,1.0,1,14.9
2025-09-12T13:15:36.089676,0,4294,1.0,1,16.1
2025-09-12T13:15:36.594936,0,4294,1.0,1,35.6
2025-09-12T13:15:37.100943,0,4294,1.0,1,10.2
2025-09-12T13:15:37.603296,0,4294,1.0,1,12.9
2025-09-12T13:15:38.106554,0,4294,1.0,1,13.0
2025-09-12T13:15:38.611913,0,4294,1.0,1,7.2
2025-09-12T13:15:39.117186,0,4294,1.0,1,14.4
2025-09-12T13:15:39.617943,0,4294,1.0,1,9.5
2025-09-12T13:15:40.123341,0,4294,1.0,1,12.2
2025-09-12T13:15:40.628792,0,4294,1.0,1,10.4
2025-09-12T13:15:41.133992,0,4294,1.0,1,14.2
2025-09-12T13:15:41.639232,0,4294,1.0,1,10.0
2025-09-12T13:15:42.144576,0,4294,1.0,1,7.7
2025-09-12T13:15:42.649552,0,4294,1.0,1,11.9
2025-09-12T13:15:43.154876,0,4294,1.0,1,9.7
2025-09-12T13:15:43.655264,0,4294,1.0,1,6.7
2025-09-12T13:15:44.156541,0,4294,1.0,1,11.6
2025-09-12T13:15:44.658420,0,4294,1.0,1,6.0
2025-09-12T13:15:45.163747,0,4294,1.0,1,11.6
2025-09-12T13:15:45.669104,0,4294,1.0,1,11.2
2025-09-12T13:15:46.173384,0,4294,1.0,1,14.0
2025-09-12T13:15:46.677711,0,4294,1.0,1,17.9
2025-09-12T13:15:47.182896,0,4294,1.0,1,11.4
2025-09-12T13:15:47.688183,0,4294,1.0,1,12.9
2025-09-12T13:15:48.190032,0,4294,1.0,1,39.4
2025-09-12T13:15:48.692890,0,4294,1.0,1,17.9
2025-09-12T13:15:49.198357,0,4294,1.0,1,20.0
2025-09-12T13:15:49.703719,0,4294,1.0,1,18.4
2025-09-12T13:15:50.205331,0,4294,1.0,1,22.2
2025-09-12T13:15:50.707592,0,4294,1.0,1,17.1
2025-09-12T13:15:51.212899,0,4294,1.0,1,30.7
2025-09-12T13:15:51.718132,0,4294,1.0,1,13.6
2025-09-12T13:15:52.223139,0,4294,1.0,1,11.7
2025-09-12T13:15:52.728552,0,4294,1.0,1,10.7
2025-09-12T13:15:53.230753,0,4294,1.0,1,11.5
2025-09-12T13:15:53.735971,0,4294,1.0,1,10.7
2025-09-12T13:15:54.239424,0,4294,1.0,1,10.5
2025-09-12T13:15:54.739729,0,4294,1.0,1,16.2
2025-09-12T13:15:55.244966,0,4294,1.0,1,10.9
2025-09-12T13:15:55.747013,0,4294,1.0,1,11.0
2025-09-12T13:15:56.251365,0,4294,1.0,1,11.9
2025-09-12T13:15:56.756503,0,4294,1.0,1,9.2
2025-09-12T13:15:57.261900,0,4294,1.0,1,14.6
2025-09-12T13:15:57.762516,0,4294,1.0,1,10.8
2025-09-12T13:15:58.267821,0,4294,1.0,1,10.4
2025-09-12T13:15:58.770064,0,4294,1.0,1,12.7
2025-09-12T13:15:59.275674,0,4294,1.0,1,11.9
2025-09-12T13:15:59.780993,0,4294,1.0,1,8.9
2025-09-12T13:16:00.286384,0,4294,1.0,1,8.2
2025-09-12T13:16:00.786985,0,4294,1.0,1,2.5
2025-09-12T13:16:01.288723,0,4294,1.0,1,3.2
2025-09-12T13:16:01.794099,0,4294,1.0,1,11.4
2025-09-12T13:16:02.299410,0,4294,1.0,1,13.7
2025-09-12T13:16:02.804662,0,4294,1.0,1,9.3
2025-09-12T13:16:03.306654,0,4294,1.0,1,13.4
2025-09-12T13:16:03.807430,0,4294,1.0,1,11.6
2025-09-12T13:16:04.312798,0,4294,1.0,1,9.9
2025-09-12T13:16:04.813299,0,4294,1.0,1,11.0
2025-09-12T13:16:05.318594,0,4294,1.0,1,12.7
2025-09-12T13:16:05.823350,0,4294,1.0,1,10.9
2025-09-12T13:16:06.327678,0,4294,1.0,1,10.7
2025-09-12T13:16:06.832903,0,4294,1.0,1,9.9
2025-09-12T13:16:07.336433,0,4294,1.0,1,22.6
2025-09-12T13:16:07.837799,0,4294,1.0,1,3.2
2025-09-12T13:16:08.340168,0,4294,1.0,1,6.2
2025-09-12T13:16:08.845662,0,4294,1.0,1,4.2
2025-09-12T13:16:09.351058,0,4294,1.0,1,2.5
2025-09-12T13:16:09.856447,0,4294,1.0,1,2.0
2025-09-12T13:16:10.360416,0,4294,1.0,1,2.7
2025-09-12T13:16:10.863513,0,4294,1.0,1,2.2
2025-09-12T13:16:11.368440,0,4294,1.0,1,3.0
2025-09-12T13:16:11.869834,0,4294,1.0,1,2.3
2025-09-12T13:16:12.375240,0,4294,1.0,1,3.0
2025-09-12T13:16:12.880625,0,4294,1.0,1,2.0
2025-09-12T13:16:13.384495,0,4294,1.0,1,1.7
2025-09-12T13:16:13.889909,0,4294,1.0,1,1.7
2025-09-12T13:16:14.395315,0,4294,1.0,1,2.5
2025-09-12T13:16:14.899162,0,4294,1.0,1,1.7
2025-09-12T13:16:15.400489,0,4294,1.0,1,12.6
2025-09-12T13:16:15.905842,0,4294,1.0,1,2.2
2025-09-12T13:16:16.407670,0,4294,1.0,1,3.7
2025-09-12T13:16:16.912937,0,4294,1.0,1,3.0
2025-09-12T13:16:17.418321,0,4294,1.0,1,3.9
2025-09-12T13:16:17.923614,0,4294,1.0,1,4.0
2025-09-12T13:16:18.428890,0,4294,1.0,1,5.5
2025-09-12T13:16:18.931631,0,4294,1.0,1,2.0
2025-09-12T13:16:19.437011,0,4294,1.0,1,3.0
2025-09-12T13:16:19.939280,0,4294,1.0,1,2.5
2025-09-12T13:16:20.440093,0,4294,1.0,1,1.5
2025-09-12T13:16:20.945495,0,4294,1.0,1,1.5
2025-09-12T13:16:21.447118,0,4294,1.0,1,3.0
2025-09-12T13:16:21.949895,0,4294,1.0,1,1.5
2025-09-12T13:16:22.455269,0,4294,1.0,1,6.2
2025-09-12T13:16:22.956758,0,4294,1.0,1,3.8
2025-09-12T13:16:23.462098,0,4294,1.0,1,1.7
2025-09-12T13:16:23.965956,0,4294,1.0,1,3.2
2025-09-12T13:16:24.471348,0,4294,1.0,1,4.0
2025-09-12T13:16:24.976725,0,4294,1.0,1,2.2
2025-09-12T13:16:25.482082,0,4294,1.0,1,1.7
2025-09-12T13:16:25.987453,0,4294,1.0,1,3.2
2025-09-12T13:16:26.492854,0,4294,1.0,1,3.7
2025-09-12T13:16:26.995408,0,4294,1.0,1,4.8
2025-09-12T13:16:27.496325,0,4294,1.0,1,2.7
2025-09-12T13:16:28.000813,0,4294,1.0,1,1.7
2025-09-12T13:16:28.506177,0,4294,1.0,1,2.7
2025-09-12T13:16:29.011345,0,4294,1.0,1,4.5
2025-09-12T13:16:29.513352,0,4294,1.0,1,1.5
2025-09-12T13:16:30.018702,0,4294,1.0,1,2.7
2025-09-12T13:16:30.524034,0,4294,1.0,1,1.2
2025-09-12T13:16:31.026321,0,4294,1.0,1,2.0
2025-09-12T13:16:31.531653,0,4294,1.0,1,1.7
2025-09-12T13:16:32.037010,0,4294,1.0,1,2.0
2025-09-12T13:16:32.542419,0,4294,1.0,1,1.5
2025-09-12T13:16:33.047794,0,4294,1.0,1,2.7
2025-09-12T13:16:33.552832,0,4294,1.0,1,1.7
2025-09-12T13:16:34.055191,0,4294,1.0,1,2.0
2025-09-12T13:16:34.560566,0,4294,1.0,1,1.7
2025-09-12T13:16:35.064717,0,4294,1.0,1,2.7
2025-09-12T13:16:35.566073,0,4294,1.0,1,2.0
2025-09-12T13:16:36.067480,0,4294,1.0,1,3.5
2025-09-12T13:16:36.572868,0,4294,1.0,1,2.0
2025-09-12T13:16:37.078268,0,4294,1.0,1,2.7
2025-09-12T13:16:37.582129,0,4294,1.0,1,1.7
2025-09-12T13:16:38.087482,0,4294,1.0,1,2.0
2025-09-12T13:16:38.592820,0,4294,1.0,1,1.5
2025-09-12T13:16:39.098178,0,4294,1.0,1,2.2
2025-09-12T13:16:39.603522,0,4294,1.0,1,1.2
2025-09-12T13:16:40.108862,0,4294,1.0,1,2.5
2025-09-12T13:16:40.614191,0,4294,1.0,1,1.7
2025-09-12T13:16:41.119575,0,4294,1.0,1,4.0
2025-09-12T13:16:41.625373,0,4294,1.0,1,1.2
2025-09-12T13:16:42.126259,0,4294,1.0,1,2.2
2025-09-12T13:16:42.631615,0,4294,1.0,1,1.5
2025-09-12T13:16:43.136984,0,4294,1.0,1,1.7
2025-09-12T13:16:43.642349,0,4294,1.0,1,1.7
2025-09-12T13:16:44.146096,0,4294,1.0,1,1.7
2025-09-12T13:16:44.651451,0,4294,1.0,1,2.5
2025-09-12T13:16:45.156817,0,4294,1.0,1,2.7
2025-09-12T13:16:45.660547,0,4294,1.0,1,2.0
2025-09-12T13:16:46.164807,0,4294,1.0,1,1.5
2025-09-12T13:16:46.670358,0,4294,1.0,1,2.0
2025-09-12T13:16:47.174773,0,4294,1.0,1,2.2
2025-09-12T13:16:47.680155,0,4294,1.0,1,2.2
2025-09-12T13:16:48.180921,0,4294,1.0,1,23.8
2025-09-12T13:16:48.687159,0,4294,1.0,1,3.0
2025-09-12T13:16:49.190407,0,4294,1.0,1,13.7
2025-09-12T13:16:49.692201,0,4294,1.0,1,5.0
2025-09-12T13:16:50.196914,0,4294,1.0,1,4.9
2025-09-12T13:16:50.698629,0,4294,1.0,1,2.2
2025-09-12T13:16:51.204046,0,4294,1.0,1,2.8
2025-09-12T13:16:51.707089,0,4294,1.0,1,2.5
2025-09-12T13:16:52.212427,0,4294,1.0,1,2.7
2025-09-12T13:16:52.716557,0,4294,1.0,1,2.5
2025-09-12T13:16:53.218235,0,4294,1.0,1,2.7
2025-09-12T13:16:53.723637,0,4294,1.0,1,4.0
2025-09-12T13:16:54.226514,0,4294,1.0,1,7.4
2025-09-12T13:16:54.731837,0,4294,1.0,1,2.7
2025-09-12T13:16:55.235838,0,4294,1.0,1,2.2
2025-09-12T13:16:55.740504,0,4294,1.0,1,2.5
2025-09-12T13:16:56.245853,0,4294,1.0,1,1.2
2025-09-12T13:16:56.751390,0,4294,1.0,1,6.2
2025-09-12T13:16:57.256795,0,4294,1.0,1,5.4
2025-09-12T13:16:57.762165,0,4294,1.0,1,1.7
2025-09-12T13:16:58.263779,0,4294,1.0,1,1.3
2025-09-12T13:16:58.765476,0,4294,1.0,1,2.8
2025-09-12T13:16:59.269110,0,4294,1.0,1,4.0
2025-09-12T13:16:59.773766,0,4294,1.0,1,2.5
2025-09-12T13:17:00.279141,0,4294,1.0,1,5.5
2025-09-12T13:17:00.782428,0,4294,1.0,1,2.2
2025-09-12T13:17:01.283415,0,4294,1.0,1,1.3
2025-09-12T13:17:01.788799,0,4294,1.0,1,2.5
2025-09-12T13:17:02.291743,0,4294,1.0,1,1.8
2025-09-12T13:17:02.793129,0,4294,1.0,1,2.7
2025-09-12T13:17:03.298496,0,4294,1.0,1,2.2
2025-09-12T13:17:03.803861,0,4294,1.0,1,2.5
2025-09-12T13:17:04.309205,0,4294,1.0,1,1.5
2025-09-12T13:17:04.814573,0,4294,1.0,1,2.5
2025-09-12T13:17:05.319932,0,4294,1.0,1,2.7
2025-09-12T13:17:05.825326,0,4294,1.0,1,4.2
2025-09-12T13:17:06.329141,0,4294,1.0,1,1.5
2025-09-12T13:17:06.834536,0,4294,1.0,1,3.0
2025-09-12T13:17:07.337125,0,4294,1.0,1,1.7
2025-09-12T13:17:07.838495,0,4294,1.0,1,2.0
2025-09-12T13:17:08.340544,0,4294,1.0,1,1.8
2025-09-12T13:17:08.841304,0,4294,1.0,1,2.2
2025-09-12T13:17:09.346670,0,4294,1.0,1,2.0
2025-09-12T13:17:09.849285,0,4294,1.0,1,3.5
2025-09-12T13:17:10.354690,0,4294,1.0,1,2.5
2025-09-12T13:17:10.857236,0,4294,1.0,1,1.8
2025-09-12T13:17:11.362663,0,4294,1.0,1,2.2
2025-09-12T13:17:11.865506,0,4294,1.0,1,1.7
2025-09-12T13:17:12.370848,0,4294,1.0,1,1.5
2025-09-12T13:17:12.876194,0,4294,1.0,1,2.7
2025-09-12T13:17:13.381545,0,4294,1.0,1,2.2
2025-09-12T13:17:13.886597,0,4294,1.0,1,2.0
2025-09-12T13:17:14.390107,0,4294,1.0,1,2.2
2025-09-12T13:17:14.890582,0,4294,1.0,1,2.5
2025-09-12T13:17:15.395968,0,4294,1.0,1,1.7
2025-09-12T13:17:15.901355,0,4294,1.0,1,1.7
2025-09-12T13:17:16.406492,0,4294,1.0,1,2.5
2025-09-12T13:17:16.911857,0,4294,1.0,1,1.5
2025-09-12T13:17:17.417197,0,4294,1.0,1,1.5
2025-09-12T13:17:17.922577,0,4294,1.0,1,6.2
2025-09-12T13:17:18.425280,0,4294,1.0,1,1.5
2025-09-12T13:17:18.926635,0,4294,1.0,1,1.7
2025-09-12T13:17:19.432006,0,4294,1.0,1,2.7
2025-09-12T13:17:19.934636,0,4294,1.0,1,1.7
2025-09-12T13:17:20.439986,0,4294,1.0,1,2.0
2025-09-12T13:17:20.945332,0,4294,1.0,1,1.7
2025-09-12T13:17:21.450698,0,4294,1.0,1,2.7
2025-09-12T13:17:21.956054,0,4294,1.0,1,2.2
2025-09-12T13:17:22.461420,0,4294,1.0,1,22.3
2025-09-12T13:17:22.966753,0,4294,1.0,1,2.2
2025-09-12T13:17:23.470747,0,4294,1.0,1,1.8
2025-09-12T13:17:23.976112,0,4294,1.0,1,1.7
2025-09-12T13:17:24.481501,0,4294,1.0,1,5.7
2025-09-12T13:17:24.985363,0,4294,1.0,1,2.2
2025-09-12T13:17:25.490719,0,4294,1.0,1,1.7
2025-09-12T13:17:25.993372,0,4294,1.0,1,1.3
2025-09-12T13:17:26.498791,0,4294,1.0,1,2.0
2025-09-12T13:17:27.004211,0,4294,1.0,1,5.4
2025-09-12T13:17:27.508057,0,4294,1.0,1,1.2
2025-09-12T13:17:28.013438,0,4294,1.0,1,2.5
2025-09-12T13:17:28.515847,0,4294,1.0,1,1.2
2025-09-12T13:17:29.021249,0,4294,1.0,1,2.0
2025-09-12T13:17:29.526621,0,4294,1.0,1,2.2
2025-09-12T13:17:30.030227,0,4294,1.0,1,2.0
2025-09-12T13:17:30.535593,0,4294,1.0,1,2.7
2025-09-12T13:17:31.040954,0,4294,1.0,1,1.5
2025-09-12T13:17:31.546306,0,4294,1.0,1,2.5
2025-09-12T13:17:32.051655,0,4294,1.0,1,1.7
2025-09-12T13:17:32.556672,0,4294,1.0,1,1.5
2025-09-12T13:17:33.062044,0,4294,1.0,1,2.5
2025-09-12T13:17:33.567404,0,4294,1.0,1,2.2
2025-09-12T13:17:34.072778,0,4294,1.0,1,3.0
2025-09-12T13:17:34.578146,0,4294,1.0,1,1.7
2025-09-12T13:17:35.083498,0,4294,1.0,1,2.5
2025-09-12T13:17:35.588860,0,4294,1.0,1,2.5
2025-09-12T13:17:36.090411,0,4294,1.0,1,3.0
2025-09-12T13:17:36.590873,0,4294,1.0,1,1.8
2025-09-12T13:17:37.096304,0,4294,1.0,1,20.6
2025-09-12T13:17:37.604998,0,4294,1.0,1,16.0
2025-09-12T13:17:38.115351,0,4294,1.0,1,3.4
2025-09-12T13:17:38.624326,0,4294,1.0,1,2.0
2025-09-12T13:17:39.134713,0,4294,1.0,1,20.5
2025-09-12T13:17:39.635871,0,4294,1.0,1,34.4
2025-09-12T13:17:40.140840,0,4294,1.0,1,36.0
2025-09-12T13:17:40.644540,0,4294,1.0,1,44.3
2025-09-12T13:17:41.154941,0,4294,1.0,1,40.5
2025-09-12T13:17:41.664080,0,4294,1.0,1,10.6
2025-09-12T13:17:42.174333,0,4294,1.0,1,3.2
2025-09-12T13:17:42.684691,0,4294,1.0,1,4.2
2025-09-12T13:17:43.191870,0,4294,1.0,1,2.7
2025-09-12T13:17:43.702269,0,4294,1.0,1,2.0
2025-09-12T13:17:44.212641,0,4294,1.0,1,8.4
2025-09-12T13:17:44.714891,0,4294,1.0,1,30.0
2025-09-12T13:17:45.225261,0,4294,1.0,1,21.1
2025-09-12T13:17:45.735922,0,4294,1.0,1,3.7
2025-09-12T13:17:46.241889,0,4294,1.0,1,2.7
2025-09-12T13:17:46.751632,0,4294,1.0,1,2.7
2025-09-12T13:17:47.258492,0,4294,1.0,1,1.5
2025-09-12T13:17:47.763968,0,4294,1.0,1,14.5
2025-09-12T13:17:48.271904,0,4294,1.0,1,16.4
2025-09-12T13:17:48.782332,0,4294,1.0,1,3.7
2025-09-12T13:17:49.285490,0,4294,1.0,1,3.0
2025-09-12T13:17:49.790441,0,4294,1.0,1,4.0
2025-09-12T13:17:50.291878,0,4294,1.0,1,3.5
2025-09-12T13:17:50.793985,0,4294,1.0,1,2.7
2025-09-12T13:17:51.300128,0,4294,1.0,1,12.1
2025-09-12T13:17:51.810727,0,4294,1.0,1,27.0
2025-09-12T13:17:52.314687,0,4294,1.0,1,17.2
2025-09-12T13:17:52.825118,0,4294,1.0,1,15.7
2025-09-12T13:17:53.328026,0,4294,1.0,1,4.4
2025-09-12T13:17:53.830855,0,4294,1.0,1,4.3
2025-09-12T13:17:54.339911,0,4294,1.0,1,7.1
2025-09-12T13:17:54.850125,0,4294,1.0,1,3.4
2025-09-12T13:17:55.358697,0,4294,1.0,1,8.0
2025-09-12T13:17:55.861136,0,4294,1.0,1,1.5
2025-09-12T13:17:56.367802,0,4294,1.0,1,2.2
2025-09-12T13:17:56.878166,0,4294,1.0,1,1.7
2025-09-12T13:17:57.388548,0,4294,1.0,1,5.7
2025-09-12T13:17:57.894743,0,4294,1.0,1,2.0
2025-09-12T13:17:58.400003,0,4294,1.0,1,1.7
2025-09-12T13:17:58.908651,0,4294,1.0,1,2.5
2025-09-12T13:17:59.418480,0,4294,1.0,1,1.7
2025-09-12T13:17:59.923569,0,4294,1.0,1,3.0
2025-09-12T13:18:00.425221,0,4294,1.0,1,7.7
2025-09-12T13:18:00.928039,0,4294,1.0,1,1.8
2025-09-12T13:18:01.434565,0,4294,1.0,1,2.2
2025-09-12T13:18:01.941273,0,4294,1.0,1,1.7
2025-09-12T13:18:02.442546,0,4294,1.0,1,2.5
2025-09-12T13:18:02.952264,0,4294,1.0,1,1.7
2025-09-12T13:18:03.453577,0,4294,1.0,1,4.2
2025-09-12T13:18:03.956278,0,4294,1.0,1,6.3
2025-09-12T13:18:04.463868,0,4294,1.0,1,2.2
2025-09-12T13:18:04.974252,0,4294,1.0,1,2.9
2025-09-12T13:18:05.476616,0,4294,1.0,1,2.0
2025-09-12T13:18:05.986988,0,4294,1.0,1,2.0
2025-09-12T13:18:06.495930,0,4294,1.0,1,2.2
2025-09-12T13:18:07.002988,0,4294,1.0,1,1.5
2025-09-12T13:18:07.508162,0,4294,1.0,1,2.0
2025-09-12T13:18:08.012736,0,4294,1.0,1,1.5
2025-09-12T13:18:08.517721,0,4294,1.0,1,1.7
2025-09-12T13:18:09.028096,0,4294,1.0,1,4.9
2025-09-12T13:18:09.538137,0,4294,1.0,1,1.7
2025-09-12T13:18:10.048505,0,4294,1.0,1,4.6
2025-09-12T13:18:10.549283,0,4294,1.0,1,1.3
2025-09-12T13:18:11.055985,0,4294,1.0,1,4.7
2025-09-12T13:18:11.557336,0,4294,1.0,1,2.7
2025-09-12T13:18:12.064056,0,4294,1.0,1,1.7
2025-09-12T13:18:12.565247,0,4294,1.0,1,1.7
2025-09-12T13:18:13.074211,0,4294,1.0,1,1.5
2025-09-12T13:18:13.584076,0,4294,1.0,1,2.2
2025-09-12T13:18:14.085340,0,4294,1.0,1,2.7
2025-09-12T13:18:14.586714,0,4294,1.0,1,1.8
2025-09-12T13:18:15.093318,0,4294,1.0,1,2.5
2025-09-12T13:18:15.601591,0,4294,1.0,1,1.2
2025-09-12T13:18:16.106588,0,4294,1.0,1,2.2
2025-09-12T13:18:16.616983,0,4294,1.0,1,2.0
2025-09-12T13:18:17.126298,0,4294,1.0,1,1.7
2025-09-12T13:18:17.626761,0,4294,1.0,1,1.7
2025-09-12T13:18:18.134056,0,4294,1.0,1,3.4
2025-09-12T13:18:18.640788,0,4294,1.0,1,1.2
2025-09-12T13:18:19.144937,0,4294,1.0,1,2.0
2025-09-12T13:18:19.648384,0,4294,1.0,1,6.7
2025-09-12T13:18:20.157698,0,4294,1.0,1,2.2
2025-09-12T13:18:20.666995,0,4294,1.0,1,9.1
2025-09-12T13:18:21.173431,0,4294,1.0,1,10.9
2025-09-12T13:18:21.683771,0,4294,1.0,1,2.0
2025-09-12T13:18:22.194086,0,4294,1.0,1,6.2
2025-09-12T13:18:22.704327,0,4294,1.0,1,2.7
2025-09-12T13:18:23.210424,0,4294,1.0,1,1.5
2025-09-12T13:18:23.717504,0,4294,1.0,1,2.0
2025-09-12T13:18:24.227876,0,4294,1.0,1,2.5
2025-09-12T13:18:24.731807,0,4294,1.0,1,5.4
2025-09-12T13:18:25.237151,0,4294,1.0,1,1.8
2025-09-12T13:18:25.747500,0,4294,1.0,1,3.2
2025-09-12T13:18:26.250408,0,4294,1.0,1,2.7
2025-09-12T13:18:26.752155,0,4294,1.0,1,3.0
2025-09-12T13:18:27.254088,0,4294,1.0,1,4.5
2025-09-12T13:18:27.763722,0,4294,1.0,1,3.0
2025-09-12T13:18:28.266903,0,4294,1.0,1,2.0
2025-09-12T13:18:28.768751,0,4294,1.0,1,2.2
2025-09-12T13:18:29.274885,0,4294,1.0,1,1.5
2025-09-12T13:18:29.775598,0,4294,1.0,1,2.5
2025-09-12T13:18:30.286002,0,4294,1.0,1,2.5
2025-09-12T13:18:30.792277,0,4294,1.0,1,2.0
2025-09-12T13:18:31.300994,0,4294,1.0,1,2.0
2025-09-12T13:18:31.808336,0,4294,1.0,1,2.2
2025-09-12T13:18:32.309017,0,4294,1.0,1,2.3
2025-09-12T13:18:32.812370,0,4294,1.0,1,2.5
2025-09-12T13:18:33.322780,0,4294,1.0,1,2.4
2025-09-12T13:18:33.825618,0,4294,1.0,1,1.5
2025-09-12T13:18:34.331030,0,4294,1.0,1,2.0
2025-09-12T13:18:34.837706,0,4294,1.0,1,1.7
2025-09-12T13:18:35.342262,0,4294,1.0,1,3.4
2025-09-12T13:18:35.851014,0,4294,1.0,1,2.0
2025-09-12T13:18:36.358972,0,4294,1.0,1,2.0
2025-09-12T13:18:36.864351,0,4294,1.0,1,2.5
2025-09-12T13:18:37.370989,0,4294,1.0,1,3.5
2025-09-12T13:18:37.872361,0,4294,1.0,1,2.0
2025-09-12T13:18:38.382759,0,4294,1.0,1,1.2
2025-09-12T13:18:38.885717,0,4294,1.0,1,2.5
2025-09-12T13:18:39.387114,0,4294,1.0,1,1.7
2025-09-12T13:18:39.892283,0,4294,1.0,1,2.2
2025-09-12T13:18:40.402682,0,4294,1.0,1,2.9
2025-09-12T13:18:40.912743,0,4294,1.0,1,1.7
2025-09-12T13:18:41.413694,0,4294,1.0,1,2.2
2025-09-12T13:18:41.914962,0,4294,1.0,1,2.2
2025-09-12T13:18:42.425328,0,4294,1.0,1,1.5
2025-09-12T13:18:42.935760,0,4294,1.0,1,1.7
2025-09-12T13:18:43.442368,0,4294,1.0,1,2.2
2025-09-12T13:18:43.952765,0,4294,1.0,1,2.0
2025-09-12T13:18:44.459393,0,4294,1.0,1,1.7
2025-09-12T13:18:44.969743,0,4294,1.0,1,2.0
2025-09-12T13:18:45.471854,0,4294,1.0,1,2.3
2025-09-12T13:18:45.973935,0,4294,1.0,1,1.7
2025-09-12T13:18:46.475154,0,4294,1.0,1,1.8
2025-09-12T13:18:46.985545,0,4294,1.0,1,6.4
2025-09-12T13:18:47.492354,0,4294,1.0,1,1.2
2025-09-12T13:18:47.995823,0,4294,1.0,1,23.6
2025-09-12T13:18:48.506421,0,4294,1.0,1,8.0
2025-09-12T13:18:49.008499,0,4294,1.0,1,6.5
2025-09-12T13:18:49.509074,0,4294,1.0,1,2.0
2025-09-12T13:18:50.010373,0,4294,1.0,1,6.7
2025-09-12T13:18:50.511269,0,4294,1.0,1,2.8
2025-09-12T13:18:51.013823,0,4294,1.0,1,2.0
2025-09-12T13:18:51.520518,0,4294,1.0,1,4.2
2025-09-12T13:18:52.027212,0,4294,1.0,1,2.2
2025-09-12T13:18:52.528528,0,4294,1.0,1,1.7
2025-09-12T13:18:53.038944,0,4294,1.0,1,2.9
2025-09-12T13:18:53.542397,0,4294,1.0,1,3.0
2025-09-12T13:18:54.052806,0,4294,1.0,1,5.4
2025-09-12T13:18:54.555229,0,4294,1.0,1,3.3
2025-09-12T13:18:55.061836,0,4294,1.0,1,5.2
2025-09-12T13:18:55.572083,0,4294,1.0,1,7.1
2025-09-12T13:18:56.080601,0,4294,1.0,1,1.7
2025-09-12T13:18:56.590956,0,4294,1.0,1,1.5
2025-09-12T13:18:57.101290,0,4294,1.0,1,13.4
2025-09-12T13:18:57.611743,0,4294,1.0,1,1.5
2025-09-12T13:18:58.122556,0,4294,1.0,1,2.7
2025-09-12T13:18:58.628719,0,4294,1.0,1,1.7
2025-09-12T13:18:59.139078,0,4294,1.0,1,6.0
2025-09-12T13:18:59.649419,0,4294,1.0,1,1.5
2025-09-12T13:19:00.149942,0,4294,1.0,1,7.8
2025-09-12T13:19:00.657361,0,4294,1.0,1,1.5
2025-09-12T13:19:01.158014,0,4294,1.0,1,2.0
2025-09-12T13:19:01.668335,0,4294,1.0,1,2.2
2025-09-12T13:19:02.178664,0,4294,1.0,1,2.2
2025-09-12T13:19:02.689037,0,4294,1.0,1,2.0
2025-09-12T13:19:03.199392,0,4294,1.0,1,1.7
2025-09-12T13:19:03.705840,0,4294,1.0,1,2.5
2025-09-12T13:19:04.209214,0,4294,1.0,1,3.7
2025-09-12T13:19:04.719604,0,4294,1.0,1,1.5
2025-09-12T13:19:05.225059,0,4294,1.0,1,3.4
2025-09-12T13:19:05.735180,0,4294,1.0,1,1.7
2025-09-12T13:19:06.241218,0,4294,1.0,1,2.2
2025-09-12T13:19:06.751516,0,4294,1.0,1,2.2
2025-09-12T13:19:07.261840,0,4294,1.0,1,2.0
2025-09-12T13:19:07.772199,0,4294,1.0,1,3.9
2025-09-12T13:19:08.278049,0,4294,1.0,1,1.7
2025-09-12T13:19:08.784721,0,4294,1.0,1,1.2
2025-09-12T13:19:09.295125,0,4294,1.0,1,1.7
2025-09-12T13:19:09.798168,0,4294,1.0,1,2.2
2025-09-12T13:19:10.308539,0,4294,1.0,1,2.9
2025-09-12T13:19:10.818931,0,4294,1.0,1,2.7
2025-09-12T13:19:11.325917,0,4294,1.0,1,2.2
2025-09-12T13:19:11.830090,0,4294,1.0,1,1.7
2025-09-12T13:19:12.331492,0,4294,1.0,1,2.5
2025-09-12T13:19:12.832463,0,4294,1.0,1,4.8
2025-09-12T13:19:13.340916,0,4294,1.0,1,2.5
2025-09-12T13:19:13.845963,0,4294,1.0,1,1.5
2025-09-12T13:19:14.356331,0,4294,1.0,1,1.7
2025-09-12T13:19:14.859547,0,4294,1.0,1,2.5
2025-09-12T13:19:15.369905,0,4294,1.0,1,3.2
2025-09-12T13:19:15.878676,0,4294,1.0,1,1.7
2025-09-12T13:19:16.386097,0,4294,1.0,1,2.2
2025-09-12T13:19:16.896513,0,4294,1.0,1,2.0
2025-09-12T13:19:17.397680,0,4294,1.0,1,1.5
2025-09-12T13:19:17.903880,0,4294,1.0,1,3.7
2025-09-12T13:19:18.414290,0,4294,1.0,1,1.7
2025-09-12T13:19:18.916704,0,4294,1.0,1,1.5
2025-09-12T13:19:19.426988,0,4294,1.0,1,10.5
2025-09-12T13:19:19.937632,0,4294,1.0,1,1.7
2025-09-12T13:19:20.438245,0,4294,1.0,1,2.3
2025-09-12T13:19:20.948579,0,4294,1.0,1,0.7
2025-09-12T13:19:21.456897,0,4294,1.0,1,3.2
2025-09-12T13:19:21.966103,0,4294,1.0,1,1.5
2025-09-12T13:19:22.475741,0,4294,1.0,1,5.7
2025-09-12T13:19:22.982473,0,4294,1.0,1,2.2
2025-09-12T13:19:23.483674,0,4294,1.0,1,0.0
2025-09-12T13:19:23.990247,0,4294,1.0,1,2.6
2025-09-12T13:19:24.492649,0,4294,1.0,1,3.0
2025-09-12T13:19:25.002979,0,4294,1.0,1,5.4
2025-09-12T13:19:25.504508,0,4294,1.0,1,2.3
2025-09-12T13:19:26.005476,0,4294,1.0,1,1.3
2025-09-12T13:19:26.507601,0,4294,1.0,1,2.7
2025-09-12T13:19:27.014358,0,4294,1.0,1,2.7
2025-09-12T13:19:27.514986,0,4294,1.0,1,4.0
2025-09-12T13:19:28.016991,0,4294,1.0,1,2.5
2025-09-12T13:19:28.523662,0,4294,1.0,1,2.5
2025-09-12T13:19:29.034022,0,4294,1.0,1,1.5
2025-09-12T13:19:29.544399,0,4294,1.0,1,3.0
2025-09-12T13:19:30.054798,0,4294,1.0,1,4.6
2025-09-12T13:19:30.561004,0,4294,1.0,1,2.7
2025-09-12T13:19:31.067670,0,4294,1.0,1,1.2
2025-09-12T13:19:31.569014,0,4294,1.0,1,2.2
2025-09-12T13:19:32.070375,0,4294,1.0,1,1.8
2025-09-12T13:19:32.580747,0,4294,1.0,1,3.2
2025-09-12T13:19:33.091101,0,4294,1.0,1,2.0
2025-09-12T13:19:33.601438,0,4294,1.0,1,1.7
2025-09-12T13:19:34.107781,0,4294,1.0,1,2.0
2025-09-12T13:19:34.616570,0,4294,1.0,1,1.7
2025-09-12T13:19:35.120648,0,4294,1.0,1,3.2
2025-09-12T13:19:35.627727,0,4294,1.0,1,2.5
2025-09-12T13:19:36.135845,0,4294,1.0,1,2.0
2025-09-12T13:19:36.641109,0,4294,1.0,1,1.7
2025-09-12T13:19:37.145304,0,4294,1.0,1,2.2
2025-09-12T13:19:37.647712,0,4294,1.0,1,1.3
2025-09-12T13:19:38.149372,0,4294,1.0,1,1.8
2025-09-12T13:19:38.659695,0,4294,1.0,1,1.7
2025-09-12T13:19:39.161213,0,4294,1.0,1,2.0
2025-09-12T13:19:39.661562,0,4294,1.0,1,1.8
2025-09-12T13:19:40.166428,0,4294,1.0,1,2.2
2025-09-12T13:19:40.668006,0,4294,1.0,1,2.2
2025-09-12T13:19:41.176270,0,4294,1.0,1,2.2
2025-09-12T13:19:41.686073,0,4294,1.0,1,10.8
2025-09-12T13:19:42.192940,0,4294,1.0,1,33.7
2025-09-12T13:19:42.701038,0,4294,1.0,1,1.5
2025-09-12T13:19:43.209544,0,4294,1.0,1,5.6
2025-09-12T13:19:43.718395,0,4294,1.0,1,1.5
2025-09-12T13:19:44.222019,0,4294,1.0,1,2.2
2025-09-12T13:19:44.726175,0,4294,1.0,1,1.5
2025-09-12T13:19:45.233012,0,4294,1.0,1,2.0
2025-09-12T13:19:45.740787,0,4294,1.0,1,2.5
2025-09-12T13:19:46.249777,0,4294,1.0,1,2.0
2025-09-12T13:19:46.760056,0,4294,1.0,1,2.0
2025-09-12T13:19:47.270373,0,4294,1.0,1,2.2
2025-09-12T13:19:47.777049,0,4294,1.0,1,14.0
2025-09-12T13:19:48.287426,0,4294,1.0,1,11.4
2025-09-12T13:19:48.792901,0,4294,1.0,1,2.2
2025-09-12T13:19:49.303277,0,4294,1.0,1,4.2
2025-09-12T13:19:49.805507,0,4294,1.0,1,2.0
2025-09-12T13:19:50.309669,0,4294,1.0,1,2.0
2025-09-12T13:19:50.820076,0,4294,1.0,1,2.7
2025-09-12T13:19:51.326231,0,4294,1.0,1,2.2
2025-09-12T13:19:51.836236,0,4294,1.0,1,2.0
2025-09-12T13:19:52.342895,0,4294,1.0,1,4.0
2025-09-12T13:19:52.849762,0,4294,1.0,1,1.7
2025-09-12T13:19:53.359622,0,4294,1.0,1,1.7
2025-09-12T13:19:53.869985,0,4294,1.0,1,9.8
2025-09-12T13:19:54.376400,0,4294,1.0,1,1.7
2025-09-12T13:19:54.886745,0,4294,1.0,1,4.2
2025-09-12T13:19:55.396993,0,4294,1.0,1,3.9
2025-09-12T13:19:55.900033,0,4294,1.0,1,6.8
2025-09-12T13:19:56.410394,0,4294,1.0,1,2.2
2025-09-12T13:19:56.920770,0,4294,1.0,1,2.2
2025-09-12T13:19:57.425310,0,4294,1.0,1,4.5
2025-09-12T13:19:57.934064,0,4294,1.0,1,4.9
2025-09-12T13:19:58.438710,0,4294,1.0,1,1.5
2025-09-12T13:19:58.940096,0,4294,1.0,1,2.5
2025-09-12T13:19:59.450476,0,4294,1.0,1,1.7
2025-09-12T13:19:59.957512,0,4294,1.0,1,1.7
2025-09-12T13:20:00.460150,0,4294,1.0,1,5.7
2025-09-12T13:20:00.966756,0,4294,1.0,1,2.2
2025-09-12T13:20:01.476357,0,4294,1.0,1,1.7
2025-09-12T13:20:01.979853,0,4294,1.0,1,6.2
2025-09-12T13:20:02.488135,0,4294,1.0,1,4.9
2025-09-12T13:20:02.993038,0,4294,1.0,1,2.5
2025-09-12T13:20:03.500740,0,4294,1.0,1,1.5
2025-09-12T13:20:04.005228,0,4294,1.0,1,2.7
2025-09-12T13:20:04.508189,0,4294,1.0,1,3.2
2025-09-12T13:20:05.018529,0,4294,1.0,1,4.6
2025-09-12T13:20:05.528869,0,4294,1.0,1,3.4
2025-09-12T13:20:06.033815,0,4294,1.0,1,1.7
2025-09-12T13:20:06.534786,0,4294,1.0,1,1.8
2025-09-12T13:20:07.045152,0,4294,1.0,1,3.2
2025-09-12T13:20:07.553433,0,4294,1.0,1,1.0
2025-09-12T13:20:08.054812,0,4294,1.0,1,4.0
2025-09-12T13:20:08.565642,0,4294,1.0,1,5.1
2025-09-12T13:20:09.068199,0,4294,1.0,1,10.9
2025-09-12T13:20:09.578577,0,4294,1.0,1,1.5
2025-09-12T13:20:10.082606,0,4294,1.0,1,8.7
2025-09-12T13:20:10.592953,0,4294,1.0,1,1.7
2025-09-12T13:20:11.103328,0,4294,1.0,1,8.3
2025-09-12T13:20:11.613672,0,4294,1.0,1,2.0
2025-09-12T13:20:12.124261,0,4294,1.0,1,8.4
2025-09-12T13:20:12.630766,0,4294,1.0,1,2.2
2025-09-12T13:20:13.132257,0,4294,1.0,1,3.5
2025-09-12T13:20:13.639406,0,4294,1.0,1,2.0
2025-09-12T13:20:14.148650,0,4294,1.0,1,3.9
2025-09-12T13:20:14.657524,0,4294,1.0,1,2.2
2025-09-12T13:20:15.166636,0,4294,1.0,1,1.7
2025-09-12T13:20:15.669838,0,4294,1.0,1,2.5
2025-09-12T13:20:16.178269,0,4294,1.0,1,2.0
2025-09-12T13:20:16.688662,0,4294,1.0,1,1.7
2025-09-12T13:20:17.196978,0,4294,1.0,1,1.5
2025-09-12T13:20:17.701213,0,4294,1.0,1,2.2
2025-09-12T13:20:18.209775,0,4294,1.0,1,4.0
2025-09-12T13:20:18.716083,0,4294,1.0,1,2.2
2025-09-12T13:20:19.226486,0,4294,1.0,1,8.6
2025-09-12T13:20:19.734099,0,4294,1.0,1,3.4
2025-09-12T13:20:20.243145,0,4294,1.0,1,2.9
2025-09-12T13:20:20.748054,0,4294,1.0,1,6.5
2025-09-12T13:20:21.249501,0,4294,1.0,1,3.0
2025-09-12T13:20:21.758343,0,4294,1.0,1,6.2
2025-09-12T13:20:22.264515,0,4294,1.0,1,11.4
2025-09-12T13:20:22.775018,0,4294,1.0,1,10.5
2025-09-12T13:20:23.285397,0,4294,1.0,1,3.2
2025-09-12T13:20:23.793219,0,4294,1.0,1,5.6
2025-09-12T13:20:24.303663,0,4294,1.0,1,1.5
2025-09-12T13:20:24.812533,0,4294,1.0,1,2.7
2025-09-12T13:20:25.322859,0,4294,1.0,1,5.6
2025-09-12T13:20:25.831025,0,4294,1.0,1,2.5
2025-09-12T13:20:26.331516,0,4294,1.0,1,1.3
2025-09-12T13:20:26.833692,0,4294,1.0,1,4.2
2025-09-12T13:20:27.338969,0,4294,1.0,1,5.4
2025-09-12T13:20:27.843202,0,4294,1.0,1,4.5
2025-09-12T13:20:28.353576,0,4294,1.0,1,1.2
2025-09-12T13:20:28.863931,0,4294,1.0,1,1.7
2025-09-12T13:20:29.367063,0,4294,1.0,1,2.2
2025-09-12T13:20:29.876533,0,4294,1.0,1,2.5
2025-09-12T13:20:30.386886,0,4294,1.0,1,3.2
2025-09-12T13:20:30.897264,0,4294,1.0,1,4.2
2025-09-12T13:20:31.404183,0,4294,1.0,1,2.5
2025-09-12T13:20:31.909949,0,4294,1.0,1,6.7
2025-09-12T13:20:32.419078,0,4294,1.0,1,3.7
2025-09-12T13:20:32.924349,0,4294,1.0,1,2.2
2025-09-12T13:20:33.425795,0,4294,1.0,1,2.0
2025-09-12T13:20:33.927155,0,4294,1.0,1,1.5
2025-09-12T13:20:34.428497,0,4294,1.0,1,1.7
2025-09-12T13:20:34.929785,0,4294,1.0,1,2.2
2025-09-12T13:20:35.440222,0,4294,1.0,1,2.7
2025-09-12T13:20:35.941094,0,4294,1.0,1,6.5
2025-09-12T13:20:36.446884,0,4294,1.0,1,2.2
2025-09-12T13:20:36.950104,0,4294,1.0,1,8.5
2025-09-12T13:20:37.459944,0,4294,1.0,1,1.7
2025-09-12T13:20:37.965175,0,4294,1.0,1,2.0
2025-09-12T13:20:38.471635,0,4294,1.0,1,1.7
2025-09-12T13:20:38.979460,0,4294,1.0,1,2.5
2025-09-12T13:20:39.489844,0,4294,1.0,1,2.4
2025-09-12T13:20:39.996570,0,4294,1.0,1,1.5
2025-09-12T13:20:40.497923,0,4294,1.0,1,5.0
2025-09-12T13:20:41.004394,0,4294,1.0,1,1.0
2025-09-12T13:20:41.514790,0,4294,1.0,1,2.2
2025-09-12T13:20:42.023292,0,4294,1.0,1,1.5
2025-09-12T13:20:42.533655,0,4294,1.0,1,2.0
2025-09-12T13:20:43.044016,0,4294,1.0,1,3.4
2025-09-12T13:20:43.554361,0,4294,1.0,1,2.2
2025-09-12T13:20:44.064762,0,4294,1.0,1,4.2
2025-09-12T13:20:44.576082,0,4294,1.0,1,2.5
2025-09-12T13:20:45.082028,0,4294,1.0,1,3.5
2025-09-12T13:20:45.592394,0,4294,1.0,1,2.2
2025-09-12T13:20:46.102775,0,4294,1.0,1,2.4
2025-09-12T13:20:46.609099,0,4294,1.0,1,1.7
2025-09-12T13:20:47.119474,0,4294,1.0,1,1.0
2025-09-12T13:20:47.629817,0,4294,1.0,1,3.6
2025-09-12T13:20:48.130916,0,4294,1.0,1,42.0
2025-09-12T13:20:48.637117,0,4294,1.0,1,35.1
2025-09-12T13:20:49.140657,0,4294,1.0,1,39.2
2025-09-12T13:20:49.644461,0,4294,1.0,1,25.7
2025-09-12T13:20:50.144858,0,4294,1.0,1,15.0
2025-09-12T13:20:50.647250,0,4294,1.0,1,4.0
2025-09-12T13:20:51.155011,0,4294,1.0,1,4.5
2025-09-12T13:20:51.656001,0,4294,1.0,1,3.0
2025-09-12T13:20:52.162317,0,4294,1.0,1,10.4
2025-09-12T13:20:52.669954,0,4294,1.0,1,10.6
2025-09-12T13:20:53.178735,0,4294,1.0,1,6.9
2025-09-12T13:20:53.689105,0,4294,1.0,1,3.4
2025-09-12T13:20:54.193446,0,4294,1.0,1,4.8
2025-09-12T13:20:54.701797,0,4294,1.0,1,2.5
2025-09-12T13:20:55.212098,0,4294,1.0,1,7.1
2025-09-12T13:20:55.722387,0,4294,1.0,1,4.4
2025-09-12T13:20:56.232495,0,4294,1.0,1,5.4
2025-09-12T13:20:56.742017,0,4294,1.0,1,4.2
2025-09-12T13:20:57.250439,0,4294,1.0,1,6.4
2025-09-12T13:20:57.760074,0,4294,1.0,1,2.5
2025-09-12T13:20:58.270394,0,4294,1.0,1,4.7
2025-09-12T13:20:58.776359,0,4294,1.0,1,5.0
2025-09-12T13:20:59.284619,0,4294,1.0,1,5.1
2025-09-12T13:20:59.795021,0,4294,1.0,1,3.7
2025-09-12T13:21:00.300828,0,4294,1.0,1,8.4
2025-09-12T13:21:00.810166,0,4294,1.0,1,3.2
2025-09-12T13:21:01.314855,0,4294,1.0,1,5.2
2025-09-12T13:21:01.825651,0,4294,1.0,1,2.2
2025-09-12T13:21:02.333254,0,4294,1.0,1,4.2
2025-09-12T13:21:02.843669,0,4294,1.0,1,2.4
2025-09-12T13:21:03.344698,0,4294,1.0,1,1.8
2025-09-12T13:21:03.846323,0,4294,1.0,1,1.2
2025-09-12T13:21:04.356721,0,4294,1.0,1,2.2
2025-09-12T13:21:04.862316,0,4294,1.0,1,3.0
2025-09-12T13:21:05.372792,0,4294,1.0,1,2.9
2025-09-12T13:21:05.879774,0,4294,1.0,1,9.9
2025-09-12T13:21:06.380908,0,4294,1.0,1,10.0
2025-09-12T13:21:06.887561,0,4294,1.0,1,1.5
2025-09-12T13:21:07.393531,0,4294,1.0,1,3.9
2025-09-12T13:21:07.901539,0,4294,1.0,1,2.2
2025-09-12T13:21:08.406342,0,4294,1.0,1,1.7
2025-09-12T13:21:08.909105,0,4294,1.0,1,3.0
2025-09-12T13:21:09.416593,0,4294,1.0,1,2.0
2025-09-12T13:21:09.917690,0,4294,1.0,1,2.7
2025-09-12T13:21:10.426872,0,4294,1.0,1,2.2
2025-09-12T13:21:10.934772,0,4294,1.0,1,3.4
2025-09-12T13:21:11.443535,0,4294,1.0,1,2.7
2025-09-12T13:21:11.953899,0,4294,1.0,1,2.7
2025-09-12T13:21:12.461139,0,4294,1.0,1,1.5
2025-09-12T13:21:12.971500,0,4294,1.0,1,2.4
2025-09-12T13:21:13.481873,0,4294,1.0,1,2.2
2025-09-12T13:21:13.992263,0,4294,1.0,1,3.2
2025-09-12T13:21:14.493371,0,4294,1.0,1,1.5
2025-09-12T13:21:15.003719,0,4294,1.0,1,3.9
2025-09-12T13:21:15.514097,0,4294,1.0,1,2.2
2025-09-12T13:21:16.018469,0,4294,1.0,1,1.5
2025-09-12T13:21:16.524994,0,4294,1.0,1,6.7
2025-09-12T13:21:17.035694,0,4294,1.0,1,3.9
2025-09-12T13:21:17.543476,0,4294,1.0,1,2.5
2025-09-12T13:21:18.046758,0,4294,1.0,1,4.0
2025-09-12T13:21:18.557097,0,4294,1.0,1,6.7
2025-09-12T13:21:19.067474,0,4294,1.0,1,2.2
2025-09-12T13:21:19.577827,0,4294,1.0,1,3.4
2025-09-12T13:21:20.083458,0,4294,1.0,1,1.5
2025-09-12T13:21:20.593876,0,4294,1.0,1,2.2
2025-09-12T13:21:21.104218,0,4294,1.0,1,3.2
2025-09-12T13:21:21.614565,0,4294,1.0,1,1.7
2025-09-12T13:21:22.124970,0,4294,1.0,1,2.4
2025-09-12T13:21:22.626433,0,4294,1.0,1,3.8
2025-09-12T13:21:23.127784,0,4294,1.0,1,2.2
2025-09-12T13:21:23.638151,0,4294,1.0,1,2.0
2025-09-12T13:21:24.143693,0,4294,1.0,1,1.3
2025-09-12T13:21:24.653100,0,4294,1.0,1,2.2
2025-09-12T13:21:25.154613,0,4294,1.0,1,3.5
2025-09-12T13:21:25.664899,0,4294,1.0,1,4.0
2025-09-12T13:21:26.175128,0,4294,1.0,1,1.7
2025-09-12T13:21:26.685489,0,4294,1.0,1,20.4
2025-09-12T13:21:27.193686,0,4294,1.0,1,4.7
2025-09-12T13:21:27.704090,0,4294,1.0,1,1.7
2025-09-12T13:21:28.210422,0,4294,1.0,1,2.0
2025-09-12T13:21:28.711219,0,4294,1.0,1,2.3
2025-09-12T13:21:29.218514,0,4294,1.0,1,1.7
2025-09-12T13:21:29.727044,0,4294,1.0,1,1.7
2025-09-12T13:21:30.237395,0,4294,1.0,1,2.0
2025-09-12T13:21:30.747760,0,4294,1.0,1,2.7
2025-09-12T13:21:31.255780,0,4294,1.0,1,2.7
2025-09-12T13:21:31.760340,0,4294,1.0,1,2.2
2025-09-12T13:21:32.270649,0,4294,1.0,1,1.2
2025-09-12T13:21:32.775913,0,4294,1.0,1,2.0
2025-09-12T13:21:33.277080,0,4294,1.0,1,2.5
2025-09-12T13:21:33.778695,0,4294,1.0,1,2.5
2025-09-12T13:21:34.289077,0,4294,1.0,1,2.5
2025-09-12T13:21:34.791949,0,4294,1.0,1,2.7
2025-09-12T13:21:35.293782,0,4294,1.0,1,1.8
2025-09-12T13:21:35.804155,0,4294,1.0,1,3.4
2025-09-12T13:21:36.304724,0,4294,1.0,1,1.8
2025-09-12T13:21:36.810425,0,4294,1.0,1,2.5
2025-09-12T13:21:37.314632,0,4294,1.0,1,3.0
2025-09-12T13:21:37.815897,0,4294,1.0,1,2.0
2025-09-12T13:21:38.326273,0,4294,1.0,1,1.5
2025-09-12T13:21:38.833999,0,4294,1.0,1,1.7
2025-09-12T13:21:39.343763,0,4294,1.0,1,1.5
2025-09-12T13:21:39.848021,0,4294,1.0,1,2.9
2025-09-12T13:21:40.357050,0,4294,1.0,1,2.0
2025-09-12T13:21:40.857419,0,4294,1.0,1,2.3
2025-09-12T13:21:41.360448,0,4294,1.0,1,1.7
2025-09-12T13:21:41.864049,0,4294,1.0,1,2.2
2025-09-12T13:21:42.365176,0,4294,1.0,1,5.2
2025-09-12T13:21:42.875570,0,4294,1.0,1,33.7
2025-09-12T13:21:43.377127,0,4294,1.0,1,17.1
2025-09-12T13:21:43.880055,0,4294,1.0,1,7.2
2025-09-12T13:21:44.391692,0,4294,1.0,1,3.2
2025-09-12T13:21:44.902062,0,4294,1.0,1,2.0
2025-09-12T13:21:45.412425,0,4294,1.0,1,4.4
2025-09-12T13:21:45.916582,0,4294,1.0,1,2.7
2025-09-12T13:21:46.426932,0,4294,1.0,1,1.7
2025-09-12T13:21:46.936081,0,4294,1.0,1,2.7
2025-09-12T13:21:47.437404,0,4294,1.0,1,1.7
2025-09-12T13:21:47.944692,0,4294,1.0,1,18.6
2025-09-12T13:21:48.450337,0,4294,1.0,1,3.2
2025-09-12T13:21:48.952300,0,4294,1.0,1,2.7
2025-09-12T13:21:49.458839,0,4294,1.0,1,1.5
2025-09-12T13:21:49.967088,0,4294,1.0,1,2.2
2025-09-12T13:21:50.472092,0,4294,1.0,1,1.2
2025-09-12T13:21:50.973450,0,4294,1.0,1,3.0
2025-09-12T13:21:51.475634,0,4294,1.0,1,1.2
2025-09-12T13:21:51.985988,0,4294,1.0,1,2.7
2025-09-12T13:21:52.492748,0,4294,1.0,1,1.5
2025-09-12T13:21:52.993865,0,4294,1.0,1,2.0
2025-09-12T13:21:53.503742,0,4294,1.0,1,1.7
2025-09-12T13:21:54.013501,0,4294,1.0,1,4.2
2025-09-12T13:21:54.516513,0,4294,1.0,1,2.2
2025-09-12T13:21:55.021411,0,4294,1.0,1,1.7
2025-09-12T13:21:55.531785,0,4294,1.0,1,4.9
2025-09-12T13:21:56.034872,0,4294,1.0,1,9.2
2025-09-12T13:21:56.542807,0,4294,1.0,1,2.5
2025-09-12T13:21:57.046800,0,4294,1.0,1,3.5
2025-09-12T13:21:57.547881,0,4294,1.0,1,3.0
2025-09-12T13:21:58.058274,0,4294,1.0,1,1.7
2025-09-12T13:21:58.568606,0,4294,1.0,1,1.7
2025-09-12T13:21:59.078944,0,4294,1.0,1,5.1
2025-09-12T13:21:59.589318,0,4294,1.0,1,1.2
2025-09-12T13:22:00.097937,0,4294,1.0,1,7.6
2025-09-12T13:22:00.599997,0,4294,1.0,1,1.8
2025-09-12T13:22:01.106993,0,4294,1.0,1,2.0
2025-09-12T13:22:01.617389,0,4294,1.0,1,2.9
2025-09-12T13:22:02.127736,0,4294,1.0,1,2.2
2025-09-12T13:22:02.638090,0,4294,1.0,1,1.5
2025-09-12T13:22:03.148420,0,4294,1.0,1,2.4
2025-09-12T13:22:03.658708,0,4294,1.0,1,2.0
2025-09-12T13:22:04.161486,0,4294,1.0,1,2.3
2025-09-12T13:22:04.671860,0,4294,1.0,1,2.4
2025-09-12T13:22:05.179943,0,4294,1.0,1,4.9
2025-09-12T13:22:05.690312,0,4294,1.0,1,2.2
2025-09-12T13:22:06.194985,0,4294,1.0,1,2.0
2025-09-12T13:22:06.703246,0,4294,1.0,1,1.7
2025-09-12T13:22:07.213630,0,4294,1.0,1,2.0
2025-09-12T13:22:07.724003,0,4294,1.0,1,1.7
2025-09-12T13:22:08.234174,0,4294,1.0,1,2.0
2025-09-12T13:22:08.744042,0,4294,1.0,1,2.0
2025-09-12T13:22:09.254361,0,4294,1.0,1,1.5
2025-09-12T13:22:09.764646,0,4294,1.0,1,1.7
2025-09-12T13:22:10.270877,0,4294,1.0,1,2.0
2025-09-12T13:22:10.777369,0,4294,1.0,1,2.0
2025-09-12T13:22:11.287740,0,4294,1.0,1,5.1
2025-09-12T13:22:11.794120,0,4294,1.0,1,2.2
2025-09-12T13:22:12.304494,0,4294,1.0,1,2.5
2025-09-12T13:22:12.810159,0,4294,1.0,1,2.5
2025-09-12T13:22:13.310715,0,4294,1.0,1,2.5
2025-09-12T13:22:13.820196,0,4294,1.0,1,2.5
2025-09-12T13:22:14.327396,0,4294,1.0,1,1.7
2025-09-12T13:22:14.828175,0,4294,1.0,1,3.0
2025-09-12T13:22:15.336823,0,4294,1.0,1,1.2
2025-09-12T13:22:15.843110,0,4294,1.0,1,2.2
2025-09-12T13:22:16.348637,0,4294,1.0,1,2.5
2025-09-12T13:22:16.859017,0,4294,1.0,1,2.0
2025-09-12T13:22:17.365907,0,4294,1.0,1,2.5
2025-09-12T13:22:17.876330,0,4294,1.0,1,3.7
2025-09-12T13:22:18.381737,0,4294,1.0,1,2.2
2025-09-12T13:22:18.892121,0,4294,1.0,1,1.7
2025-09-12T13:22:19.402431,0,4294,1.0,1,6.3
2025-09-12T13:22:19.913067,0,4294,1.0,1,2.0
2025-09-12T13:22:20.413467,0,4294,1.0,1,1.8
2025-09-12T13:22:20.915946,0,4294,1.0,1,5.7
2025-09-12T13:22:21.416726,0,4294,1.0,1,7.0
2025-09-12T13:22:21.927113,0,4294,1.0,1,2.0
2025-09-12T13:22:22.437448,0,4294,1.0,1,3.2
2025-09-12T13:22:22.947772,0,4294,1.0,1,6.6
2025-09-12T13:22:23.458142,0,4294,1.0,1,2.7
2025-09-12T13:22:23.968518,0,4294,1.0,1,1.7
2025-09-12T13:22:24.478863,0,4294,1.0,1,2.2
2025-09-12T13:22:24.989208,0,4294,1.0,1,2.4
2025-09-12T13:22:25.499481,0,4294,1.0,1,4.0
2025-09-12T13:22:26.009708,0,4294,1.0,1,2.9
2025-09-12T13:22:26.520044,0,4294,1.0,1,1.2
2025-09-12T13:22:27.030402,0,4294,1.0,1,2.4
2025-09-12T13:22:27.539895,0,4294,1.0,1,7.4
2025-09-12T13:22:28.047152,0,4294,1.0,1,2.2
2025-09-12T13:22:28.549343,0,4294,1.0,1,1.2
2025-09-12T13:22:29.059300,0,4294,1.0,1,6.4
2025-09-12T13:22:29.569680,0,4294,1.0,1,1.5
2025-09-12T13:22:30.079275,0,4294,1.0,1,2.0
2025-09-12T13:22:30.583560,0,4294,1.0,1,1.5
2025-09-12T13:22:31.091282,0,4294,1.0,1,3.0
2025-09-12T13:22:31.601661,0,4294,1.0,1,1.5
2025-09-12T13:22:32.112065,0,4294,1.0,1,4.6
2025-09-12T13:22:32.621987,0,4294,1.0,1,2.0
2025-09-12T13:22:33.123342,0,4294,1.0,1,3.0
2025-09-12T13:22:33.624569,0,4294,1.0,1,2.0
2025-09-12T13:22:34.134932,0,4294,1.0,1,1.7
2025-09-12T13:22:34.638095,0,4294,1.0,1,1.7
2025-09-12T13:22:35.144702,0,4294,1.0,1,2.2
2025-09-12T13:22:35.646148,0,4294,1.0,1,2.2
2025-09-12T13:22:36.148801,0,4294,1.0,1,3.0
2025-09-12T13:22:36.658884,0,4294,1.0,1,5.2
2025-09-12T13:22:37.167242,0,4294,1.0,1,4.7
2025-09-12T13:22:37.677602,0,4294,1.0,1,3.7
2025-09-12T13:22:38.188919,0,4294,1.0,1,6.4
2025-09-12T13:22:38.699227,0,4294,1.0,1,19.8
2025-09-12T13:22:39.204564,0,4294,1.0,1,25.5
2025-09-12T13:22:39.709958,0,4294,1.0,1,6.7
2025-09-12T13:22:40.214540,0,4294,1.0,1,6.2
2025-09-12T13:22:40.717468,0,4294,1.0,1,6.5
2025-09-12T13:22:41.222918,0,4294,1.0,1,5.9
2025-09-12T13:22:41.726778,0,4294,1.0,1,4.0
2025-09-12T13:22:42.231765,0,4294,1.0,1,3.5
2025-09-12T13:22:42.733981,0,4294,1.0,1,4.7
2025-09-12T13:22:43.239369,0,4294,1.0,1,3.7
2025-09-12T13:22:43.740669,0,4294,1.0,1,3.2
2025-09-12T13:22:44.246018,0,4294,1.0,1,2.0
2025-09-12T13:22:44.751162,0,4294,1.0,1,2.2
2025-09-12T13:22:45.256103,0,4294,1.0,1,1.5
2025-09-12T13:22:45.761414,0,4294,1.0,1,3.0
2025-09-12T13:22:46.263889,0,4294,1.0,1,1.5
2025-09-12T13:22:46.769244,0,4294,1.0,1,2.2
2025-09-12T13:22:47.272131,0,4294,1.0,1,1.2
2025-09-12T13:22:47.777005,0,4294,1.0,1,14.4
2025-09-12T13:22:48.280293,0,4294,1.0,1,9.7
2025-09-12T13:22:48.785711,0,4294,1.0,1,4.4
2025-09-12T13:22:49.291122,0,4294,1.0,1,5.7
2025-09-12T13:22:49.794836,0,4294,1.0,1,5.2
2025-09-12T13:22:50.298034,0,4294,1.0,1,1.5
2025-09-12T13:22:50.803394,0,4294,1.0,1,4.2
2025-09-12T13:22:51.304243,0,4294,1.0,1,1.5
2025-09-12T13:22:51.805552,0,4294,1.0,1,2.7
2025-09-12T13:22:52.310055,0,4294,1.0,1,2.2
2025-09-12T13:22:52.813550,0,4294,1.0,1,2.5
2025-09-12T13:22:53.318925,0,4294,1.0,1,3.0
2025-09-12T13:22:53.821524,0,4294,1.0,1,2.3
2025-09-12T13:22:54.326900,0,4294,1.0,1,19.2
2025-09-12T13:22:54.831217,0,4294,1.0,1,2.0
2025-09-12T13:22:55.334500,0,4294,1.0,1,4.0
2025-09-12T13:22:55.840056,0,4294,1.0,1,6.2
2025-09-12T13:22:56.345462,0,4294,1.0,1,4.7
2025-09-12T13:22:56.845996,0,4294,1.0,1,4.7
2025-09-12T13:22:57.351319,0,4294,1.0,1,7.4
2025-09-12T13:22:57.853615,0,4294,1.0,1,2.7
2025-09-12T13:22:58.358982,0,4294,1.0,1,1.5
2025-09-12T13:22:58.860135,0,4294,1.0,1,4.2
2025-09-12T13:22:59.363337,0,4294,1.0,1,1.7
2025-09-12T13:22:59.864323,0,4294,1.0,1,5.5
2025-09-12T13:23:00.365697,0,4294,1.0,1,5.3
2025-09-12T13:23:00.869043,0,4294,1.0,1,3.5
2025-09-12T13:23:01.373657,0,4294,1.0,1,2.5
2025-09-12T13:23:01.875055,0,4294,1.0,1,3.2
2025-09-12T13:23:02.379417,0,4294,1.0,1,7.5
2025-09-12T13:23:02.883186,0,4294,1.0,1,21.2
2025-09-12T13:23:03.388678,0,4294,1.0,1,2.0
2025-09-12T13:23:03.893443,0,4294,1.0,1,2.0
2025-09-12T13:23:04.397628,0,4294,1.0,1,2.0
2025-09-12T13:23:04.899034,0,4294,1.0,1,2.0
2025-09-12T13:23:05.404412,0,4294,1.0,1,2.2
2025-09-12T13:23:05.909736,0,4294,1.0,1,3.9
2025-09-12T13:23:06.415106,0,4294,1.0,1,1.7
2025-09-12T13:23:06.920466,0,4294,1.0,1,1.5
2025-09-12T13:23:07.425832,0,4294,1.0,1,2.5
2025-09-12T13:23:07.926806,0,4294,1.0,1,1.5
2025-09-12T13:23:08.430619,0,4294,1.0,1,2.0
2025-09-12T13:23:08.931355,0,4294,1.0,1,2.8
2025-09-12T13:23:09.432437,0,4294,1.0,1,3.5
2025-09-12T13:23:09.933819,0,4294,1.0,1,2.7
2025-09-12T13:23:10.435102,0,4294,1.0,1,1.7
2025-09-12T13:23:10.940460,0,4294,1.0,1,2.2
2025-09-12T13:23:11.445813,0,4294,1.0,1,4.9
2025-09-12T13:23:11.948210,0,4294,1.0,1,2.0
2025-09-12T13:23:12.453614,0,4294,1.0,1,1.2
2025-09-12T13:23:12.958902,0,4294,1.0,1,2.5
2025-09-12T13:23:13.464328,0,4294,1.0,1,5.2
2025-09-12T13:23:13.969779,0,4294,1.0,1,4.5
2025-09-12T13:23:14.472482,0,4294,1.0,1,2.0
2025-09-12T13:23:14.973851,0,4294,1.0,1,2.0
2025-09-12T13:23:15.479254,0,4294,1.0,1,1.7
2025-09-12T13:23:15.981622,0,4294,1.0,1,2.7
2025-09-12T13:23:16.483482,0,4294,1.0,1,4.5
2025-09-12T13:23:16.984545,0,4294,1.0,1,1.5
2025-09-12T13:23:17.489880,0,4294,1.0,1,2.0
2025-09-12T13:23:17.995227,0,4294,1.0,1,4.4
2025-09-12T13:23:18.500582,0,4294,1.0,1,6.2
2025-09-12T13:23:19.005944,0,4294,1.0,1,2.7
2025-09-12T13:23:19.508460,0,4294,1.0,1,6.0
2025-09-12T13:23:20.013851,0,4294,1.0,1,4.4
2025-09-12T13:23:20.515283,0,4294,1.0,1,1.5
2025-09-12T13:23:21.017821,0,4294,1.0,1,6.8
2025-09-12T13:23:21.521045,0,4294,1.0,1,5.4
2025-09-12T13:23:22.026426,0,4294,1.0,1,2.0
2025-09-12T13:23:22.526981,0,4294,1.0,1,7.7
2025-09-12T13:23:23.032342,0,4294,1.0,1,1.7
2025-09-12T13:23:23.533926,0,4294,1.0,1,2.0
2025-09-12T13:23:24.039360,0,4294,1.0,1,4.7
2025-09-12T13:23:24.543599,0,4294,1.0,1,2.9
2025-09-12T13:23:25.048607,0,4294,1.0,1,2.2
2025-09-12T13:23:25.549874,0,4294,1.0,1,5.0
2025-09-12T13:23:26.055063,0,4294,1.0,1,9.1
2025-09-12T13:23:26.558913,0,4294,1.0,1,1.8
2025-09-12T13:23:27.059307,0,4294,1.0,1,7.0
2025-09-12T13:23:27.562421,0,4294,1.0,1,1.5
2025-09-12T13:23:28.063241,0,4294,1.0,1,16.0
2025-09-12T13:23:28.568641,0,4294,1.0,1,5.0
2025-09-12T13:23:29.073993,0,4294,1.0,1,1.5
2025-09-12T13:23:29.577625,0,4294,1.0,1,1.7
2025-09-12T13:23:30.082979,0,4294,1.0,1,2.7
2025-09-12T13:23:30.588368,0,4294,1.0,1,1.2
2025-09-12T13:23:31.090702,0,4294,1.0,1,2.5
2025-09-12T13:23:31.592681,0,4294,1.0,1,1.7
2025-09-12T13:23:32.093131,0,4294,1.0,1,3.0
2025-09-12T13:23:32.598494,0,4294,1.0,1,1.7
2025-09-12T13:23:33.100280,0,4294,1.0,1,33.2
2025-09-12T13:23:33.604470,0,4294,1.0,1,29.1
2025-09-12T13:23:34.106842,0,4294,1.0,1,38.8
2025-09-12T13:23:34.612206,0,4294,1.0,1,11.2
2025-09-12T13:23:35.117621,0,4294,1.0,1,2.7
2025-09-12T13:23:35.623045,0,4294,1.0,1,4.2
2025-09-12T13:23:36.126107,0,4294,1.0,1,6.3
2025-09-12T13:23:36.631506,0,4294,1.0,1,2.2
2025-09-12T13:23:37.136880,0,4294,1.0,1,3.5
2025-09-12T13:23:37.641580,0,4294,1.0,1,1.5
2025-09-12T13:23:38.146944,0,4294,1.0,1,1.7
2025-09-12T13:23:38.648788,0,4294,1.0,1,2.0
2025-09-12T13:23:39.150112,0,4294,1.0,1,3.3
2025-09-12T13:23:39.655327,0,4294,1.0,1,1.5
2025-09-12T13:23:40.160413,0,4294,1.0,1,1.7
2025-09-12T13:23:40.661443,0,4294,1.0,1,3.8
2025-09-12T13:23:41.166234,0,4294,1.0,1,1.5
2025-09-12T13:23:41.671611,0,4294,1.0,1,2.7
2025-09-12T13:23:42.176935,0,4294,1.0,1,3.0
2025-09-12T13:23:42.680335,0,4294,1.0,1,1.5
2025-09-12T13:23:43.185716,0,4294,1.0,1,4.7
2025-09-12T13:23:43.691130,0,4294,1.0,1,5.2
2025-09-12T13:23:44.194607,0,4294,1.0,1,1.2
2025-09-12T13:23:44.696865,0,4294,1.0,1,2.3
2025-09-12T13:23:45.202244,0,4294,1.0,1,2.0
2025-09-12T13:23:45.707169,0,4294,1.0,1,2.5
2025-09-12T13:23:46.212536,0,4294,1.0,1,2.0
2025-09-12T13:23:46.717772,0,4294,1.0,1,2.7
2025-09-12T13:23:47.223094,0,4294,1.0,1,6.7
2025-09-12T13:23:47.727437,0,4294,1.0,1,6.2
2025-09-12T13:23:48.233247,0,4294,1.0,1,21.0
2025-09-12T13:23:48.735013,0,4294,1.0,1,3.0
2025-09-12T13:23:49.240430,0,4294,1.0,1,3.2
2025-09-12T13:23:49.743898,0,4294,1.0,1,2.5
2025-09-12T13:23:50.249266,0,4294,1.0,1,1.8
2025-09-12T13:23:50.754574,0,4294,1.0,1,2.5
2025-09-12T13:23:51.259857,0,4294,1.0,1,2.0
2025-09-12T13:23:51.763716,0,4294,1.0,1,3.7
2025-09-12T13:23:52.269464,0,4294,1.0,1,1.7
2025-09-12T13:23:52.771648,0,4294,1.0,1,2.0
2025-09-12T13:23:53.277089,0,4294,1.0,1,2.2
2025-09-12T13:23:53.782467,0,4294,1.0,1,2.7
2025-09-12T13:23:54.286286,0,4294,1.0,1,2.0
2025-09-12T13:23:54.791626,0,4294,1.0,1,0.0
2025-09-12T13:23:55.293812,0,4294,1.0,1,2.4
2025-09-12T13:23:55.799154,0,4294,1.0,1,6.5
2025-09-12T13:23:56.304428,0,4294,1.0,1,2.7
2025-09-12T13:23:56.812925,0,4294,1.0,1,7.2
2025-09-12T13:23:57.318339,0,4294,1.0,1,6.6
2025-09-12T13:23:57.820064,0,4294,1.0,1,3.0
2025-09-12T13:23:58.325403,0,4294,1.0,1,1.2
2025-09-12T13:23:58.830422,0,4294,1.0,1,3.7
2025-09-12T13:23:59.335833,0,4294,1.0,1,4.0
2025-09-12T13:23:59.840826,0,4294,1.0,1,4.0
2025-09-12T13:24:00.345057,0,4294,1.0,1,3.5
2025-09-12T13:24:00.850408,0,4294,1.0,1,4.5
2025-09-12T13:24:01.355773,0,4294,1.0,1,2.0
2025-09-12T13:24:01.861133,0,4294,1.0,1,1.7
2025-09-12T13:24:02.366548,0,4294,1.0,1,2.2
2025-09-12T13:24:02.868899,0,4294,1.0,1,3.0
2025-09-12T13:24:03.370308,0,4294,1.0,1,14.6
2025-09-12T13:24:03.875647,0,4294,1.0,1,11.1
2025-09-12T13:24:04.377155,0,4294,1.0,1,7.6
2025-09-12T13:24:04.882536,0,4294,1.0,1,7.4
2025-09-12T13:24:05.387961,0,4294,1.0,1,8.2
2025-09-12T13:24:05.893366,0,4294,1.0,1,2.5
2025-09-12T13:24:06.398752,0,4294,1.0,1,2.5
2025-09-12T13:24:06.902661,0,4294,1.0,1,7.4
2025-09-12T13:24:07.408173,0,4294,1.0,1,6.9
2025-09-12T13:24:07.913134,0,4294,1.0,1,1.2
2025-09-12T13:24:08.414475,0,4294,1.0,1,2.2
2025-09-12T13:24:08.916990,0,4294,1.0,1,3.2
2025-09-12T13:24:09.422420,0,4294,1.0,1,1.7
2025-09-12T13:24:09.927776,0,4294,1.0,1,3.2
2025-09-12T13:24:10.433134,0,4294,1.0,1,2.2
2025-09-12T13:24:10.938505,0,4294,1.0,1,2.2
2025-09-12T13:24:11.443860,0,4294,1.0,1,2.0
2025-09-12T13:24:11.949196,0,4294,1.0,1,1.7
2025-09-12T13:24:12.454609,0,4294,1.0,1,2.0
2025-09-12T13:24:12.960021,0,4294,1.0,1,3.0
2025-09-12T13:24:13.465234,0,4294,1.0,1,1.7
2025-09-12T13:24:13.970644,0,4294,1.0,1,1.5
2025-09-12T13:24:14.473242,0,4294,1.0,1,1.7
2025-09-12T13:24:14.977332,0,4294,1.0,1,4.0
2025-09-12T13:24:15.481238,0,4294,1.0,1,1.5
2025-09-12T13:24:15.986602,0,4294,1.0,1,3.7
2025-09-12T13:24:16.489961,0,4294,1.0,1,1.5
2025-09-12T13:24:16.995340,0,4294,1.0,1,3.0
2025-09-12T13:24:17.500713,0,4294,1.0,1,2.5
2025-09-12T13:24:18.006065,0,4294,1.0,1,3.7
2025-09-12T13:24:18.510631,0,4294,1.0,1,1.5
2025-09-12T13:24:19.011946,0,4294,1.0,1,2.0
2025-09-12T13:24:19.513335,0,4294,1.0,1,3.7
2025-09-12T13:24:20.018702,0,4294,1.0,1,2.2
2025-09-12T13:24:20.524116,0,4294,1.0,1,1.7
2025-09-12T13:24:21.029549,0,4294,1.0,1,5.4
2025-09-12T13:24:21.535085,0,4294,1.0,1,3.0
2025-09-12T13:24:22.040509,0,4294,1.0,1,2.0
2025-09-12T13:24:22.545826,0,4294,1.0,1,18.4
2025-09-12T13:24:23.051178,0,4294,1.0,1,3.2
2025-09-12T13:24:23.556058,0,4294,1.0,1,1.8
2025-09-12T13:24:24.061424,0,4294,1.0,1,2.0
2025-09-12T13:24:24.566730,0,4294,1.0,1,3.2
2025-09-12T13:24:25.072070,0,4294,1.0,1,2.4
2025-09-12T13:24:25.577414,0,4294,1.0,1,1.5
2025-09-12T13:24:26.082773,0,4294,1.0,1,6.1
2025-09-12T13:24:26.587549,0,4294,1.0,1,1.7
2025-09-12T13:24:27.092075,0,4294,1.0,1,5.0
2025-09-12T13:24:27.593401,0,4294,1.0,1,2.5
2025-09-12T13:24:28.094186,0,4294,1.0,1,3.5
2025-09-12T13:24:28.599646,0,4294,1.0,1,3.2
2025-09-12T13:24:29.104990,0,4294,1.0,1,2.0
2025-09-12T13:24:29.610334,0,4294,1.0,1,1.5
2025-09-12T13:24:30.115681,0,4294,1.0,1,2.5
2025-09-12T13:24:30.621069,0,4294,1.0,1,1.2
2025-09-12T13:24:31.124114,0,4294,1.0,1,3.5
2025-09-12T13:24:31.629453,0,4294,1.0,1,1.7
2025-09-12T13:24:32.131624,0,4294,1.0,1,2.0
2025-09-12T13:24:32.634640,0,4294,1.0,1,1.7
2025-09-12T13:24:33.139169,0,4294,1.0,1,2.0
2025-09-12T13:24:33.641473,0,4294,1.0,1,1.5
2025-09-12T13:24:34.147026,0,4294,1.0,1,12.8
2025-09-12T13:24:34.652428,0,4294,1.0,1,1.5
2025-09-12T13:24:35.157717,0,4294,1.0,1,2.0
2025-09-12T13:24:35.658441,0,4294,1.0,1,2.3
2025-09-12T13:24:36.160820,0,4294,1.0,1,2.2
2025-09-12T13:24:36.666166,0,4294,1.0,1,2.5
2025-09-12T13:24:37.168685,0,4294,1.0,1,1.5
2025-09-12T13:24:37.674053,0,4294,1.0,1,3.5
2025-09-12T13:24:38.177679,0,4294,1.0,1,2.7
2025-09-12T13:24:38.683120,0,4294,1.0,1,2.0
2025-09-12T13:24:39.188483,0,4294,1.0,1,1.7
2025-09-12T13:24:39.693837,0,4294,1.0,1,2.5
2025-09-12T13:24:40.199249,0,4294,1.0,1,1.8
2025-09-12T13:24:40.702928,0,4294,1.0,1,2.5
2025-09-12T13:24:41.208304,0,4294,1.0,1,2.2
2025-09-12T13:24:41.711026,0,4294,1.0,1,2.7
2025-09-12T13:24:42.216395,0,4294,1.0,1,2.2
2025-09-12T13:24:42.721731,0,4294,1.0,1,2.7
2025-09-12T13:24:43.227090,0,4294,1.0,1,3.5
2025-09-12T13:24:43.733091,0,4294,1.0,1,1.5
2025-09-12T13:24:44.234875,0,4294,1.0,1,1.7
2025-09-12T13:24:44.740232,0,4294,1.0,1,2.0
2025-09-12T13:24:45.244277,0,4294,1.0,1,1.2
2025-09-12T13:24:45.749177,0,4294,1.0,1,3.0
2025-09-12T13:24:46.254447,0,4294,1.0,1,4.0
2025-09-12T13:24:46.755511,0,4294,1.0,1,4.3
2025-09-12T13:24:47.260777,0,4294,1.0,1,2.0
2025-09-12T13:24:47.764559,0,4294,1.0,1,11.5
2025-09-12T13:24:48.269932,0,4294,1.0,1,13.8
2025-09-12T13:24:48.775324,0,4294,1.0,1,3.2
2025-09-12T13:24:49.280689,0,4294,1.0,1,6.0
2025-09-12T13:24:49.786517,0,4294,1.0,1,1.7
2025-09-12T13:24:50.287048,0,4294,1.0,1,1.7
2025-09-12T13:24:50.787763,0,4294,1.0,1,1.8
2025-09-12T13:24:51.289400,0,4294,1.0,1,2.5
2025-09-12T13:24:51.794808,0,4294,1.0,1,5.9
2025-09-12T13:24:52.297732,0,4294,1.0,1,2.2
2025-09-12T13:24:52.799046,0,4294,1.0,1,1.8
2025-09-12T13:24:53.304420,0,4294,1.0,1,1.7
2025-09-12T13:24:53.809788,0,4294,1.0,1,2.5
2025-09-12T13:24:54.311011,0,4294,1.0,1,1.5
2025-09-12T13:24:54.816375,0,4294,1.0,1,4.3
2025-09-12T13:24:55.321731,0,4294,1.0,1,1.5
2025-09-12T13:24:55.827050,0,4294,1.0,1,3.7
2025-09-12T13:24:56.332346,0,4294,1.0,1,5.7
2025-09-12T13:24:56.836440,0,4294,1.0,1,2.0
2025-09-12T13:24:57.341834,0,4294,1.0,1,4.4
2025-09-12T13:24:57.845750,0,4294,1.0,1,1.5
2025-09-12T13:24:58.346469,0,4294,1.0,1,1.5
2025-09-12T13:24:58.851872,0,4294,1.0,1,5.0
2025-09-12T13:24:59.353802,0,4294,1.0,1,2.2
2025-09-12T13:24:59.859181,0,4294,1.0,1,2.0
2025-09-12T13:25:00.361092,0,4294,1.0,1,6.0
2025-09-12T13:25:00.866294,0,4294,1.0,1,3.2
2025-09-12T13:25:01.371728,0,4294,1.0,1,2.0
2025-09-12T13:25:01.872326,0,4294,1.0,1,3.0
2025-09-12T13:25:02.377801,0,4294,1.0,1,2.5
2025-09-12T13:25:02.883165,0,4294,1.0,1,2.0
2025-09-12T13:25:03.388510,0,4294,1.0,1,2.0
2025-09-12T13:25:03.893867,0,4294,1.0,1,2.2
2025-09-12T13:25:04.399204,0,4294,1.0,1,3.2
2025-09-12T13:25:04.904342,0,4294,1.0,1,4.9
2025-09-12T13:25:05.409808,0,4294,1.0,1,2.2
2025-09-12T13:25:05.910255,0,4294,1.0,1,2.5
2025-09-12T13:25:06.415619,0,4294,1.0,1,2.5
2025-09-12T13:25:06.920994,0,4294,1.0,1,3.4
2025-09-12T13:25:07.425713,0,4294,1.0,1,1.2
2025-09-12T13:25:07.931077,0,4294,1.0,1,2.0
2025-09-12T13:25:08.436425,0,4294,1.0,1,2.0
2025-09-12T13:25:08.941758,0,4294,1.0,1,3.7
2025-09-12T13:25:09.447172,0,4294,1.0,1,9.5
2025-09-12T13:25:09.951305,0,4294,1.0,1,2.2
2025-09-12T13:25:10.452609,0,4294,1.0,1,1.5
2025-09-12T13:25:10.958030,0,4294,1.0,1,2.0
2025-09-12T13:25:11.460656,0,4294,1.0,1,2.5
2025-09-12T13:25:11.966059,0,4294,1.0,1,2.3
2025-09-12T13:25:12.471396,0,4294,1.0,1,2.7
2025-09-12T13:25:12.976768,0,4294,1.0,1,1.5
2025-09-12T13:25:13.481993,0,4294,1.0,1,1.7
2025-09-12T13:25:13.983375,0,4294,1.0,1,2.3
2025-09-12T13:25:14.488738,0,4294,1.0,1,7.7
2025-09-12T13:25:14.993511,0,4294,1.0,1,20.2
2025-09-12T13:25:15.494424,0,4294,1.0,1,14.5
2025-09-12T13:25:15.999762,0,4294,1.0,1,6.7
2025-09-12T13:25:16.503026,0,4294,1.0,1,12.8
2025-09-12T13:25:17.006638,0,4294,1.0,1,9.5
2025-09-12T13:25:17.511347,0,4294,1.0,1,15.0
2025-09-12T13:25:18.012663,0,4294,1.0,1,9.7
2025-09-12T13:25:18.516261,0,4294,1.0,1,4.2
2025-09-12T13:25:19.016855,0,4294,1.0,1,37.7
2025-09-12T13:25:19.522113,0,4294,1.0,1,12.9
2025-09-12T13:25:20.024227,0,4294,1.0,1,6.4
2025-09-12T13:25:20.527428,0,4294,1.0,1,3.0
2025-09-12T13:25:21.032626,0,4294,1.0,1,8.4
2025-09-12T13:25:21.535428,0,4294,1.0,1,5.5
2025-09-12T13:25:22.040791,0,4294,1.0,1,6.7
2025-09-12T13:25:22.542958,0,4294,1.0,1,14.4
2025-09-12T13:25:23.044657,0,4294,1.0,1,12.3
2025-09-12T13:25:23.549970,0,4294,1.0,1,9.7
2025-09-12T13:25:24.055251,0,4294,1.0,1,7.7
2025-09-12T13:25:24.560513,0,4294,1.0,1,3.2
2025-09-12T13:25:25.063504,0,4294,1.0,1,1.3
2025-09-12T13:25:25.568856,0,4294,1.0,1,2.2
2025-09-12T13:25:26.074167,0,4294,1.0,1,4.0
2025-09-12T13:25:26.577983,0,4294,1.0,1,4.2
2025-09-12T13:25:27.082745,0,4294,1.0,1,6.9
2025-09-12T13:25:27.588092,0,4294,1.0,1,1.2
2025-09-12T13:25:28.093443,0,4294,1.0,1,2.0
2025-09-12T13:25:28.598810,0,4294,1.0,1,1.7
2025-09-12T13:25:29.104154,0,4294,1.0,1,2.2
2025-09-12T13:25:29.609554,0,4294,1.0,1,1.5
2025-09-12T13:25:30.114906,0,4294,1.0,1,2.0
2025-09-12T13:25:30.618197,0,4294,1.0,1,1.5
2025-09-12T13:25:31.123612,0,4294,1.0,1,3.2
2025-09-12T13:25:31.626325,0,4294,1.0,1,1.8
2025-09-12T13:25:32.131683,0,4294,1.0,1,2.2
2025-09-12T13:25:32.632479,0,4294,1.0,1,1.8
2025-09-12T13:25:33.135608,0,4294,1.0,1,2.2
2025-09-12T13:25:33.640966,0,4294,1.0,1,2.0
2025-09-12T13:25:34.146351,0,4294,1.0,1,2.5
2025-09-12T13:25:34.650795,0,4294,1.0,1,1.5
2025-09-12T13:25:35.154602,0,4294,1.0,1,2.5
2025-09-12T13:25:35.655392,0,4294,1.0,1,2.5
2025-09-12T13:25:36.160685,0,4294,1.0,1,1.7
2025-09-12T13:25:36.662941,0,4294,1.0,1,2.5
2025-09-12T13:25:37.164393,0,4294,1.0,1,2.2
2025-09-12T13:25:37.665455,0,4294,1.0,1,1.8
2025-09-12T13:25:38.169208,0,4294,1.0,1,2.5
2025-09-12T13:25:38.674618,0,4294,1.0,1,2.2
2025-09-12T13:25:39.178138,0,4294,1.0,1,1.8
2025-09-12T13:25:39.679609,0,4294,1.0,1,2.2
2025-09-12T13:25:40.184990,0,4294,1.0,1,2.0
2025-09-12T13:25:40.687667,0,4294,1.0,1,1.5
2025-09-12T13:25:41.193041,0,4294,1.0,1,6.4
2025-09-12T13:25:41.698896,0,4294,1.0,1,2.2
2025-09-12T13:25:42.202062,0,4294,1.0,1,2.0
2025-09-12T13:25:42.705039,0,4294,1.0,1,2.7
2025-09-12T13:25:43.210448,0,4294,1.0,1,1.5
2025-09-12T13:25:43.711954,0,4294,1.0,1,2.5
2025-09-12T13:25:44.213011,0,4294,1.0,1,1.8
2025-09-12T13:25:44.718377,0,4294,1.0,1,1.5
2025-09-12T13:25:45.223754,0,4294,1.0,1,2.5
2025-09-12T13:25:45.728115,0,4294,1.0,1,1.5
2025-09-12T13:25:46.232139,0,4294,1.0,1,3.5
2025-09-12T13:25:46.735941,0,4294,1.0,1,2.5
2025-09-12T13:25:47.237801,0,4294,1.0,1,1.7
2025-09-12T13:25:47.742167,0,4294,1.0,1,8.0
2025-09-12T13:25:48.247588,0,4294,1.0,1,19.5
2025-09-12T13:25:48.752953,0,4294,1.0,1,4.7
2025-09-12T13:25:49.258275,0,4294,1.0,1,8.4
2025-09-12T13:25:49.761445,0,4294,1.0,1,2.2
2025-09-12T13:25:50.266755,0,4294,1.0,1,1.5
2025-09-12T13:25:50.768012,0,4294,1.0,1,1.3
2025-09-12T13:25:51.271468,0,4294,1.0,1,2.2
2025-09-12T13:25:51.776882,0,4294,1.0,1,3.0
2025-09-12T13:25:52.278219,0,4294,1.0,1,1.8
2025-09-12T13:25:52.783634,0,4294,1.0,1,2.5
2025-09-12T13:25:53.289083,0,4294,1.0,1,2.2
2025-09-12T13:25:53.794550,0,4294,1.0,1,5.2
2025-09-12T13:25:54.298508,0,4294,1.0,1,1.7
2025-09-12T13:25:54.802211,0,4294,1.0,1,2.7
2025-09-12T13:25:55.307586,0,4294,1.0,1,2.6
2025-09-12T13:25:55.811595,0,4294,1.0,1,1.5
2025-09-12T13:25:56.316467,0,4294,1.0,1,8.0
2025-09-12T13:25:56.821739,0,4294,1.0,1,5.2
2025-09-12T13:25:57.325988,0,4294,1.0,1,4.2
2025-09-12T13:25:57.830384,0,4294,1.0,1,1.7
2025-09-12T13:25:58.335724,0,4294,1.0,1,1.5
2025-09-12T13:25:58.841108,0,4294,1.0,1,2.7
2025-09-12T13:25:59.344881,0,4294,1.0,1,1.5
2025-09-12T13:25:59.847099,0,4294,1.0,1,1.7
2025-09-12T13:26:00.352467,0,4294,1.0,1,3.2
2025-09-12T13:26:00.853496,0,4294,1.0,1,4.7
2025-09-12T13:26:01.358082,0,4294,1.0,1,2.2
2025-09-12T13:26:01.859431,0,4294,1.0,1,3.3
2025-09-12T13:26:02.361570,0,4294,1.0,1,8.0
2025-09-12T13:26:02.866937,0,4294,1.0,1,2.5
2025-09-12T13:26:03.370733,0,4294,1.0,1,1.5
2025-09-12T13:26:03.876147,0,4294,1.0,1,1.8
2025-09-12T13:26:04.378642,0,4294,1.0,1,2.7
2025-09-12T13:26:04.879958,0,4294,1.0,1,2.2
2025-09-12T13:26:05.381349,0,4294,1.0,1,1.0
2025-09-12T13:26:05.886719,0,4294,1.0,1,3.0
2025-09-12T13:26:06.390765,0,4294,1.0,1,3.0
2025-09-12T13:26:06.896128,0,4294,1.0,1,1.5
2025-09-12T13:26:07.401264,0,4294,1.0,1,2.2
2025-09-12T13:26:07.906640,0,4294,1.0,1,1.3
2025-09-12T13:26:08.410564,0,4294,1.0,1,1.7
2025-09-12T13:26:08.915993,0,4294,1.0,1,2.5
2025-09-12T13:26:09.421368,0,4294,1.0,1,2.0
2025-09-12T13:26:09.926743,0,4294,1.0,1,1.5
2025-09-12T13:26:10.432099,0,4294,1.0,1,2.0
2025-09-12T13:26:10.933389,0,4294,1.0,1,2.5
2025-09-12T13:26:11.434711,0,4294,1.0,1,2.5
2025-09-12T13:26:11.936119,0,4294,1.0,1,1.0
2025-09-12T13:26:12.441463,0,4294,1.0,1,2.2
2025-09-12T13:26:12.946876,0,4294,1.0,1,2.5
2025-09-12T13:26:13.451908,0,4294,1.0,1,18.6
2025-09-12T13:26:13.957426,0,4294,1.0,1,4.0
2025-09-12T13:26:14.461651,0,4294,1.0,1,2.2
2025-09-12T13:26:14.967025,0,4294,1.0,1,2.7
2025-09-12T13:26:15.472384,0,4294,1.0,1,2.2
2025-09-12T13:26:15.977152,0,4294,1.0,1,1.5
2025-09-12T13:26:16.480642,0,4294,1.0,1,19.5
2025-09-12T13:26:16.986563,0,4294,1.0,1,11.2
2025-09-12T13:26:17.491992,0,4294,1.0,1,2.7
2025-09-12T13:26:17.994298,0,4294,1.0,1,6.2
2025-09-12T13:26:18.499511,0,4294,1.0,1,5.5
2025-09-12T13:26:19.002802,0,4294,1.0,1,2.3
2025-09-12T13:26:19.507859,0,4294,1.0,1,3.7
2025-09-12T13:26:20.013112,0,4294,1.0,1,1.5
2025-09-12T13:26:20.518472,0,4294,1.0,1,2.2
2025-09-12T13:26:21.019989,0,4294,1.0,1,2.5
2025-09-12T13:26:21.525380,0,4294,1.0,1,2.5
2025-09-12T13:26:22.030812,0,4294,1.0,1,3.2
2025-09-12T13:26:22.532448,0,4294,1.0,1,3.7
2025-09-12T13:26:23.037731,0,4294,1.0,1,2.7
2025-09-12T13:26:23.543089,0,4294,1.0,1,2.2
2025-09-12T13:26:24.048473,0,4294,1.0,1,4.0
2025-09-12T13:26:24.551101,0,4294,1.0,1,2.0
2025-09-12T13:26:25.056268,0,4294,1.0,1,3.2
2025-09-12T13:26:25.561667,0,4294,1.0,1,2.1
2025-09-12T13:26:26.063055,0,4294,1.0,1,3.0
2025-09-12T13:26:26.563657,0,4294,1.0,1,7.7
2025-09-12T13:26:27.066956,0,4294,1.0,1,6.0
2025-09-12T13:26:27.568240,0,4294,1.0,1,1.5
2025-09-12T13:26:28.073588,0,4294,1.0,1,1.2
2025-09-12T13:26:28.576318,0,4294,1.0,1,2.2
2025-09-12T13:26:29.081645,0,4294,1.0,1,2.0
2025-09-12T13:26:29.587001,0,4294,1.0,1,1.5
2025-09-12T13:26:30.090954,0,4294,1.0,1,1.5
2025-09-12T13:26:30.592340,0,4294,1.0,1,1.3
2025-09-12T13:26:31.093657,0,4294,1.0,1,4.7
2025-09-12T13:26:31.594796,0,4294,1.0,1,2.5
2025-09-12T13:26:32.096480,0,4294,1.0,1,2.2
2025-09-12T13:26:32.601869,0,4294,1.0,1,1.0
2025-09-12T13:26:33.107233,0,4294,1.0,1,2.2
2025-09-12T13:26:33.611010,0,4294,1.0,1,1.5
2025-09-12T13:26:34.112444,0,4294,1.0,1,2.0
2025-09-12T13:26:34.617795,0,4294,1.0,1,2.0
2025-09-12T13:26:35.120351,0,4294,1.0,1,2.0
2025-09-12T13:26:35.621414,0,4294,1.0,1,2.8
2025-09-12T13:26:36.126785,0,4294,1.0,1,2.7
2025-09-12T13:26:36.629706,0,4294,1.0,1,2.2
2025-09-12T13:26:37.135065,0,4294,1.0,1,2.0
2025-09-12T13:26:37.637403,0,4294,1.0,1,3.7
2025-09-12T13:26:38.139051,0,4294,1.0,1,2.2
2025-09-12T13:26:38.640376,0,4294,1.0,1,1.5
2025-09-12T13:26:39.141693,0,4294,1.0,1,2.0
2025-09-12T13:26:39.645492,0,4294,1.0,1,1.5
2025-09-12T13:26:40.150758,0,4294,1.0,1,2.0
2025-09-12T13:26:40.651317,0,4294,1.0,1,1.3
2025-09-12T13:26:41.154443,0,4294,1.0,1,2.2
2025-09-12T13:26:41.659745,0,4294,1.0,1,2.2
2025-09-12T13:26:42.161143,0,4294,1.0,1,2.5
2025-09-12T13:26:42.662528,0,4294,1.0,1,26.9
2025-09-12T13:26:43.167921,0,4294,1.0,1,4.7
2025-09-12T13:26:43.673251,0,4294,1.0,1,3.5
2025-09-12T13:26:44.178906,0,4294,1.0,1,2.7
2025-09-12T13:26:44.684322,0,4294,1.0,1,1.5
2025-09-12T13:26:45.184976,0,4294,1.0,1,3.0
2025-09-12T13:26:45.689172,0,4294,1.0,1,2.0
2025-09-12T13:26:46.194594,0,4294,1.0,1,4.0
2025-09-12T13:26:46.699996,0,4294,1.0,1,2.7
2025-09-12T13:26:47.205388,0,4294,1.0,1,2.2
2025-09-12T13:26:47.714275,0,4294,1.0,1,2.5
2025-09-12T13:26:48.220094,0,4294,1.0,1,35.7
2025-09-12T13:26:48.725598,0,4294,1.0,1,2.2
2025-09-12T13:26:49.230956,0,4294,1.0,1,12.0
2025-09-12T13:26:49.736813,0,4294,1.0,1,1.2
2025-09-12T13:26:50.242213,0,4294,1.0,1,1.7
2025-09-12T13:26:50.745287,0,4294,1.0,1,1.0
2025-09-12T13:26:51.250643,0,4294,1.0,1,4.9
2025-09-12T13:26:51.755971,0,4294,1.0,1,2.2
2025-09-12T13:26:52.256728,0,4294,1.0,1,2.0
2025-09-12T13:26:52.761934,0,4294,1.0,1,1.7
2025-09-12T13:26:53.267268,0,4294,1.0,1,2.2
2025-09-12T13:26:53.772642,0,4294,1.0,1,4.7
2025-09-12T13:26:54.278055,0,4294,1.0,1,1.0
2025-09-12T13:26:54.778719,0,4294,1.0,1,3.0
2025-09-12T13:26:55.284065,0,4294,1.0,1,6.5
2025-09-12T13:26:55.789460,0,4294,1.0,1,3.0
2025-09-12T13:26:56.294156,0,4294,1.0,1,4.7
2025-09-12T13:26:56.799577,0,4294,1.0,1,4.7
2025-09-12T13:26:57.301253,0,4294,1.0,1,6.9
2025-09-12T13:26:57.806658,0,4294,1.0,1,1.3
2025-09-12T13:26:58.312010,0,4294,1.0,1,2.0
2025-09-12T13:26:58.817398,0,4294,1.0,1,3.0
2025-09-12T13:26:59.322764,0,4294,1.0,1,1.5
2025-09-12T13:26:59.828148,0,4294,1.0,1,2.5
2025-09-12T13:27:00.328726,0,4294,1.0,1,6.7
2025-09-12T13:27:00.831855,0,4294,1.0,1,1.3
2025-09-12T13:27:01.337246,0,4294,1.0,1,2.0
2025-09-12T13:27:01.840816,0,4294,1.0,1,3.2
2025-09-12T13:27:02.341988,0,4294,1.0,1,1.8
2025-09-12T13:27:02.845407,0,4294,1.0,1,2.7
2025-09-12T13:27:03.350068,0,4294,1.0,1,3.0
2025-09-12T13:27:03.855440,0,4294,1.0,1,2.5
2025-09-12T13:27:04.360825,0,4294,1.0,1,3.0
2025-09-12T13:27:04.861430,0,4294,1.0,1,3.8
2025-09-12T13:27:05.366066,0,4294,1.0,1,2.2
2025-09-12T13:27:05.871471,0,4294,1.0,1,2.5
2025-09-12T13:27:06.376873,0,4294,1.0,1,2.0
2025-09-12T13:27:06.879333,0,4294,1.0,1,3.0
2025-09-12T13:27:07.384687,0,4294,1.0,1,1.5
2025-09-12T13:27:07.890080,0,4294,1.0,1,2.7
2025-09-12T13:27:08.395444,0,4294,1.0,1,1.5
2025-09-12T13:27:08.896801,0,4294,1.0,1,5.2
2025-09-12T13:27:09.402155,0,4294,1.0,1,1.2
2025-09-12T13:27:09.904849,0,4294,1.0,1,2.2
2025-09-12T13:27:10.410205,0,4294,1.0,1,1.2
2025-09-12T13:27:10.912834,0,4294,1.0,1,2.0
2025-09-12T13:27:11.416653,0,4294,1.0,1,2.0
2025-09-12T13:27:11.920831,0,4294,1.0,1,2.2
2025-09-12T13:27:12.422160,0,4294,1.0,1,2.0
2025-09-12T13:27:12.923464,0,4294,1.0,1,2.0
2025-09-12T13:27:13.428846,0,4294,1.0,1,1.7
2025-09-12T13:27:13.934213,0,4294,1.0,1,2.0
2025-09-12T13:27:14.439583,0,4294,1.0,1,1.5
2025-09-12T13:27:14.944963,0,4294,1.0,1,2.5
2025-09-12T13:27:15.450374,0,4294,1.0,1,2.0
2025-09-12T13:27:15.953553,0,4294,1.0,1,1.5
2025-09-12T13:27:16.455332,0,4294,1.0,1,2.2
2025-09-12T13:27:16.960752,0,4294,1.0,1,1.7
2025-09-12T13:27:17.462161,0,4294,1.0,1,1.3
2025-09-12T13:27:17.967593,0,4294,1.0,1,6.5
2025-09-12T13:27:18.473428,0,4294,1.0,1,1.0
2025-09-12T13:27:18.976942,0,4294,1.0,1,2.2
2025-09-12T13:27:19.482301,0,4294,1.0,1,3.4
2025-09-12T13:27:19.987668,0,4294,1.0,1,2.5
2025-09-12T13:27:20.491636,0,4294,1.0,1,1.2
2025-09-12T13:27:20.995555,0,4294,1.0,1,2.5
2025-09-12T13:27:21.500913,0,4294,1.0,1,2.7
2025-09-12T13:27:22.006327,0,4294,1.0,1,1.5
2025-09-12T13:27:22.511652,0,4294,1.0,1,2.7
2025-09-12T13:27:23.017014,0,4294,1.0,1,6.2
2025-09-12T13:27:23.520952,0,4294,1.0,1,1.2
2025-09-12T13:27:24.023536,0,4294,1.0,1,19.2
2025-09-12T13:27:24.529009,0,4294,1.0,1,1.2
2025-09-12T13:27:25.034406,0,4294,1.0,1,2.2
2025-09-12T13:27:25.539735,0,4294,1.0,1,0.0
2025-09-12T13:27:26.043555,0,4294,1.0,1,2.9
2025-09-12T13:27:26.544999,0,4294,1.0,1,3.3
2025-09-12T13:27:27.050335,0,4294,1.0,1,9.4
2025-09-12T13:27:27.555650,0,4294,1.0,1,1.7
2025-09-12T13:27:28.059762,0,4294,1.0,1,2.5
2025-09-12T13:27:28.564806,0,4294,1.0,1,1.5
2025-09-12T13:27:29.067737,0,4294,1.0,1,1.7
2025-09-12T13:27:29.573116,0,4294,1.0,1,1.5
2025-09-12T13:27:30.075756,0,4294,1.0,1,2.5
2025-09-12T13:27:30.581091,0,4294,1.0,1,1.5
2025-09-12T13:27:31.086440,0,4294,1.0,1,2.2
2025-09-12T13:27:31.591793,0,4294,1.0,1,2.0
2025-09-12T13:27:32.097146,0,4294,1.0,1,2.5
2025-09-12T13:27:32.602511,0,4294,1.0,1,2.0
2025-09-12T13:27:33.107864,0,4294,1.0,1,3.0
2025-09-12T13:27:33.613203,0,4294,1.0,1,2.2
2025-09-12T13:27:34.119013,0,4294,1.0,1,2.0
2025-09-12T13:27:34.624350,0,4294,1.0,1,2.2
2025-09-12T13:27:35.127676,0,4294,1.0,1,1.2
2025-09-12T13:27:35.633113,0,4294,1.0,1,2.0
2025-09-12T13:27:36.138489,0,4294,1.0,1,1.7
2025-09-12T13:27:36.641137,0,4294,1.0,1,2.7
2025-09-12T13:27:37.142463,0,4294,1.0,1,1.7
2025-09-12T13:27:37.647813,0,4294,1.0,1,1.7
2025-09-12T13:27:38.150493,0,4294,1.0,1,1.8
2025-09-12T13:27:38.655290,0,4294,1.0,1,1.7
2025-09-12T13:27:39.156864,0,4294,1.0,1,3.2
2025-09-12T13:27:39.662245,0,4294,1.0,1,2.0
2025-09-12T13:27:40.166495,0,4294,1.0,1,2.2
2025-09-12T13:27:40.670179,0,4294,1.0,1,1.2
2025-09-12T13:27:41.175561,0,4294,1.0,1,2.2
2025-09-12T13:27:41.680036,0,4294,1.0,1,2.2
2025-09-12T13:27:42.182569,0,4294,1.0,1,2.2
2025-09-12T13:27:42.687940,0,4294,1.0,1,2.0
2025-09-12T13:27:43.190562,0,4294,1.0,1,2.3
2025-09-12T13:27:43.691894,0,4294,1.0,1,1.5
2025-09-12T13:27:44.195749,0,4294,1.0,1,1.5
2025-09-12T13:27:44.701130,0,4294,1.0,1,2.0
2025-09-12T13:27:45.202951,0,4294,1.0,1,2.5
2025-09-12T13:27:45.708022,0,4294,1.0,1,2.0
2025-09-12T13:27:46.212439,0,4294,1.0,1,2.2
2025-09-12T13:27:46.717823,0,4294,1.0,1,3.0
2025-09-12T13:27:47.219623,0,4294,1.0,1,2.0
2025-09-12T13:27:47.722923,0,4294,1.0,1,6.4
2025-09-12T13:27:48.228504,0,4294,1.0,1,28.5
2025-09-12T13:27:48.729085,0,4294,1.0,1,2.0
2025-09-12T13:27:49.234426,0,4294,1.0,1,3.2
2025-09-12T13:27:49.739831,0,4294,1.0,1,4.2
2025-09-12T13:27:50.245183,0,4294,1.0,1,2.5
2025-09-12T13:27:50.747985,0,4294,1.0,1,1.2
2025-09-12T13:27:51.253326,0,4294,1.0,1,2.0
2025-09-12T13:27:51.758628,0,4294,1.0,1,4.2
2025-09-12T13:27:52.263912,0,4294,1.0,1,2.0
2025-09-12T13:27:52.764282,0,4294,1.0,1,2.8
2025-09-12T13:27:53.265368,0,4294,1.0,1,2.5
2025-09-12T13:27:53.766618,0,4294,1.0,1,3.5
2025-09-12T13:27:54.272355,0,4294,1.0,1,2.2
2025-09-12T13:27:54.774740,0,4294,1.0,1,2.3
2025-09-12T13:27:55.276048,0,4294,1.0,1,2.0
2025-09-12T13:27:55.779161,0,4294,1.0,1,3.3
2025-09-12T13:27:56.284063,0,4294,1.0,1,1.5
2025-09-12T13:27:56.785416,0,4294,1.0,1,7.5
2025-09-12T13:27:57.290894,0,4294,1.0,1,7.1
2025-09-12T13:27:57.795673,0,4294,1.0,1,2.2
2025-09-12T13:27:58.301056,0,4294,1.0,1,2.2
2025-09-12T13:27:58.804914,0,4294,1.0,1,4.5
2025-09-12T13:27:59.310304,0,4294,1.0,1,3.2
2025-09-12T13:27:59.816562,0,4294,1.0,1,1.5
2025-09-12T13:28:00.319472,0,4294,1.0,1,6.0
2025-09-12T13:28:00.824424,0,4294,1.0,1,1.7
2025-09-12T13:28:01.329215,0,4294,1.0,1,1.7
2025-09-12T13:28:01.831905,0,4294,1.0,1,2.7
2025-09-12T13:28:02.337289,0,4294,1.0,1,2.0
2025-09-12T13:28:02.842688,0,4294,1.0,1,2.0
2025-09-12T13:28:03.345878,0,4294,1.0,1,2.5
2025-09-12T13:28:03.851244,0,4294,1.0,1,1.7
2025-09-12T13:28:04.356680,0,4294,1.0,1,2.0
2025-09-12T13:28:04.860194,0,4294,1.0,1,2.0
2025-09-12T13:28:05.362570,0,4294,1.0,1,2.2
2025-09-12T13:28:05.867925,0,4294,1.0,1,3.0
2025-09-12T13:28:06.369609,0,4294,1.0,1,2.7
2025-09-12T13:28:06.875005,0,4294,1.0,1,2.0
2025-09-12T13:28:07.379319,0,4294,1.0,1,2.5
2025-09-12T13:28:07.884680,0,4294,1.0,1,1.5
2025-09-12T13:28:08.385790,0,4294,1.0,1,1.5
2025-09-12T13:28:08.891188,0,4294,1.0,1,2.2
2025-09-12T13:28:09.395975,0,4294,1.0,1,1.5
2025-09-12T13:28:09.901354,0,4294,1.0,1,2.2
2025-09-12T13:28:10.406781,0,4294,1.0,1,1.2
2025-09-12T13:28:10.912155,0,4294,1.0,1,1.7
2025-09-12T13:28:11.417513,0,4294,1.0,1,2.0
2025-09-12T13:28:11.922865,0,4294,1.0,1,2.2
2025-09-12T13:28:12.428209,0,4294,1.0,1,2.2
2025-09-12T13:28:12.933353,0,4294,1.0,1,1.7
2025-09-12T13:28:13.436281,0,4294,1.0,1,3.4
2025-09-12T13:28:13.938224,0,4294,1.0,1,1.5
2025-09-12T13:28:14.439069,0,4294,1.0,1,1.5
2025-09-12T13:28:14.944504,0,4294,1.0,1,20.3
2025-09-12T13:28:15.445952,0,4294,1.0,1,2.2
2025-09-12T13:28:15.951296,0,4294,1.0,1,1.2
2025-09-12T13:28:16.456622,0,4294,1.0,1,2.2
2025-09-12T13:28:16.961985,0,4294,1.0,1,2.0
2025-09-12T13:28:17.462749,0,4294,1.0,1,1.5
2025-09-12T13:28:17.968139,0,4294,1.0,1,6.4
2025-09-12T13:28:18.473550,0,4294,1.0,1,3.2
2025-09-12T13:28:18.977676,0,4294,1.0,1,2.2
2025-09-12T13:28:19.483104,0,4294,1.0,1,3.0
2025-09-12T13:28:19.988520,0,4294,1.0,1,2.7
2025-09-12T13:28:20.492418,0,4294,1.0,1,1.5
2025-09-12T13:28:20.997792,0,4294,1.0,1,2.0
2025-09-12T13:28:21.503136,0,4294,1.0,1,2.0
2025-09-12T13:28:22.008497,0,4294,1.0,1,2.5
2025-09-12T13:28:22.513872,0,4294,1.0,1,2.0
2025-09-12T13:28:23.019264,0,4294,1.0,1,6.2
2025-09-12T13:28:23.521721,0,4294,1.0,1,1.2
2025-09-12T13:28:24.023076,0,4294,1.0,1,2.0
2025-09-12T13:28:24.524460,0,4294,1.0,1,2.2
2025-09-12T13:28:25.029875,0,4294,1.0,1,1.7
2025-09-12T13:28:25.535205,0,4294,1.0,1,2.0
2025-09-12T13:28:26.040584,0,4294,1.0,1,2.8
2025-09-12T13:28:26.545824,0,4294,1.0,1,2.2
2025-09-12T13:28:27.047160,0,4294,1.0,1,8.0
2025-09-12T13:28:27.552608,0,4294,1.0,1,3.2
2025-09-12T13:28:28.055159,0,4294,1.0,1,2.0
2025-09-12T13:28:28.560509,0,4294,1.0,1,2.0
2025-09-12T13:28:29.065892,0,4294,1.0,1,4.7
2025-09-12T13:28:29.569794,0,4294,1.0,1,2.0
2025-09-12T13:28:30.075185,0,4294,1.0,1,1.7
2025-09-12T13:28:30.577811,0,4294,1.0,1,1.5
2025-09-12T13:28:31.079848,0,4294,1.0,1,2.5
2025-09-12T13:28:31.580510,0,4294,1.0,1,2.0
2025-09-12T13:28:32.081880,0,4294,1.0,1,3.7
2025-09-12T13:28:32.586034,0,4294,1.0,1,1.5
2025-09-12T13:28:33.089864,0,4294,1.0,1,4.5
2025-09-12T13:28:33.591202,0,4294,1.0,1,1.8
2025-09-12T13:28:34.092564,0,4294,1.0,1,2.0
2025-09-12T13:28:34.597927,0,4294,1.0,1,1.7
2025-09-12T13:28:35.103285,0,4294,1.0,1,2.2
2025-09-12T13:28:35.608662,0,4294,1.0,1,1.7
2025-09-12T13:28:36.113998,0,4294,1.0,1,3.0
2025-09-12T13:28:36.619358,0,4294,1.0,1,1.2
2025-09-12T13:28:37.124050,0,4294,1.0,1,2.9
2025-09-12T13:28:37.627647,0,4294,1.0,1,1.5
2025-09-12T13:28:38.132977,0,4294,1.0,1,2.2
2025-09-12T13:28:38.638327,0,4294,1.0,1,1.5
2025-09-12T13:28:39.143685,0,4294,1.0,1,1.7
2025-09-12T13:28:39.648609,0,4294,1.0,1,1.5
2025-09-12T13:28:40.151834,0,4294,1.0,1,1.5
2025-09-12T13:28:40.657251,0,4294,1.0,1,2.0
2025-09-12T13:28:41.162597,0,4294,1.0,1,3.2
2025-09-12T13:28:41.665895,0,4294,1.0,1,2.2
2025-09-12T13:28:42.171135,0,4294,1.0,1,2.0
2025-09-12T13:28:42.673985,0,4294,1.0,1,1.3
2025-09-12T13:28:43.179319,0,4294,1.0,1,2.7
2025-09-12T13:28:43.681944,0,4294,1.0,1,1.5
2025-09-12T13:28:44.187404,0,4294,1.0,1,5.0
2025-09-12T13:28:44.692036,0,4294,1.0,1,1.5
2025-09-12T13:28:45.196210,0,4294,1.0,1,2.7
2025-09-12T13:28:45.701494,0,4294,1.0,1,1.7
2025-09-12T13:28:46.204704,0,4294,1.0,1,2.2
2025-09-12T13:28:46.710071,0,4294,1.0,1,2.2
2025-09-12T13:28:47.211909,0,4294,1.0,1,2.5
2025-09-12T13:28:47.713532,0,4294,1.0,1,2.8
2025-09-12T13:28:48.218992,0,4294,1.0,1,26.1
2025-09-12T13:28:48.724401,0,4294,1.0,1,1.7
2025-09-12T13:28:49.229771,0,4294,1.0,1,4.7
2025-09-12T13:28:49.735193,0,4294,1.0,1,7.0
2025-09-12T13:28:50.237403,0,4294,1.0,1,2.0
2025-09-12T13:28:50.742778,0,4294,1.0,1,2.0
2025-09-12T13:28:51.246236,0,4294,1.0,1,2.0
2025-09-12T13:28:51.746732,0,4294,1.0,1,2.3
2025-09-12T13:28:52.252104,0,4294,1.0,1,2.5
2025-09-12T13:28:52.756099,0,4294,1.0,1,2.0
2025-09-12T13:28:53.259623,0,4294,1.0,1,3.0
2025-09-12T13:28:53.762346,0,4294,1.0,1,2.2
2025-09-12T13:28:54.262915,0,4294,1.0,1,2.0
2025-09-12T13:28:54.767757,0,4294,1.0,1,1.7
2025-09-12T13:28:55.269464,0,4294,1.0,1,1.7
2025-09-12T13:28:55.772852,0,4294,1.0,1,4.6
2025-09-12T13:28:56.274165,0,4294,1.0,1,2.0
2025-09-12T13:28:56.775428,0,4294,1.0,1,5.0
2025-09-12T13:28:57.280718,0,4294,1.0,1,8.4
2025-09-12T13:28:57.786910,0,4294,1.0,1,4.0
2025-09-12T13:28:58.290181,0,4294,1.0,1,4.0
2025-09-12T13:28:58.796450,0,4294,1.0,1,3.7
2025-09-12T13:28:59.301839,0,4294,1.0,1,1.5
2025-09-12T13:28:59.804048,0,4294,1.0,1,3.0
2025-09-12T13:29:00.309132,0,4294,1.0,1,6.0
2025-09-12T13:29:00.812900,0,4294,1.0,1,1.7
2025-09-12T13:29:01.315753,0,4294,1.0,1,2.5
2025-09-12T13:29:01.820909,0,4294,1.0,1,3.0
2025-09-12T13:29:02.326266,0,4294,1.0,1,10.9
2025-09-12T13:29:02.828904,0,4294,1.0,1,5.2
2025-09-12T13:29:03.330021,0,4294,1.0,1,2.0
2025-09-12T13:29:03.836631,0,4294,1.0,1,4.5
2025-09-12T13:29:04.341994,0,4294,1.0,1,1.7
2025-09-12T13:29:04.844873,0,4294,1.0,1,9.8
2025-09-12T13:29:05.346374,0,4294,1.0,1,6.7
2025-09-12T13:29:05.847665,0,4294,1.0,1,3.8
2025-09-12T13:29:06.350857,0,4294,1.0,1,4.2
2025-09-12T13:29:06.856203,0,4294,1.0,1,2.7
2025-09-12T13:29:07.361624,0,4294,1.0,1,3.2
2025-09-12T13:29:07.863092,0,4294,1.0,1,3.2
2025-09-12T13:29:08.364943,0,4294,1.0,1,1.7
2025-09-12T13:29:08.870310,0,4294,1.0,1,6.9
2025-09-12T13:29:09.372968,0,4294,1.0,1,1.5
2025-09-12T13:29:09.874282,0,4294,1.0,1,2.0
2025-09-12T13:29:10.375154,0,4294,1.0,1,2.0
2025-09-12T13:29:10.879801,0,4294,1.0,1,1.7
2025-09-12T13:29:11.385180,0,4294,1.0,1,2.0
2025-09-12T13:29:11.890540,0,4294,1.0,1,2.2
2025-09-12T13:29:12.395911,0,4294,1.0,1,2.7
2025-09-12T13:29:12.901345,0,4294,1.0,1,2.7
2025-09-12T13:29:13.406723,0,4294,1.0,1,1.2
2025-09-12T13:29:13.911850,0,4294,1.0,1,5.2
2025-09-12T13:29:14.413037,0,4294,1.0,1,1.7
2025-09-12T13:29:14.918392,0,4294,1.0,1,1.2
2025-09-12T13:29:15.421063,0,4294,1.0,1,1.7
2025-09-12T13:29:15.926440,0,4294,1.0,1,1.2
2025-09-12T13:29:16.429771,0,4294,1.0,1,2.5
2025-09-12T13:29:16.935203,0,4294,1.0,1,2.2
2025-09-12T13:29:17.440570,0,4294,1.0,1,2.2
2025-09-12T13:29:17.945924,0,4294,1.0,1,3.2
2025-09-12T13:29:18.451266,0,4294,1.0,1,1.2
2025-09-12T13:29:18.956632,0,4294,1.0,1,1.7
2025-09-12T13:29:19.458481,0,4294,1.0,1,3.5
2025-09-12T13:29:19.963836,0,4294,1.0,1,1.7
2025-09-12T13:29:20.469188,0,4294,1.0,1,1.5
2025-09-12T13:29:20.974566,0,4294,1.0,1,2.5
2025-09-12T13:29:21.479937,0,4294,1.0,1,2.9
2025-09-12T13:29:21.985350,0,4294,1.0,1,2.2
2025-09-12T13:29:22.490064,0,4294,1.0,1,1.2
2025-09-12T13:29:22.995579,0,4294,1.0,1,8.7
2025-09-12T13:29:23.501212,0,4294,1.0,1,2.2
2025-09-12T13:29:24.006562,0,4294,1.0,1,2.0
2025-09-12T13:29:24.511927,0,4294,1.0,1,1.5
2025-09-12T13:29:25.017305,0,4294,1.0,1,2.0
2025-09-12T13:29:25.522546,0,4294,1.0,1,1.2
2025-09-12T13:29:26.027890,0,4294,1.0,1,1.5
2025-09-12T13:29:26.533243,0,4294,1.0,1,2.2
2025-09-12T13:29:27.038670,0,4294,1.0,1,7.3
2025-09-12T13:29:27.544048,0,4294,1.0,1,4.7
2025-09-12T13:29:28.049288,0,4294,1.0,1,3.2
2025-09-12T13:29:28.551889,0,4294,1.0,1,1.5
2025-09-12T13:29:29.053227,0,4294,1.0,1,4.5
2025-09-12T13:29:29.555851,0,4294,1.0,1,2.0
2025-09-12T13:29:30.061224,0,4294,1.0,1,1.5
2025-09-12T13:29:30.566610,0,4294,1.0,1,2.0
2025-09-12T13:29:31.072022,0,4294,1.0,1,2.7
2025-09-12T13:29:31.575949,0,4294,1.0,1,2.0
2025-09-12T13:29:32.079353,0,4294,1.0,1,2.2
2025-09-12T13:29:32.583940,0,4294,1.0,1,1.5
2025-09-12T13:29:33.088762,0,4294,1.0,1,3.0
2025-09-12T13:29:33.594110,0,4294,1.0,1,2.0
2025-09-12T13:29:34.099464,0,4294,1.0,1,2.0
2025-09-12T13:29:34.604800,0,4294,1.0,1,1.5
2025-09-12T13:29:35.110141,0,4294,1.0,1,2.0
2025-09-12T13:29:35.615484,0,4294,1.0,1,1.5
2025-09-12T13:29:36.120844,0,4294,1.0,1,2.2
2025-09-12T13:29:36.626190,0,4294,1.0,1,2.0
2025-09-12T13:29:37.131535,0,4294,1.0,1,2.7
2025-09-12T13:29:37.636928,0,4294,1.0,1,1.2
2025-09-12T13:29:38.141361,0,4294,1.0,1,2.5
2025-09-12T13:29:38.646716,0,4294,1.0,1,1.2
2025-09-12T13:29:39.149421,0,4294,1.0,1,5.4
2025-09-12T13:29:39.655254,0,4294,1.0,1,4.4
2025-09-12T13:29:40.157464,0,4294,1.0,1,3.0
2025-09-12T13:29:40.658403,0,4294,1.0,1,4.0
2025-09-12T13:29:41.163674,0,4294,1.0,1,4.5
2025-09-12T13:29:41.668901,0,4294,1.0,1,1.5
2025-09-12T13:29:42.174230,0,4294,1.0,1,3.0
2025-09-12T13:29:42.677365,0,4294,1.0,1,1.5
2025-09-12T13:29:43.181902,0,4294,1.0,1,1.5
2025-09-12T13:29:43.687279,0,4294,1.0,1,2.0
2025-09-12T13:29:44.191976,0,4294,1.0,1,2.2
2025-09-12T13:29:44.695725,0,4294,1.0,1,1.0
2025-09-12T13:29:45.201068,0,4294,1.0,1,2.0
2025-09-12T13:29:45.706495,0,4294,1.0,1,1.2
2025-09-12T13:29:46.211839,0,4294,1.0,1,2.2
2025-09-12T13:29:46.713389,0,4294,1.0,1,2.0
2025-09-12T13:29:47.218752,0,4294,1.0,1,2.5
2025-09-12T13:29:47.723818,0,4294,1.0,1,3.8
2025-09-12T13:29:48.229264,0,4294,1.0,1,29.0
2025-09-12T13:29:48.730042,0,4294,1.0,1,3.3
2025-09-12T13:29:49.235370,0,4294,1.0,1,2.2
2025-09-12T13:29:49.740756,0,4294,1.0,1,2.0
2025-09-12T13:29:50.246083,0,4294,1.0,1,4.2
2025-09-12T13:29:50.749477,0,4294,1.0,1,2.7
2025-09-12T13:29:51.254739,0,4294,1.0,1,3.5
2025-09-12T13:29:51.760001,0,4294,1.0,1,3.0
2025-09-12T13:29:52.260614,0,4294,1.0,1,3.5
2025-09-12T13:29:52.763494,0,4294,1.0,1,2.7
2025-09-12T13:29:53.268802,0,4294,1.0,1,1.7
2025-09-12T13:29:53.774119,0,4294,1.0,1,2.7
2025-09-12T13:29:54.279489,0,4294,1.0,1,2.2
2025-09-12T13:29:54.780094,0,4294,1.0,1,3.0
2025-09-12T13:29:55.285551,0,4294,1.0,1,2.0
2025-09-12T13:29:55.789583,0,4294,1.0,1,1.7
2025-09-12T13:29:56.290892,0,4294,1.0,1,2.4
2025-09-12T13:29:56.796262,0,4294,1.0,1,2.2
2025-09-12T13:29:57.296742,0,4294,1.0,1,12.2
2025-09-12T13:29:57.802130,0,4294,1.0,1,2.7
2025-09-12T13:29:58.307246,0,4294,1.0,1,1.2
2025-09-12T13:29:58.812875,0,4294,1.0,1,5.2
2025-09-12T13:29:59.318237,0,4294,1.0,1,1.7
2025-09-12T13:29:59.821647,0,4294,1.0,1,2.5
2025-09-12T13:30:00.324334,0,4294,1.0,1,6.5
2025-09-12T13:30:00.829653,0,4294,1.0,1,2.0
2025-09-12T13:30:01.335003,0,4294,1.0,1,2.5
2025-09-12T13:30:01.840364,0,4294,1.0,1,6.9
2025-09-12T13:30:02.345686,0,4294,1.0,1,3.0
2025-09-12T13:30:02.851051,0,4294,1.0,1,1.7
2025-09-12T13:30:03.354502,0,4294,1.0,1,2.2
2025-09-12T13:30:03.859902,0,4294,1.0,1,3.5
2025-09-12T13:30:04.363447,0,4294,1.0,1,2.2
2025-09-12T13:30:04.867017,0,4294,1.0,1,2.0
2025-09-12T13:30:05.367973,0,4294,1.0,1,3.8
2025-09-12T13:30:05.869949,0,4294,1.0,1,3.5
2025-09-12T13:30:06.370582,0,4294,1.0,1,2.0
2025-09-12T13:30:06.875960,0,4294,1.0,1,2.0
2025-09-12T13:30:07.381349,0,4294,1.0,1,2.7
2025-09-12T13:30:07.885720,0,4294,1.0,1,4.0
2025-09-12T13:30:08.387062,0,4294,1.0,1,2.5
2025-09-12T13:30:08.888482,0,4294,1.0,1,1.8
2025-09-12T13:30:09.393877,0,4294,1.0,1,2.2
2025-09-12T13:30:09.896456,0,4294,1.0,1,4.7
2025-09-12T13:30:10.397731,0,4294,1.0,1,9.0
2025-09-12T13:30:10.903089,0,4294,1.0,1,1.7
2025-09-12T13:30:11.408022,0,4294,1.0,1,1.5
2025-09-12T13:30:11.913084,0,4294,1.0,1,3.5
2025-09-12T13:30:12.418435,0,4294,1.0,1,2.5
2025-09-12T13:30:12.923823,0,4294,1.0,1,2.5
2025-09-12T13:30:13.429195,0,4294,1.0,1,11.3
2025-09-12T13:30:13.934544,0,4294,1.0,1,2.5
2025-09-12T13:30:14.434984,0,4294,1.0,1,3.3
2025-09-12T13:30:14.936347,0,4294,1.0,1,5.5
2025-09-12T13:30:15.441798,0,4294,1.0,1,2.0
2025-09-12T13:30:15.947162,0,4294,1.0,1,3.2
2025-09-12T13:30:16.452506,0,4294,1.0,1,2.7
2025-09-12T13:30:16.957859,0,4294,1.0,1,2.0
2025-09-12T13:30:17.463226,0,4294,1.0,1,2.0
2025-09-12T13:30:17.968608,0,4294,1.0,1,3.7
2025-09-12T13:30:18.473984,0,4294,1.0,1,2.0
2025-09-12T13:30:18.979297,0,4294,1.0,1,2.0
2025-09-12T13:30:19.484749,0,4294,1.0,1,6.2
2025-09-12T13:30:19.986746,0,4294,1.0,1,3.7
2025-09-12T13:30:20.492075,0,4294,1.0,1,4.7
2025-09-12T13:30:20.996917,0,4294,1.0,1,2.2
2025-09-12T13:30:21.501655,0,4294,1.0,1,2.2
2025-09-12T13:30:22.003241,0,4294,1.0,1,2.2
2025-09-12T13:30:22.508600,0,4294,1.0,1,2.0
2025-09-12T13:30:23.011183,0,4294,1.0,1,22.8
2025-09-12T13:30:23.512574,0,4294,1.0,1,2.0
2025-09-12T13:30:24.017909,0,4294,1.0,1,1.2
2025-09-12T13:30:24.521456,0,4294,1.0,1,5.5
2025-09-12T13:30:25.031851,0,4294,1.0,1,2.0
2025-09-12T13:30:25.534629,0,4294,1.0,1,1.3
2025-09-12T13:30:26.037229,0,4294,1.0,1,3.2
2025-09-12T13:30:26.547608,0,4294,1.0,1,9.2
2025-09-12T13:30:27.048078,0,4294,1.0,1,35.2
2025-09-12T13:30:27.558312,0,4294,1.0,1,13.7
2025-09-12T13:30:28.068561,0,4294,1.0,1,3.5
2025-09-12T13:30:28.569310,0,4294,1.0,1,1.8
2025-09-12T13:30:29.071132,0,4294,1.0,1,5.0
2025-09-12T13:30:29.572074,0,4294,1.0,1,3.0
2025-09-12T13:30:30.082431,0,4294,1.0,1,2.0
2025-09-12T13:30:30.592787,0,4294,1.0,1,1.5
2025-09-12T13:30:31.102365,0,4294,1.0,1,4.9
2025-09-12T13:30:31.604034,0,4294,1.0,1,1.5
2025-09-12T13:30:32.114398,0,4294,1.0,1,2.5
2025-09-12T13:30:32.617693,0,4294,1.0,1,1.5
2025-09-12T13:30:33.124238,0,4294,1.0,1,7.2
2025-09-12T13:30:33.625390,0,4294,1.0,1,1.8
2025-09-12T13:30:34.126817,0,4294,1.0,1,2.5
2025-09-12T13:30:34.633407,0,4294,1.0,1,1.5
2025-09-12T13:30:35.143776,0,4294,1.0,1,2.7
2025-09-12T13:30:35.651675,0,4294,1.0,1,2.0
2025-09-12T13:30:36.160094,0,4294,1.0,1,2.2
2025-09-12T13:30:36.665347,0,4294,1.0,1,2.2
2025-09-12T13:30:37.174964,0,4294,1.0,1,7.6
2025-09-12T13:30:37.682650,0,4294,1.0,1,4.9
2025-09-12T13:30:38.190596,0,4294,1.0,1,8.6
2025-09-12T13:30:38.698116,0,4294,1.0,1,8.1
2025-09-12T13:30:39.208555,0,4294,1.0,1,2.0
2025-09-12T13:30:39.715067,0,4294,1.0,1,7.9
2025-09-12T13:30:40.222635,0,4294,1.0,1,4.9
2025-09-12T13:30:40.733027,0,4294,1.0,1,2.2
2025-09-12T13:30:41.243423,0,4294,1.0,1,1.7
2025-09-12T13:30:41.753754,0,4294,1.0,1,1.7
2025-09-12T13:30:42.257959,0,4294,1.0,1,2.2
2025-09-12T13:30:42.761556,0,4294,1.0,1,2.0
2025-09-12T13:30:43.264767,0,4294,1.0,1,1.8
2025-09-12T13:30:43.774907,0,4294,1.0,1,1.7
2025-09-12T13:30:44.285368,0,4294,1.0,1,2.0
2025-09-12T13:30:44.795730,0,4294,1.0,1,5.4
2025-09-12T13:30:45.306117,0,4294,1.0,1,1.5
2025-09-12T13:30:45.813852,0,4294,1.0,1,1.0
2025-09-12T13:30:46.320507,0,4294,1.0,1,2.0
2025-09-12T13:30:46.828798,0,4294,1.0,1,2.0
2025-09-12T13:30:47.331467,0,4294,1.0,1,2.2
2025-09-12T13:30:47.839181,0,4294,1.0,1,24.0
2025-09-12T13:30:48.348199,0,4294,1.0,1,6.9
2025-09-12T13:30:48.858615,0,4294,1.0,1,2.9
2025-09-12T13:30:49.364911,0,4294,1.0,1,9.8
2025-09-12T13:30:49.875273,0,4294,1.0,1,1.7
2025-09-12T13:30:50.377575,0,4294,1.0,1,2.0
2025-09-12T13:30:50.881532,0,4294,1.0,1,2.5
2025-09-12T13:30:51.391932,0,4294,1.0,1,1.7
2025-09-12T13:30:51.897992,0,4294,1.0,1,2.0
2025-09-12T13:30:52.408363,0,4294,1.0,1,2.5
2025-09-12T13:30:52.914850,0,4294,1.0,1,1.7
2025-09-12T13:30:53.417657,0,4294,1.0,1,2.7
2025-09-12T13:30:53.924371,0,4294,1.0,1,2.7
2025-09-12T13:30:54.431684,0,4294,1.0,1,2.0
2025-09-12T13:30:54.938115,0,4294,1.0,1,1.7
2025-09-12T13:30:55.448215,0,4294,1.0,1,2.5
2025-09-12T13:30:55.954723,0,4294,1.0,1,1.5
2025-09-12T13:30:56.457687,0,4294,1.0,1,0.0
2025-09-12T13:30:56.965781,0,4294,1.0,1,4.0
2025-09-12T13:30:57.476077,0,4294,1.0,1,12.2
2025-09-12T13:30:57.986363,0,4294,1.0,1,2.5
2025-09-12T13:30:58.496717,0,4294,1.0,1,2.2
2025-09-12T13:30:59.001715,0,4294,1.0,1,5.4
2025-09-12T13:30:59.507970,0,4294,1.0,1,2.5
2025-09-12T13:31:00.018388,0,4294,1.0,1,2.9
2025-09-12T13:31:00.522150,0,4294,1.0,1,5.5
2025-09-12T13:31:01.032523,0,4294,1.0,1,2.2
2025-09-12T13:31:01.540470,0,4294,1.0,1,2.2
2025-09-12T13:31:02.046919,0,4294,1.0,1,4.2
2025-09-12T13:31:02.553762,0,4294,1.0,1,3.7
2025-09-12T13:31:03.055137,0,4294,1.0,1,2.5
2025-09-12T13:31:03.561821,0,4294,1.0,1,1.2
2025-09-12T13:31:04.072220,0,4294,1.0,1,3.2
2025-09-12T13:31:04.580506,0,4294,1.0,1,1.7
2025-09-12T13:31:05.081801,0,4294,1.0,1,3.7
2025-09-12T13:31:05.583180,0,4294,1.0,1,1.5
2025-09-12T13:31:06.093554,0,4294,1.0,1,2.7
2025-09-12T13:31:06.603907,0,4294,1.0,1,2.0
2025-09-12T13:31:07.114248,0,4294,1.0,1,1.5
2025-09-12T13:31:07.624610,0,4294,1.0,1,2.0
2025-09-12T13:31:08.133721,0,4294,1.0,1,2.5
2025-09-12T13:31:08.644077,0,4294,1.0,1,2.9
2025-09-12T13:31:09.151218,0,4294,1.0,1,2.7
2025-09-12T13:31:09.656659,0,4294,1.0,1,2.7
2025-09-12T13:31:10.163141,0,4294,1.0,1,2.2
2025-09-12T13:31:10.671829,0,4294,1.0,1,1.7
2025-09-12T13:31:11.178627,0,4294,1.0,1,4.2
2025-09-12T13:31:11.688919,0,4294,1.0,1,2.5
2025-09-12T13:31:12.198376,0,4294,1.0,1,2.0
2025-09-12T13:31:12.708755,0,4294,1.0,1,1.7
2025-09-12T13:31:13.219173,0,4294,1.0,1,1.2
2025-09-12T13:31:13.720897,0,4294,1.0,1,2.0
2025-09-12T13:31:14.229667,0,4294,1.0,1,2.2
2025-09-12T13:31:14.738540,0,4294,1.0,1,2.0
2025-09-12T13:31:15.246817,0,4294,1.0,1,3.2
2025-09-12T13:31:15.753911,0,4294,1.0,1,3.7
2025-09-12T13:31:16.264178,0,4294,1.0,1,2.2
2025-09-12T13:31:16.767193,0,4294,1.0,1,8.0
2025-09-12T13:31:17.277527,0,4294,1.0,1,3.4
2025-09-12T13:31:17.786123,0,4294,1.0,1,2.5
2025-09-12T13:31:18.288097,0,4294,1.0,1,5.5
2025-09-12T13:31:18.798454,0,4294,1.0,1,1.7
2025-09-12T13:31:19.300385,0,4294,1.0,1,5.0
2025-09-12T13:31:19.808198,0,4294,1.0,1,17.9
2025-09-12T13:31:20.313381,0,4294,1.0,1,24.8
2025-09-12T13:31:20.818973,0,4294,1.0,1,50.1
2025-09-12T13:31:21.323996,0,4294,1.0,1,31.4
2025-09-12T13:31:21.833499,0,4294,1.0,1,13.4
2025-09-12T13:31:22.337963,0,4294,1.0,1,14.6
2025-09-12T13:31:22.841418,0,4294,1.0,1,36.6
2025-09-12T13:31:23.346699,0,4294,1.0,1,12.5
2025-09-12T13:31:23.851978,0,4294,1.0,1,25.8
2025-09-12T13:31:24.352930,0,4294,1.0,1,11.2
2025-09-12T13:31:24.858301,0,4294,1.0,1,4.0
2025-09-12T13:31:25.362997,0,4294,1.0,1,1.2
2025-09-12T13:31:25.865399,0,4294,1.0,1,2.0
2025-09-12T13:31:26.367730,0,4294,1.0,1,4.0
2025-09-12T13:31:26.872966,0,4294,1.0,1,1.7
2025-09-12T13:31:27.374651,0,4294,1.0,1,6.9
2025-09-12T13:31:27.879936,0,4294,1.0,1,2.0
2025-09-12T13:31:28.385266,0,4294,1.0,1,1.0
2025-09-12T13:31:28.889510,0,4294,1.0,1,1.7
2025-09-12T13:31:29.394867,0,4294,1.0,1,10.9
2025-09-12T13:31:29.900208,0,4294,1.0,1,3.5
2025-09-12T13:31:30.405546,0,4294,1.0,1,0.7
2025-09-12T13:31:30.910874,0,4294,1.0,1,1.0
2025-09-12T13:31:31.412252,0,4294,1.0,1,2.5
2025-09-12T13:31:31.917595,0,4294,1.0,1,1.2
2025-09-12T13:31:32.420859,0,4294,1.0,1,2.0
2025-09-12T13:31:32.921602,0,4294,1.0,1,0.8
2025-09-12T13:31:33.426982,0,4294,1.0,1,8.2
2025-09-12T13:31:33.929467,0,4294,1.0,1,2.5
2025-09-12T13:31:34.434868,0,4294,1.0,1,1.7
2025-09-12T13:31:34.938239,0,4294,1.0,1,2.7
2025-09-12T13:31:35.443654,0,4294,1.0,1,2.0
2025-09-12T13:31:35.949023,0,4294,1.0,1,2.0
2025-09-12T13:31:36.454392,0,4294,1.0,1,1.5
2025-09-12T13:31:36.959765,0,4294,1.0,1,1.2
2025-09-12T13:31:37.465162,0,4294,1.0,1,12.4
2025-09-12T13:31:37.966855,0,4294,1.0,1,11.8
2025-09-12T13:31:38.472185,0,4294,1.0,1,1.2
2025-09-12T13:31:38.977561,0,4294,1.0,1,1.2
2025-09-12T13:31:39.480127,0,4294,1.0,1,0.8
2025-09-12T13:31:39.983362,0,4294,1.0,1,1.5
2025-09-12T13:31:40.484222,0,4294,1.0,1,1.2
2025-09-12T13:31:40.985578,0,4294,1.0,1,1.5
2025-09-12T13:31:41.486914,0,4294,1.0,1,1.3
2025-09-12T13:31:41.992278,0,4294,1.0,1,1.7
2025-09-12T13:31:42.497622,0,4294,1.0,1,1.7
2025-09-12T13:31:43.002947,0,4294,1.0,1,0.5
2025-09-12T13:31:43.508265,0,4294,1.0,1,1.2
2025-09-12T13:31:44.011509,0,4294,1.0,1,0.7
2025-09-12T13:31:44.516274,0,4294,1.0,1,1.2
2025-09-12T13:31:45.017748,0,4294,1.0,1,1.7
2025-09-12T13:31:45.518954,0,4294,1.0,1,0.8
2025-09-12T13:31:46.023304,0,4294,1.0,1,1.0
2025-09-12T13:31:46.528652,0,4294,1.0,1,1.0
2025-09-12T13:31:47.034014,0,4294,1.0,1,1.2
2025-09-12T13:31:47.534986,0,4294,1.0,1,3.0
2025-09-12T13:31:48.036343,0,4294,1.0,1,18.3
2025-09-12T13:31:48.537641,0,4294,1.0,1,1.5
2025-09-12T13:31:49.041537,0,4294,1.0,1,1.5
2025-09-12T13:31:49.544637,0,4294,1.0,1,5.7
2025-09-12T13:31:50.049990,0,4294,1.0,1,1.5
2025-09-12T13:31:50.555086,0,4294,1.0,1,1.0
2025-09-12T13:31:51.060436,0,4294,1.0,1,1.5
2025-09-12T13:31:51.561698,0,4294,1.0,1,1.3
2025-09-12T13:31:52.063036,0,4294,1.0,1,2.0
2025-09-12T13:31:52.568379,0,4294,1.0,1,1.2
2025-09-12T13:31:53.073709,0,4294,1.0,1,1.2
2025-09-12T13:31:53.574510,0,4294,1.0,1,1.7
2025-09-12T13:31:54.079857,0,4294,1.0,1,1.2
2025-09-12T13:31:54.585179,0,4294,1.0,1,1.2
2025-09-12T13:31:55.090556,0,4294,1.0,1,1.2
2025-09-12T13:31:55.593745,0,4294,1.0,1,0.7
2025-09-12T13:31:56.095096,0,4294,1.0,1,1.2
2025-09-12T13:31:56.596569,0,4294,1.0,1,2.6
2025-09-12T13:31:57.097762,0,4294,1.0,1,4.8
2025-09-12T13:31:57.603587,0,4294,1.0,1,3.2
2025-09-12T13:31:58.108948,0,4294,1.0,1,2.0
2025-09-12T13:31:58.614282,0,4294,1.0,1,1.0
2025-09-12T13:31:59.119621,0,4294,1.0,1,1.7
2025-09-12T13:31:59.624967,0,4294,1.0,1,1.2
2025-09-12T13:32:00.127256,0,4294,1.0,1,4.2
2025-09-12T13:32:00.628440,0,4294,1.0,1,0.5
2025-09-12T13:32:01.133785,0,4294,1.0,1,1.2
2025-09-12T13:32:01.639185,0,4294,1.0,1,1.5
2025-09-12T13:32:02.144551,0,4294,1.0,1,2.2
2025-09-12T13:32:02.649838,0,4294,1.0,1,1.0
2025-09-12T13:32:03.155190,0,4294,1.0,1,1.7
2025-09-12T13:32:03.660525,0,4294,1.0,1,1.2
2025-09-12T13:32:04.164533,0,4294,1.0,1,3.0
2025-09-12T13:32:04.669880,0,4294,1.0,1,1.2
2025-09-12T13:32:05.172831,0,4294,1.0,1,1.2
2025-09-12T13:32:05.674677,0,4294,1.0,1,1.0
2025-09-12T13:32:06.180036,0,4294,1.0,1,2.2
2025-09-12T13:32:06.682026,0,4294,1.0,1,0.8
2025-09-12T13:32:07.187351,0,4294,1.0,1,1.7
2025-09-12T13:32:07.692714,0,4294,1.0,1,1.2
2025-09-12T13:32:08.198054,0,4294,1.0,1,2.0
2025-09-12T13:32:08.703417,0,4294,1.0,1,1.2
2025-09-12T13:32:09.208821,0,4294,1.0,1,1.5
2025-09-12T13:32:09.711279,0,4294,1.0,1,1.0
2025-09-12T13:32:10.216598,0,4294,1.0,1,1.2
2025-09-12T13:32:10.719267,0,4294,1.0,1,1.0
2025-09-12T13:32:11.222746,0,4294,1.0,1,1.0
2025-09-12T13:32:11.727008,0,4294,1.0,1,1.0
2025-09-12T13:32:12.232351,0,4294,1.0,1,1.2
2025-09-12T13:32:12.735335,0,4294,1.0,1,1.5
2025-09-12T13:32:13.240714,0,4294,1.0,1,1.5
2025-09-12T13:32:13.745558,0,4294,1.0,1,0.8
2025-09-12T13:32:14.250607,0,4294,1.0,1,1.2
2025-09-12T13:32:14.755941,0,4294,1.0,1,1.5
2025-09-12T13:32:15.258056,0,4294,1.0,1,0.5
2025-09-12T13:32:15.759415,0,4294,1.0,1,1.7
2025-09-12T13:32:16.260682,0,4294,1.0,1,0.8
2025-09-12T13:32:16.762054,0,4294,1.0,1,2.0
2025-09-12T13:32:17.265598,0,4294,1.0,1,1.5
2025-09-12T13:32:17.769750,0,4294,1.0,1,3.2
2025-09-12T13:32:18.275151,0,4294,1.0,1,1.5
2025-09-12T13:32:18.780516,0,4294,1.0,1,1.2
2025-09-12T13:32:19.284751,0,4294,1.0,1,3.0
2025-09-12T13:32:19.786947,0,4294,1.0,1,2.3
2025-09-12T13:32:20.290401,0,4294,1.0,1,2.5
2025-09-12T13:32:20.795790,0,4294,1.0,1,0.7
2025-09-12T13:32:21.297116,0,4294,1.0,1,2.7
2025-09-12T13:32:21.802491,0,4294,1.0,1,1.7
2025-09-12T13:32:22.307870,0,4294,1.0,1,2.5
2025-09-12T13:32:22.813199,0,4294,1.0,1,3.7
2025-09-12T13:32:23.318533,0,4294,1.0,1,2.7
2025-09-12T13:32:23.823462,0,4294,1.0,1,1.7
2025-09-12T13:32:24.328488,0,4294,1.0,1,1.2
2025-09-12T13:32:24.831529,0,4294,1.0,1,1.2
2025-09-12T13:32:25.336873,0,4294,1.0,1,1.0
2025-09-12T13:32:25.842206,0,4294,1.0,1,0.7
2025-09-12T13:32:26.347550,0,4294,1.0,1,3.4
2025-09-12T13:32:26.852889,0,4294,1.0,1,1.0
2025-09-12T13:32:27.359478,0,4294,1.0,1,6.4
2025-09-12T13:32:27.864935,0,4294,1.0,1,3.5
2025-09-12T13:32:28.367443,0,4294,1.0,1,1.2
2025-09-12T13:32:28.868914,0,4294,1.0,1,1.0
2025-09-12T13:32:29.374284,0,4294,1.0,1,1.5
2025-09-12T13:32:29.879679,0,4294,1.0,1,1.5
2025-09-12T13:32:30.383636,0,4294,1.0,1,1.5
2025-09-12T13:32:30.888973,0,4294,1.0,1,3.2
2025-09-12T13:32:31.394424,0,4294,1.0,1,1.7
2025-09-12T13:32:31.899759,0,4294,1.0,1,0.7
2025-09-12T13:32:32.405084,0,4294,1.0,1,1.2
2025-09-12T13:32:32.909966,0,4294,1.0,1,2.2
2025-09-12T13:32:33.415332,0,4294,1.0,1,0.7
2025-09-12T13:32:33.919606,0,4294,1.0,1,2.2
2025-09-12T13:32:34.420913,0,4294,1.0,1,0.7
2025-09-12T13:32:34.922281,0,4294,1.0,1,1.2
2025-09-12T13:32:35.427661,0,4294,1.0,1,0.7
2025-09-12T13:32:35.933036,0,4294,1.0,1,1.2
2025-09-12T13:32:36.435743,0,4294,1.0,1,1.0
2025-09-12T13:32:36.938093,0,4294,1.0,1,2.2
2025-09-12T13:32:37.443490,0,4294,1.0,1,1.5
2025-09-12T13:32:37.947152,0,4294,1.0,1,1.5
2025-09-12T13:32:38.452490,0,4294,1.0,1,1.5
2025-09-12T13:32:38.954311,0,4294,1.0,1,1.2
2025-09-12T13:32:39.459654,0,4294,1.0,1,1.0
2025-09-12T13:32:39.964984,0,4294,1.0,1,1.2
2025-09-12T13:32:40.468983,0,4294,1.0,1,1.2
2025-09-12T13:32:40.974292,0,4294,1.0,1,0.7
2025-09-12T13:32:41.479614,0,4294,1.0,1,1.5
2025-09-12T13:32:41.984944,0,4294,1.0,1,1.0
2025-09-12T13:32:42.490272,0,4294,1.0,1,1.0
2025-09-12T13:32:42.995596,0,4294,1.0,1,1.2
2025-09-12T13:32:43.498540,0,4294,1.0,1,4.7
2025-09-12T13:32:43.999732,0,4294,1.0,1,0.7
2025-09-12T13:32:44.505076,0,4294,1.0,1,1.0
2025-09-12T13:32:45.010420,0,4294,1.0,1,1.5
2025-09-12T13:32:45.515759,0,4294,1.0,1,0.8
2025-09-12T13:32:46.021089,0,4294,1.0,1,1.2
2025-09-12T13:32:46.522411,0,4294,1.0,1,1.7
2025-09-12T13:32:47.027752,0,4294,1.0,1,0.5
2025-09-12T13:32:47.530145,0,4294,1.0,1,1.5
2025-09-12T13:32:48.035511,0,4294,1.0,1,7.0
2025-09-12T13:32:48.540869,0,4294,1.0,1,2.5
2025-09-12T13:32:49.046227,0,4294,1.0,1,3.2
2025-09-12T13:32:49.551586,0,4294,1.0,1,3.2
2025-09-12T13:32:50.056114,0,4294,1.0,1,2.7
2025-09-12T13:32:50.556509,0,4294,1.0,1,0.8
2025-09-12T13:32:51.060494,0,4294,1.0,1,1.2
2025-09-12T13:32:51.562507,0,4294,1.0,1,1.2
2025-09-12T13:32:52.067831,0,4294,1.0,1,0.2
2025-09-12T13:32:52.573160,0,4294,1.0,1,1.7
2025-09-12T13:32:53.077152,0,4294,1.0,1,0.7
2025-09-12T13:32:53.578498,0,4294,1.0,1,1.2
2025-09-12T13:32:54.083902,0,4294,1.0,1,1.0
2025-09-12T13:32:54.586510,0,4294,1.0,1,1.0
2025-09-12T13:32:55.091269,0,4294,1.0,1,0.7
2025-09-12T13:32:55.596618,0,4294,1.0,1,1.0
2025-09-12T13:32:56.101963,0,4294,1.0,1,1.0
2025-09-12T13:32:56.604650,0,4294,1.0,1,7.7
2025-09-12T13:32:57.105969,0,4294,1.0,1,3.8
2025-09-12T13:32:57.611307,0,4294,1.0,1,2.7
2025-09-12T13:32:58.116547,0,4294,1.0,1,1.5
2025-09-12T13:32:58.621884,0,4294,1.0,1,0.7
2025-09-12T13:32:59.127225,0,4294,1.0,1,3.0
2025-09-12T13:32:59.630032,0,4294,1.0,1,1.0
2025-09-12T13:33:00.133265,0,4294,1.0,1,3.2
2025-09-12T13:33:00.638618,0,4294,1.0,1,1.5
2025-09-12T13:33:01.143950,0,4294,1.0,1,0.7
2025-09-12T13:33:01.648073,0,4294,1.0,1,2.0
2025-09-12T13:33:02.153404,0,4294,1.0,1,1.2
2025-09-12T13:33:02.655960,0,4294,1.0,1,2.5
2025-09-12T13:33:03.161746,0,4294,1.0,1,1.2
2025-09-12T13:33:03.663952,0,4294,1.0,1,0.7
2025-09-12T13:33:04.170524,0,4294,1.0,1,1.2
2025-09-12T13:33:04.675872,0,4294,1.0,1,1.2
2025-09-12T13:33:05.181294,0,4294,1.0,1,2.5
2025-09-12T13:33:05.685306,0,4294,1.0,1,1.0
2025-09-12T13:33:06.186658,0,4294,1.0,1,1.8
2025-09-12T13:33:06.688920,0,4294,1.0,1,1.0
2025-09-12T13:33:07.194262,0,4294,1.0,1,0.7
2025-09-12T13:33:07.696031,0,4294,1.0,1,1.5
2025-09-12T13:33:08.201445,0,4294,1.0,1,2.0
2025-09-12T13:33:08.704008,0,4294,1.0,1,1.7
2025-09-12T13:33:09.209391,0,4294,1.0,1,1.2
2025-09-12T13:33:09.714790,0,4294,1.0,1,1.0
2025-09-12T13:33:10.220119,0,4294,1.0,1,1.2
2025-09-12T13:33:10.725476,0,4294,1.0,1,1.0
2025-09-12T13:33:11.227434,0,4294,1.0,1,1.5
2025-09-12T13:33:11.732765,0,4294,1.0,1,0.7
2025-09-12T13:33:12.238093,0,4294,1.0,1,0.5
2025-09-12T13:33:12.743429,0,4294,1.0,1,1.7
2025-09-12T13:33:13.248258,0,4294,1.0,1,0.7
2025-09-12T13:33:13.753648,0,4294,1.0,1,6.2
2025-09-12T13:33:14.256043,0,4294,1.0,1,0.7
2025-09-12T13:33:14.761407,0,4294,1.0,1,1.0
2025-09-12T13:33:15.266714,0,4294,1.0,1,1.0
2025-09-12T13:33:15.770827,0,4294,1.0,1,0.8
2025-09-12T13:33:16.276149,0,4294,1.0,1,1.2
2025-09-12T13:33:16.781488,0,4294,1.0,1,1.0
2025-09-12T13:33:17.286836,0,4294,1.0,1,1.2
2025-09-12T13:33:17.792211,0,4294,1.0,1,1.7
2025-09-12T13:33:18.297567,0,4294,1.0,1,1.5
2025-09-12T13:33:18.802906,0,4294,1.0,1,1.0
2025-09-12T13:33:19.308202,0,4294,1.0,1,2.7
2025-09-12T13:33:19.813545,0,4294,1.0,1,1.7
2025-09-12T13:33:20.314841,0,4294,1.0,1,1.0
2025-09-12T13:33:20.820190,0,4294,1.0,1,1.7
2025-09-12T13:33:21.322865,0,4294,1.0,1,1.7
2025-09-12T13:33:21.824190,0,4294,1.0,1,1.5
2025-09-12T13:33:22.325514,0,4294,1.0,1,0.8
2025-09-12T13:33:22.828910,0,4294,1.0,1,3.5
2025-09-12T13:33:23.334369,0,4294,1.0,1,16.0
2025-09-12T13:33:23.834886,0,4294,1.0,1,1.7
2025-09-12T13:33:24.340216,0,4294,1.0,1,1.0
2025-09-12T13:33:24.842888,0,4294,1.0,1,0.5
2025-09-12T13:33:25.344205,0,4294,1.0,1,1.2
2025-09-12T13:33:25.849527,0,4294,1.0,1,0.5
2025-09-12T13:33:26.354843,0,4294,1.0,1,1.2
2025-09-12T13:33:26.858370,0,4294,1.0,1,2.8
2025-09-12T13:33:27.362315,0,4294,1.0,1,4.5
2025-09-12T13:33:27.866331,0,4294,1.0,1,3.7
2025-09-12T13:33:28.371713,0,4294,1.0,1,4.0
2025-09-12T13:33:28.877086,0,4294,1.0,1,1.0
2025-09-12T13:33:29.382442,0,4294,1.0,1,1.0
2025-09-12T13:33:29.887778,0,4294,1.0,1,0.7
2025-09-12T13:33:30.393137,0,4294,1.0,1,1.2
2025-09-12T13:33:30.897152,0,4294,1.0,1,0.5
2025-09-12T13:33:31.401340,0,4294,1.0,1,1.5
2025-09-12T13:33:31.904303,0,4294,1.0,1,1.2
2025-09-12T13:33:32.409680,0,4294,1.0,1,1.0
2025-09-12T13:33:32.912315,0,4294,1.0,1,1.2
2025-09-12T13:33:33.417654,0,4294,1.0,1,0.7
2025-09-12T13:33:33.920366,0,4294,1.0,1,0.8
2025-09-12T13:33:34.425730,0,4294,1.0,1,0.5
2025-09-12T13:33:34.931086,0,4294,1.0,1,1.7
2025-09-12T13:33:35.436422,0,4294,1.0,1,0.7
2025-09-12T13:33:35.941725,0,4294,1.0,1,2.0
2025-09-12T13:33:36.443691,0,4294,1.0,1,0.5
2025-09-12T13:33:36.944383,0,4294,1.0,1,1.2
2025-09-12T13:33:37.449498,0,4294,1.0,1,1.2
2025-09-12T13:33:37.954827,0,4294,1.0,1,1.2
2025-09-12T13:33:38.459064,0,4294,1.0,1,1.5
2025-09-12T13:33:38.964502,0,4294,1.0,1,2.7
2025-09-12T13:33:39.469869,0,4294,1.0,1,0.5
2025-09-12T13:33:39.975267,0,4294,1.0,1,1.5
2025-09-12T13:33:40.480447,0,4294,1.0,1,0.5
2025-09-12T13:33:40.985786,0,4294,1.0,1,2.0
2025-09-12T13:33:41.491123,0,4294,1.0,1,0.7
2025-09-12T13:33:41.996498,0,4294,1.0,1,1.7
2025-09-12T13:33:42.501783,0,4294,1.0,1,2.0
2025-09-12T13:33:43.003547,0,4294,1.0,1,1.5
2025-09-12T13:33:43.508898,0,4294,1.0,1,1.0
2025-09-12T13:33:44.011144,0,4294,1.0,1,1.2
2025-09-12T13:33:44.516478,0,4294,1.0,1,0.5
2025-09-12T13:33:45.021839,0,4294,1.0,1,2.2
2025-09-12T13:33:45.527180,0,4294,1.0,1,0.5
2025-09-12T13:33:46.032457,0,4294,1.0,1,1.2
2025-09-12T13:33:46.537847,0,4294,1.0,1,1.2
2025-09-12T13:33:47.043198,0,4294,1.0,1,1.2
2025-09-12T13:33:47.546077,0,4294,1.0,1,1.2
2025-09-12T13:33:48.051422,0,4294,1.0,1,7.7
2025-09-12T13:33:48.558172,0,4294,1.0,1,1.2
2025-09-12T13:33:49.063544,0,4294,1.0,1,4.9
2025-09-12T13:33:49.568914,0,4294,1.0,1,0.7
2025-09-12T13:33:50.072086,0,4294,1.0,1,1.5
2025-09-12T13:33:50.574580,0,4294,1.0,1,0.8
2025-09-12T13:33:51.077893,0,4294,1.0,1,1.2
2025-09-12T13:33:51.583266,0,4294,1.0,1,1.2
2025-09-12T13:33:52.086958,0,4294,1.0,1,1.0
2025-09-12T13:33:52.592055,0,4294,1.0,1,1.7
2025-09-12T13:33:53.097452,0,4294,1.0,1,6.8
2025-09-12T13:33:53.600876,0,4294,1.0,1,3.5
2025-09-12T13:33:54.101951,0,4294,1.0,1,0.8
2025-09-12T13:33:54.607328,0,4294,1.0,1,0.5
2025-09-12T13:33:55.112653,0,4294,1.0,1,1.0
2025-09-12T13:33:55.617967,0,4294,1.0,1,0.7
2025-09-12T13:33:56.123311,0,4294,1.0,1,1.0
2025-09-12T13:33:56.628683,0,4294,1.0,1,1.0
2025-09-12T13:33:57.131295,0,4294,1.0,1,0.0
2025-09-12T13:33:57.632666,0,4294,1.0,1,3.0
2025-09-12T13:33:58.138015,0,4294,1.0,1,2.7
2025-09-12T13:33:58.643350,0,4294,1.0,1,1.0
2025-09-12T13:33:59.148735,0,4294,1.0,1,2.0
2025-09-12T13:33:59.654036,0,4294,1.0,1,1.2
2025-09-12T13:34:00.159428,0,4294,1.0,1,2.5
2025-09-12T13:34:00.664815,0,4294,1.0,1,1.0
2025-09-12T13:34:01.170208,0,4294,1.0,1,1.7
2025-09-12T13:34:01.675575,0,4294,1.0,1,1.7
2025-09-12T13:34:02.177843,0,4294,1.0,1,0.8
2025-09-12T13:34:02.683190,0,4294,1.0,1,2.0
2025-09-12T13:34:03.188528,0,4294,1.0,1,1.0
2025-09-12T13:34:03.693861,0,4294,1.0,1,1.0
2025-09-12T13:34:04.199188,0,4294,1.0,1,1.5
2025-09-12T13:34:04.704496,0,4294,1.0,1,1.2
2025-09-12T13:34:05.209812,0,4294,1.0,1,0.7
2025-09-12T13:34:05.715127,0,4294,1.0,1,1.0
2025-09-12T13:34:06.220476,0,4294,1.0,1,1.2
2025-09-12T13:34:06.725805,0,4294,1.0,1,1.2
2025-09-12T13:34:07.231108,0,4294,1.0,1,1.5
2025-09-12T13:34:07.736469,0,4294,1.0,1,1.2
2025-09-12T13:34:08.241822,0,4294,1.0,1,1.0
2025-09-12T13:34:08.747192,0,4294,1.0,1,2.2
2025-09-12T13:34:09.248975,0,4294,1.0,1,0.8
2025-09-12T13:34:09.754380,0,4294,1.0,1,1.7
2025-09-12T13:34:10.256849,0,4294,1.0,1,10.4
2025-09-12T13:34:10.758231,0,4294,1.0,1,0.8
2025-09-12T13:34:11.260075,0,4294,1.0,1,1.5
2025-09-12T13:34:11.765464,0,4294,1.0,1,16.6
2025-09-12T13:34:12.270846,0,4294,1.0,1,3.5
2025-09-12T13:34:12.776193,0,4294,1.0,1,1.2
2025-09-12T13:34:13.280838,0,4294,1.0,1,1.0
2025-09-12T13:34:13.785253,0,4294,1.0,1,1.0
2025-09-12T13:34:14.288881,0,4294,1.0,1,0.7
2025-09-12T13:34:14.794218,0,4294,1.0,1,0.7
2025-09-12T13:34:15.297819,0,4294,1.0,1,0.7
2025-09-12T13:34:15.803171,0,4294,1.0,1,1.2
2025-09-12T13:34:16.304922,0,4294,1.0,1,7.5
2025-09-12T13:34:16.808119,0,4294,1.0,1,3.8
2025-09-12T13:34:17.313476,0,4294,1.0,1,3.2
2025-09-12T13:34:17.818868,0,4294,1.0,1,3.2
2025-09-12T13:34:18.320916,0,4294,1.0,1,1.2
2025-09-12T13:34:18.826263,0,4294,1.0,1,1.0
2025-09-12T13:34:19.331585,0,4294,1.0,1,2.7
2025-09-12T13:34:19.836866,0,4294,1.0,1,1.5
2025-09-12T13:34:20.342242,0,4294,1.0,1,1.2
2025-09-12T13:34:20.847403,0,4294,1.0,1,0.7
2025-09-12T13:34:21.350269,0,4294,1.0,1,1.7
2025-09-12T13:34:21.855639,0,4294,1.0,1,4.2
2025-09-12T13:34:22.361056,0,4294,1.0,1,1.2
2025-09-12T13:34:22.864951,0,4294,1.0,1,4.2
2025-09-12T13:34:23.370181,0,4294,1.0,1,2.5
2025-09-12T13:34:23.872986,0,4294,1.0,1,2.0
2025-09-12T13:34:24.374346,0,4294,1.0,1,0.7
2025-09-12T13:34:24.879705,0,4294,1.0,1,1.2
2025-09-12T13:34:25.385066,0,4294,1.0,1,1.2
2025-09-12T13:34:25.889020,0,4294,1.0,1,1.7
2025-09-12T13:34:26.390414,0,4294,1.0,1,1.0
2025-09-12T13:34:26.895802,0,4294,1.0,1,1.0
2025-09-12T13:34:27.401121,0,4294,1.0,1,4.5
2025-09-12T13:34:27.905037,0,4294,1.0,1,1.7
2025-09-12T13:34:28.410382,0,4294,1.0,1,2.2
2025-09-12T13:34:28.915712,0,4294,1.0,1,1.5
2025-09-12T13:34:29.421041,0,4294,1.0,1,0.7
2025-09-12T13:34:29.926391,0,4294,1.0,1,1.7
2025-09-12T13:34:30.431730,0,4294,1.0,1,1.2
2025-09-12T13:34:30.937063,0,4294,1.0,1,1.5
2025-09-12T13:34:31.442401,0,4294,1.0,1,1.5
2025-09-12T13:34:31.945029,0,4294,1.0,1,0.5
2025-09-12T13:34:32.450372,0,4294,1.0,1,1.7
2025-09-12T13:34:32.955750,0,4294,1.0,1,1.5
2025-09-12T13:34:33.461088,0,4294,1.0,1,0.7
2025-09-12T13:34:33.966458,0,4294,1.0,1,0.7
2025-09-12T13:34:34.471796,0,4294,1.0,1,0.7
2025-09-12T13:34:34.977158,0,4294,1.0,1,2.5
2025-09-12T13:34:35.482547,0,4294,1.0,1,1.2
2025-09-12T13:34:35.985392,0,4294,1.0,1,1.0
2025-09-12T13:34:36.490774,0,4294,1.0,1,1.2
2025-09-12T13:34:36.996122,0,4294,1.0,1,0.7
2025-09-12T13:34:37.501441,0,4294,1.0,1,2.0
2025-09-12T13:34:38.002579,0,4294,1.0,1,1.7
2025-09-12T13:34:38.507845,0,4294,1.0,1,2.9
2025-09-12T13:34:39.009149,0,4294,1.0,1,0.5
2025-09-12T13:34:39.509553,0,4294,1.0,1,1.5
2025-09-12T13:34:40.014910,0,4294,1.0,1,1.0
2025-09-12T13:34:40.518483,0,4294,1.0,1,1.2
2025-09-12T13:34:41.019380,0,4294,1.0,1,1.8
2025-09-12T13:34:41.523594,0,4294,1.0,1,1.2
2025-09-12T13:34:42.027871,0,4294,1.0,1,0.7
2025-09-12T13:34:42.529171,0,4294,1.0,1,1.2
2025-09-12T13:34:43.029833,0,4294,1.0,1,3.5
2025-09-12T13:34:43.535219,0,4294,1.0,1,1.0
2025-09-12T13:34:44.038635,0,4294,1.0,1,2.5
2025-09-12T13:34:44.545310,0,4294,1.0,1,1.5
2025-09-12T13:34:45.050693,0,4294,1.0,1,6.2
2025-09-12T13:34:45.555702,0,4294,1.0,1,4.5
2025-09-12T13:34:46.059957,0,4294,1.0,1,5.0
2025-09-12T13:34:46.564640,0,4294,1.0,1,4.5
2025-09-12T13:34:47.070034,0,4294,1.0,1,5.4
2025-09-12T13:34:47.574346,0,4294,1.0,1,5.2
2025-09-12T13:34:48.076269,0,4294,1.0,1,14.7
2025-09-12T13:34:48.581645,0,4294,1.0,1,4.7
2025-09-12T13:34:49.087036,0,4294,1.0,1,6.7
2025-09-12T13:34:49.592424,0,4294,1.0,1,5.0
2025-09-12T13:34:50.097820,0,4294,1.0,1,4.2
2025-09-12T13:34:50.603197,0,4294,1.0,1,3.0
2025-09-12T13:34:51.107666,0,4294,1.0,1,3.2
2025-09-12T13:34:51.612536,0,4294,1.0,1,3.5
2025-09-12T13:34:52.113562,0,4294,1.0,1,3.0
2025-09-12T13:34:52.618887,0,4294,1.0,1,3.0
2025-09-12T13:34:53.124230,0,4294,1.0,1,3.5
2025-09-12T13:34:53.629606,0,4294,1.0,1,5.0
2025-09-12T13:34:54.135005,0,4294,1.0,1,4.3
2025-09-12T13:34:54.636187,0,4294,1.0,1,4.2
2025-09-12T13:34:55.139721,0,4294,1.0,1,3.2
2025-09-12T13:34:55.644019,0,4294,1.0,1,3.7
2025-09-12T13:34:56.148042,0,4294,1.0,1,2.7
2025-09-12T13:34:56.653390,0,4294,1.0,1,2.7
2025-09-12T13:34:57.157829,0,4294,1.0,1,11.7
2025-09-12T13:34:57.661066,0,4294,1.0,1,2.3
2025-09-12T13:34:58.164430,0,4294,1.0,1,4.2
2025-09-12T13:34:58.665805,0,4294,1.0,1,2.8
2025-09-12T13:34:59.171174,0,4294,1.0,1,2.9
2025-09-12T13:34:59.676557,0,4294,1.0,1,0.5
2025-09-12T13:35:00.178638,0,4294,1.0,1,3.0
2025-09-12T13:35:00.680916,0,4294,1.0,1,1.0
2025-09-12T13:35:01.184318,0,4294,1.0,1,1.0
2025-09-12T13:35:01.689605,0,4294,1.0,1,8.2
2025-09-12T13:35:02.193656,0,4294,1.0,1,6.5
2025-09-12T13:35:02.694780,0,4294,1.0,1,1.5
2025-09-12T13:35:03.196145,0,4294,1.0,1,3.0
2025-09-12T13:35:03.697498,0,4294,1.0,1,1.0
2025-09-12T13:35:04.202846,0,4294,1.0,1,2.7
2025-09-12T13:35:04.708207,0,4294,1.0,1,0.7
2025-09-12T13:35:05.213552,0,4294,1.0,1,2.5
2025-09-12T13:35:05.718916,0,4294,1.0,1,2.5
2025-09-12T13:35:06.220877,0,4294,1.0,1,2.2
2025-09-12T13:35:06.721296,0,4294,1.0,1,1.3
2025-09-12T13:35:07.222026,0,4294,1.0,1,1.5
2025-09-12T13:35:07.727411,0,4294,1.0,1,1.5
2025-09-12T13:35:08.231528,0,4294,1.0,1,1.2
2025-09-12T13:35:08.736962,0,4294,1.0,1,2.0
2025-09-12T13:35:09.237797,0,4294,1.0,1,1.0
2025-09-12T13:35:09.743122,0,4294,1.0,1,1.5
2025-09-12T13:35:10.248508,0,4294,1.0,1,3.0
2025-09-12T13:35:10.749065,0,4294,1.0,1,5.8
2025-09-12T13:35:11.249779,0,4294,1.0,1,2.0
2025-09-12T13:35:11.755157,0,4294,1.0,1,2.2
2025-09-12T13:35:12.257620,0,4294,1.0,1,0.5
2025-09-12T13:35:12.758953,0,4294,1.0,1,2.5
2025-09-12T13:35:13.260297,0,4294,1.0,1,0.8
2025-09-12T13:35:13.762341,0,4294,1.0,1,1.2
2025-09-12T13:35:14.262901,0,4294,1.0,1,0.5
2025-09-12T13:35:14.768269,0,4294,1.0,1,1.0
2025-09-12T13:35:15.273579,0,4294,1.0,1,0.7
2025-09-12T13:35:15.778914,0,4294,1.0,1,1.5
2025-09-12T13:35:16.284240,0,4294,1.0,1,0.7
2025-09-12T13:35:16.789581,0,4294,1.0,1,1.0
2025-09-12T13:35:17.294909,0,4294,1.0,1,1.0
2025-09-12T13:35:17.799016,0,4294,1.0,1,2.5
2025-09-12T13:35:18.300396,0,4294,1.0,1,1.5
2025-09-12T13:35:18.805749,0,4294,1.0,1,1.5
2025-09-12T13:35:19.308271,0,4294,1.0,1,2.0
2025-09-12T13:35:19.813540,0,4294,1.0,1,2.2
2025-09-12T13:35:20.316352,0,4294,1.0,1,0.5
2025-09-12T13:35:20.818196,0,4294,1.0,1,4.0
2025-09-12T13:35:21.323611,0,4294,1.0,1,4.2
2025-09-12T13:35:21.829437,0,4294,1.0,1,0.7
2025-09-12T13:35:22.333356,0,4294,1.0,1,0.7
2025-09-12T13:35:22.838701,0,4294,1.0,1,1.5
2025-09-12T13:35:23.344086,0,4294,1.0,1,3.7
2025-09-12T13:35:23.847141,0,4294,1.0,1,2.0
2025-09-12T13:35:24.352491,0,4294,1.0,1,0.7
2025-09-12T13:35:24.857840,0,4294,1.0,1,1.5
2025-09-12T13:35:25.363161,0,4294,1.0,1,0.7
2025-09-12T13:35:25.868498,0,4294,1.0,1,2.0
2025-09-12T13:35:26.373833,0,4294,1.0,1,1.5
2025-09-12T13:35:26.879229,0,4294,1.0,1,1.2
2025-09-12T13:35:27.383187,0,4294,1.0,1,1.4
2025-09-12T13:35:27.888600,0,4294,1.0,1,2.5
2025-09-12T13:35:28.393937,0,4294,1.0,1,1.7
2025-09-12T13:35:28.899274,0,4294,1.0,1,1.7
2025-09-12T13:35:29.404600,0,4294,1.0,1,1.0
2025-09-12T13:35:29.909945,0,4294,1.0,1,1.2
2025-09-12T13:35:30.411674,0,4294,1.0,1,1.2
2025-09-12T13:35:30.916793,0,4294,1.0,1,2.2
2025-09-12T13:35:31.422135,0,4294,1.0,1,1.2
2025-09-12T13:35:31.927487,0,4294,1.0,1,1.0
2025-09-12T13:35:32.428503,0,4294,1.0,1,0.8
2025-09-12T13:35:32.933847,0,4294,1.0,1,1.7
2025-09-12T13:35:33.436510,0,4294,1.0,1,0.7
2025-09-12T13:35:33.937882,0,4294,1.0,1,1.7
2025-09-12T13:35:34.443200,0,4294,1.0,1,0.2
2025-09-12T13:35:34.948515,0,4294,1.0,1,1.5
2025-09-12T13:35:35.453837,0,4294,1.0,1,0.7
2025-09-12T13:35:35.959171,0,4294,1.0,1,1.7
2025-09-12T13:35:36.463136,0,4294,1.0,1,1.7
2025-09-12T13:35:36.968496,0,4294,1.0,1,2.0
2025-09-12T13:35:37.473859,0,4294,1.0,1,1.2
2025-09-12T13:35:37.978155,0,4294,1.0,1,1.7
2025-09-12T13:35:38.483486,0,4294,1.0,1,0.7
2025-09-12T13:35:38.988040,0,4294,1.0,1,2.0
2025-09-12T13:35:39.489959,0,4294,1.0,1,1.0
2025-09-12T13:35:39.995299,0,4294,1.0,1,1.0
2025-09-12T13:35:40.500691,0,4294,1.0,1,1.5
2025-09-12T13:35:41.003717,0,4294,1.0,1,0.7
2025-09-12T13:35:41.509049,0,4294,1.0,1,0.7
2025-09-12T13:35:42.012647,0,4294,1.0,1,1.5
2025-09-12T13:35:42.517992,0,4294,1.0,1,1.2
2025-09-12T13:35:43.020311,0,4294,1.0,1,2.5
2025-09-12T13:35:43.525689,0,4294,1.0,1,1.5
2025-09-12T13:35:44.031040,0,4294,1.0,1,0.7
2025-09-12T13:35:44.536379,0,4294,1.0,1,0.5
2025-09-12T13:35:45.041707,0,4294,1.0,1,3.2
2025-09-12T13:35:45.542471,0,4294,1.0,1,1.0
2025-09-12T13:35:46.047852,0,4294,1.0,1,1.2
2025-09-12T13:35:46.553236,0,4294,1.0,1,1.0
2025-09-12T13:35:47.055452,0,4294,1.0,1,2.0
2025-09-12T13:35:47.560773,0,4294,1.0,1,1.0
2025-09-12T13:35:48.066041,0,4294,1.0,1,15.5
2025-09-12T13:35:48.568692,0,4294,1.0,1,7.4
2025-09-12T13:35:49.074035,0,4294,1.0,1,1.0
2025-09-12T13:35:49.579364,0,4294,1.0,1,1.0
2025-09-12T13:35:50.084755,0,4294,1.0,1,5.2
2025-09-12T13:35:50.589453,0,4294,1.0,1,1.0
2025-09-12T13:35:51.094820,0,4294,1.0,1,3.5
2025-09-12T13:35:51.596703,0,4294,1.0,1,1.5
2025-09-12T13:35:52.097204,0,4294,1.0,1,1.3
2025-09-12T13:35:52.599551,0,4294,1.0,1,1.0
2025-09-12T13:35:53.101269,0,4294,1.0,1,1.5
2025-09-12T13:35:53.603913,0,4294,1.0,1,1.5
2025-09-12T13:35:54.109288,0,4294,1.0,1,1.7
2025-09-12T13:35:54.610147,0,4294,1.0,1,1.0
2025-09-12T13:35:55.115482,0,4294,1.0,1,1.2
2025-09-12T13:35:55.618172,0,4294,1.0,1,0.3
2025-09-12T13:35:56.123508,0,4294,1.0,1,1.0
2025-09-12T13:35:56.628885,0,4294,1.0,1,1.2
2025-09-12T13:35:57.132806,0,4294,1.0,1,3.3
2025-09-12T13:35:57.638215,0,4294,1.0,1,1.5
2025-09-12T13:35:58.139021,0,4294,1.0,1,1.5
2025-09-12T13:35:58.643942,0,4294,1.0,1,2.7
2025-09-12T13:35:59.148928,0,4294,1.0,1,3.0
2025-09-12T13:35:59.654313,0,4294,1.0,1,0.7
2025-09-12T13:36:00.158134,0,4294,1.0,1,2.7
2025-09-12T13:36:00.663514,0,4294,1.0,1,1.2
2025-09-12T13:36:01.165470,0,4294,1.0,1,1.2
2025-09-12T13:36:01.670885,0,4294,1.0,1,1.0
2025-09-12T13:36:02.171657,0,4294,1.0,1,5.0
2025-09-12T13:36:02.677217,0,4294,1.0,1,1.2
2025-09-12T13:36:03.182549,0,4294,1.0,1,1.5
2025-09-12T13:36:03.687941,0,4294,1.0,1,1.5
2025-09-12T13:36:04.193289,0,4294,1.0,1,1.5
2025-09-12T13:36:04.695586,0,4294,1.0,1,1.0
2025-09-12T13:36:05.196898,0,4294,1.0,1,0.7
2025-09-12T13:36:05.701722,0,4294,1.0,1,0.7
2025-09-12T13:36:06.207080,0,4294,1.0,1,1.5
2025-09-12T13:36:06.712434,0,4294,1.0,1,1.5
2025-09-12T13:36:07.213158,0,4294,1.0,1,1.5
2025-09-12T13:36:07.718498,0,4294,1.0,1,1.5
2025-09-12T13:36:08.221694,0,4294,1.0,1,2.0
2025-09-12T13:36:08.722323,0,4294,1.0,1,1.8
2025-09-12T13:36:09.223741,0,4294,1.0,1,0.7
2025-09-12T13:36:09.728286,0,4294,1.0,1,1.2
2025-09-12T13:36:10.233651,0,4294,1.0,1,1.5
2025-09-12T13:36:10.737071,0,4294,1.0,1,1.7
2025-09-12T13:36:11.242425,0,4294,1.0,1,0.5
2025-09-12T13:36:11.747020,0,4294,1.0,1,1.0
2025-09-12T13:36:12.252358,0,4294,1.0,1,1.0
2025-09-12T13:36:12.757704,0,4294,1.0,1,1.0
2025-09-12T13:36:13.261465,0,4294,1.0,1,1.2
2025-09-12T13:36:13.762393,0,4294,1.0,1,1.8
2025-09-12T13:36:14.267762,0,4294,1.0,1,1.5
2025-09-12T13:36:14.773119,0,4294,1.0,1,1.0
2025-09-12T13:36:15.278453,0,4294,1.0,1,1.2
2025-09-12T13:36:15.783749,0,4294,1.0,1,1.0
2025-09-12T13:36:16.289071,0,4294,1.0,1,0.7
2025-09-12T13:36:16.794441,0,4294,1.0,1,5.4
2025-09-12T13:36:17.299811,0,4294,1.0,1,1.2
2025-09-12T13:36:17.802231,0,4294,1.0,1,4.0
2025-09-12T13:36:18.307760,0,4294,1.0,1,5.3
2025-09-12T13:36:18.813861,0,4294,1.0,1,2.5
2025-09-12T13:36:19.316289,0,4294,1.0,1,2.5
2025-09-12T13:36:19.821551,0,4294,1.0,1,3.7
2025-09-12T13:36:20.323458,0,4294,1.0,1,1.0
2025-09-12T13:36:20.828836,0,4294,1.0,1,0.7
2025-09-12T13:36:21.334207,0,4294,1.0,1,2.2
2025-09-12T13:36:21.838407,0,4294,1.0,1,1.0
2025-09-12T13:36:22.343759,0,4294,1.0,1,0.2
2025-09-12T13:36:22.849110,0,4294,1.0,1,1.2
2025-09-12T13:36:23.350293,0,4294,1.0,1,18.7
2025-09-12T13:36:23.853143,0,4294,1.0,1,1.7
2025-09-12T13:36:24.354908,0,4294,1.0,1,3.2
2025-09-12T13:36:24.857273,0,4294,1.0,1,1.7
2025-09-12T13:36:25.358204,0,4294,1.0,1,0.7
2025-09-12T13:36:25.864561,0,4294,1.0,1,1.0
2025-09-12T13:36:26.369246,0,4294,1.0,1,1.7
2025-09-12T13:36:26.879572,0,4294,1.0,1,8.3
2025-09-12T13:36:27.384521,0,4294,1.0,1,9.7
2025-09-12T13:36:27.894937,0,4294,1.0,1,1.7
2025-09-12T13:36:28.396901,0,4294,1.0,1,3.7
2025-09-12T13:36:28.907151,0,4294,1.0,1,2.0
2025-09-12T13:36:29.411299,0,4294,1.0,1,0.7
2025-09-12T13:36:29.912642,0,4294,1.0,1,1.0
2025-09-12T13:36:30.423011,0,4294,1.0,1,1.7
2025-09-12T13:36:30.926677,0,4294,1.0,1,0.5
2025-09-12T13:36:31.430966,0,4294,1.0,1,0.7
2025-09-12T13:36:31.939981,0,4294,1.0,1,1.2
2025-09-12T13:36:32.445981,0,4294,1.0,1,1.2
2025-09-12T13:36:32.956318,0,4294,1.0,1,1.2
2025-09-12T13:36:33.461235,0,4294,1.0,1,1.5
2025-09-12T13:36:33.970118,0,4294,1.0,1,0.7
2025-09-12T13:36:34.478700,0,4294,1.0,1,1.0
2025-09-12T13:36:34.979336,0,4294,1.0,1,1.0
2025-09-12T13:36:35.480595,0,4294,1.0,1,0.7
2025-09-12T13:36:35.981828,0,4294,1.0,1,1.7
2025-09-12T13:36:36.492172,0,4294,1.0,1,2.2
2025-09-12T13:36:37.002519,0,4294,1.0,1,0.7
2025-09-12T13:36:37.512859,0,4294,1.0,1,0.5
2025-09-12T13:36:38.020596,0,4294,1.0,1,2.2
2025-09-12T13:36:38.530942,0,4294,1.0,1,1.2
2025-09-12T13:36:39.032742,0,4294,1.0,1,1.5
2025-09-12T13:36:39.543076,0,4294,1.0,1,0.7
2025-09-12T13:36:40.052134,0,4294,1.0,1,0.5
2025-09-12T13:36:40.552523,0,4294,1.0,1,1.0
2025-09-12T13:36:41.062866,0,4294,1.0,1,2.0
2025-09-12T13:36:41.573203,0,4294,1.0,1,1.5
2025-09-12T13:36:42.083531,0,4294,1.0,1,0.7
2025-09-12T13:36:42.593854,0,4294,1.0,1,0.5
2025-09-12T13:36:43.095985,0,4294,1.0,1,2.0
2025-09-12T13:36:43.603493,0,4294,1.0,1,7.7
2025-09-12T13:36:44.104878,0,4294,1.0,1,13.3
2025-09-12T13:36:44.606052,0,4294,1.0,1,0.7
2025-09-12T13:36:45.107491,0,4294,1.0,1,2.8
2025-09-12T13:36:45.614243,0,4294,1.0,1,1.2
2025-09-12T13:36:46.124625,0,4294,1.0,1,3.9
2025-09-12T13:36:46.627536,0,4294,1.0,1,3.7
2025-09-12T13:36:47.132380,0,4294,1.0,1,1.2
2025-09-12T13:36:47.642706,0,4294,1.0,1,0.7
2025-09-12T13:36:48.153033,0,4294,1.0,1,22.7
2025-09-12T13:36:48.654595,0,4294,1.0,1,1.0
2025-09-12T13:36:49.164939,0,4294,1.0,1,4.2
2025-09-12T13:36:49.666866,0,4294,1.0,1,1.2
2025-09-12T13:36:50.177234,0,4294,1.0,1,6.6
2025-09-12T13:36:50.680964,0,4294,1.0,1,1.7
2025-09-12T13:36:51.185014,0,4294,1.0,1,1.0
2025-09-12T13:36:51.695352,0,4294,1.0,1,3.2
2025-09-12T13:36:52.205966,0,4294,1.0,1,1.0
2025-09-12T13:36:52.713517,0,4294,1.0,1,1.2
2025-09-12T13:36:53.220735,0,4294,1.0,1,3.5
2025-09-12T13:36:53.731128,0,4294,1.0,1,15.0
2025-09-12T13:36:54.232675,0,4294,1.0,1,6.0
2025-09-12T13:36:54.740467,0,4294,1.0,1,7.4
2025-09-12T13:36:55.246325,0,4294,1.0,1,2.7
2025-09-12T13:36:55.747840,0,4294,1.0,1,1.5
2025-09-12T13:36:56.258187,0,4294,1.0,1,1.2
2025-09-12T13:36:56.768583,0,4294,1.0,1,1.2
2025-09-12T13:36:57.272940,0,4294,1.0,1,3.5
2025-09-12T13:36:57.779627,0,4294,1.0,1,1.6
2025-09-12T13:36:58.290003,0,4294,1.0,1,1.5
2025-09-12T13:36:58.790724,0,4294,1.0,1,5.5
2025-09-12T13:36:59.294191,0,4294,1.0,1,1.2
2025-09-12T13:36:59.804550,0,4294,1.0,1,2.2
2025-09-12T13:37:00.309721,0,4294,1.0,1,5.4
2025-09-12T13:37:00.814615,0,4294,1.0,1,1.2
2025-09-12T13:37:01.319349,0,4294,1.0,1,2.0
2025-09-12T13:37:01.829695,0,4294,1.0,1,1.5
2025-09-12T13:37:02.340028,0,4294,1.0,1,0.7
2025-09-12T13:37:02.847114,0,4294,1.0,1,1.5
2025-09-12T13:37:03.350403,0,4294,1.0,1,1.0
2025-09-12T13:37:03.855048,0,4294,1.0,1,1.2
2025-09-12T13:37:04.365368,0,4294,1.0,1,0.2
2025-09-12T13:37:04.869449,0,4294,1.0,1,19.3
2025-09-12T13:37:05.379865,0,4294,1.0,1,11.2
2025-09-12T13:37:05.890216,0,4294,1.0,1,1.0
2025-09-12T13:37:06.400613,0,4294,1.0,1,1.5
2025-09-12T13:37:06.901175,0,4294,1.0,1,1.3
2025-09-12T13:37:07.411532,0,4294,1.0,1,1.5
2025-09-12T13:37:07.921851,0,4294,1.0,1,1.2
2025-09-12T13:37:08.425024,0,4294,1.0,1,1.2
2025-09-12T13:37:08.935379,0,4294,1.0,1,1.5
2025-09-12T13:37:09.443771,0,4294,1.0,1,1.0
2025-09-12T13:37:09.945089,0,4294,1.0,1,1.2
2025-09-12T13:37:10.455468,0,4294,1.0,1,2.0
2025-09-12T13:37:10.965820,0,4294,1.0,1,1.2
2025-09-12T13:37:11.470527,0,4294,1.0,1,1.0
2025-09-12T13:37:11.980884,0,4294,1.0,1,1.0
2025-09-12T13:37:12.483410,0,4294,1.0,1,1.0
2025-09-12T13:37:12.993744,0,4294,1.0,1,1.5
2025-09-12T13:37:13.503071,0,4294,1.0,1,1.2
2025-09-12T13:37:14.009865,0,4294,1.0,1,1.0
2025-09-12T13:37:14.516025,0,4294,1.0,1,0.7
2025-09-12T13:37:15.026349,0,4294,1.0,1,1.7
2025-09-12T13:37:15.529485,0,4294,1.0,1,23.9
2025-09-12T13:37:16.039868,0,4294,1.0,1,14.6
2025-09-12T13:37:16.542588,0,4294,1.0,1,1.0
2025-09-12T13:37:17.052930,0,4294,1.0,1,1.2
2025-09-12T13:37:17.561898,0,4294,1.0,1,0.7
2025-09-12T13:37:18.071152,0,4294,1.0,1,3.2
2025-09-12T13:37:18.574190,0,4294,1.0,1,0.7
2025-09-12T13:37:19.075873,0,4294,1.0,1,1.2
2025-09-12T13:37:19.582570,0,4294,1.0,1,2.7
2025-09-12T13:37:20.083922,0,4294,1.0,1,1.5
2025-09-12T13:37:20.588646,0,4294,1.0,1,0.5
2025-09-12T13:37:21.095658,0,4294,1.0,1,1.0
2025-09-12T13:37:21.606007,0,4294,1.0,1,2.4
2025-09-12T13:37:22.116352,0,4294,1.0,1,0.7
2025-09-12T13:37:22.626693,0,4294,1.0,1,1.0
2025-09-12T13:37:23.137043,0,4294,1.0,1,6.1
2025-09-12T13:37:23.647885,0,4294,1.0,1,4.6
2025-09-12T13:37:24.148484,0,4294,1.0,1,0.5
2025-09-12T13:37:24.649276,0,4294,1.0,1,1.0
2025-09-12T13:37:25.159482,0,4294,1.0,1,0.7
2025-09-12T13:37:25.669814,0,4294,1.0,1,1.0
2025-09-12T13:37:26.180144,0,4294,1.0,1,0.5
2025-09-12T13:37:26.686625,0,4294,1.0,1,1.0
2025-09-12T13:37:27.196945,0,4294,1.0,1,4.4
2025-09-12T13:37:27.707340,0,4294,1.0,1,2.2
2025-09-12T13:37:28.217704,0,4294,1.0,1,2.4
2025-09-12T13:37:28.722897,0,4294,1.0,1,4.0
2025-09-12T13:37:29.233237,0,4294,1.0,1,2.2
2025-09-12T13:37:29.743391,0,4294,1.0,1,1.7
2025-09-12T13:37:30.253101,0,4294,1.0,1,1.0
2025-09-12T13:37:30.762839,0,4294,1.0,1,2.0
2025-09-12T13:37:31.272599,0,4294,1.0,1,1.5
2025-09-12T13:37:31.777368,0,4294,1.0,1,1.5
2025-09-12T13:37:32.280540,0,4294,1.0,1,1.2
2025-09-12T13:37:32.789987,0,4294,1.0,1,1.0
2025-09-12T13:37:33.299838,0,4294,1.0,1,2.2
2025-09-12T13:37:33.808167,0,4294,1.0,1,0.7
2025-09-12T13:37:34.318064,0,4294,1.0,1,1.0
2025-09-12T13:37:34.826116,0,4294,1.0,1,1.2
2025-09-12T13:37:35.335505,0,4294,1.0,1,0.5
2025-09-12T13:37:35.839172,0,4294,1.0,1,2.7
2025-09-12T13:37:36.346320,0,4294,1.0,1,2.0
2025-09-12T13:37:36.849954,0,4294,1.0,1,1.5
2025-09-12T13:37:37.350701,0,4294,1.0,1,1.0
2025-09-12T13:37:37.851814,0,4294,1.0,1,1.0
2025-09-12T13:37:38.361755,0,4294,1.0,1,2.7
2025-09-12T13:37:38.871759,0,4294,1.0,1,1.7
2025-09-12T13:37:39.379628,0,4294,1.0,1,1.2
2025-09-12T13:37:39.889649,0,4294,1.0,1,1.0
2025-09-12T13:37:40.394068,0,4294,1.0,1,1.0
2025-09-12T13:37:40.898796,0,4294,1.0,1,1.2
2025-09-12T13:37:41.401449,0,4294,1.0,1,0.7
2025-09-12T13:37:41.907813,0,4294,1.0,1,0.7
2025-09-12T13:37:42.414230,0,4294,1.0,1,1.2
2025-09-12T13:37:42.920479,0,4294,1.0,1,1.5
2025-09-12T13:37:43.428206,0,4294,1.0,1,1.2
2025-09-12T13:37:43.938177,0,4294,1.0,1,1.7
2025-09-12T13:37:44.445146,0,4294,1.0,1,1.0
2025-09-12T13:37:44.946223,0,4294,1.0,1,1.7
2025-09-12T13:37:45.447318,0,4294,1.0,1,0.8
2025-09-12T13:37:45.948899,0,4294,1.0,1,1.0
2025-09-12T13:37:46.458999,0,4294,1.0,1,1.2
2025-09-12T13:37:46.965474,0,4294,1.0,1,1.5
2025-09-12T13:37:47.466247,0,4294,1.0,1,1.0
2025-09-12T13:37:47.976454,0,4294,1.0,1,9.5
2025-09-12T13:37:48.487398,0,4294,1.0,1,1.2
2025-09-12T13:37:48.992559,0,4294,1.0,1,1.2
2025-09-12T13:37:49.493912,0,4294,1.0,1,4.7
2025-09-12T13:37:49.994457,0,4294,1.0,1,1.3
2025-09-12T13:37:50.497516,0,4294,1.0,1,0.7
2025-09-12T13:37:51.007743,0,4294,1.0,1,2.2
2025-09-12T13:37:51.509055,0,4294,1.0,1,1.3
2025-09-12T13:37:52.019306,0,4294,1.0,1,1.0
2025-09-12T13:37:52.527423,0,4294,1.0,1,1.5
2025-09-12T13:37:53.037637,0,4294,1.0,1,4.2
2025-09-12T13:37:53.547881,0,4294,1.0,1,1.2
2025-09-12T13:37:54.057704,0,4294,1.0,1,1.7
2025-09-12T13:37:54.558828,0,4294,1.0,1,1.0
2025-09-12T13:37:55.069040,0,4294,1.0,1,1.5
2025-09-12T13:37:55.579234,0,4294,1.0,1,1.2
2025-09-12T13:37:56.083826,0,4294,1.0,1,0.7
2025-09-12T13:37:56.585958,0,4294,1.0,1,1.0
2025-09-12T13:37:57.096261,0,4294,1.0,1,4.2
2025-09-12T13:37:57.598116,0,4294,1.0,1,2.2
2025-09-12T13:37:58.104702,0,4294,1.0,1,2.1
2025-09-12T13:37:58.614946,0,4294,1.0,1,1.0
2025-09-12T13:37:59.125226,0,4294,1.0,1,3.4
2025-09-12T13:37:59.626510,0,4294,1.0,1,1.0
2025-09-12T13:38:00.136779,0,4294,1.0,1,3.2
2025-09-12T13:38:00.637776,0,4294,1.0,1,3.3
2025-09-12T13:38:01.148549,0,4294,1.0,1,0.7
2025-09-12T13:38:01.658797,0,4294,1.0,1,1.0
2025-09-12T13:38:02.169051,0,4294,1.0,1,0.7
2025-09-12T13:38:02.674932,0,4294,1.0,1,1.0
2025-09-12T13:38:03.181184,0,4294,1.0,1,1.5
2025-09-12T13:38:03.682465,0,4294,1.0,1,1.0
2025-09-12T13:38:04.189038,0,4294,1.0,1,1.5
2025-09-12T13:38:04.696300,0,4294,1.0,1,0.7
2025-09-12T13:38:05.206605,0,4294,1.0,1,0.7
2025-09-12T13:38:05.716900,0,4294,1.0,1,1.0
2025-09-12T13:38:06.226884,0,4294,1.0,1,0.7
2025-09-12T13:38:06.733132,0,4294,1.0,1,2.2
2025-09-12T13:38:07.243414,0,4294,1.0,1,1.2
2025-09-12T13:38:07.745987,0,4294,1.0,1,0.5
2025-09-12T13:38:08.248937,0,4294,1.0,1,2.0
2025-09-12T13:38:08.752766,0,4294,1.0,1,1.2
2025-09-12T13:38:09.263022,0,4294,1.0,1,0.7
2025-09-12T13:38:09.773281,0,4294,1.0,1,0.7
2025-09-12T13:38:10.283558,0,4294,1.0,1,1.0
2025-09-12T13:38:10.790992,0,4294,1.0,1,1.2
2025-09-12T13:38:11.296324,0,4294,1.0,1,1.5
2025-09-12T13:38:11.798953,0,4294,1.0,1,1.7
2025-09-12T13:38:12.307972,0,4294,1.0,1,1.2
2025-09-12T13:38:12.811172,0,4294,1.0,1,1.0
2025-09-12T13:38:13.313535,0,4294,1.0,1,2.2
2025-09-12T13:38:13.823822,0,4294,1.0,1,1.0
2025-09-12T13:38:14.334113,0,4294,1.0,1,0.7
2025-09-12T13:38:14.844406,0,4294,1.0,1,0.7
2025-09-12T13:38:15.352134,0,4294,1.0,1,1.0
2025-09-12T13:38:15.860081,0,4294,1.0,1,0.5
2025-09-12T13:38:16.370394,0,4294,1.0,1,1.2
2025-09-12T13:38:16.880700,0,4294,1.0,1,1.9
2025-09-12T13:38:17.391029,0,4294,1.0,1,0.2
2025-09-12T13:38:17.901349,0,4294,1.0,1,3.4
2025-09-12T13:38:18.406548,0,4294,1.0,1,1.0
2025-09-12T13:38:18.907807,0,4294,1.0,1,1.2
2025-09-12T13:38:19.409045,0,4294,1.0,1,2.5
2025-09-12T13:38:19.919385,0,4294,1.0,1,1.2
2025-09-12T13:38:20.429700,0,4294,1.0,1,1.0
2025-09-12T13:38:20.940032,0,4294,1.0,1,2.2
2025-09-12T13:38:21.441167,0,4294,1.0,1,1.3
2025-09-12T13:38:21.951485,0,4294,1.0,1,1.0
2025-09-12T13:38:22.461823,0,4294,1.0,1,0.7
2025-09-12T13:38:22.971671,0,4294,1.0,1,1.7
2025-09-12T13:38:23.478319,0,4294,1.0,1,3.7
2025-09-12T13:38:23.988649,0,4294,1.0,1,1.7
2025-09-12T13:38:24.496989,0,4294,1.0,1,1.0
2025-09-12T13:38:25.007302,0,4294,1.0,1,0.5
2025-09-12T13:38:25.517642,0,4294,1.0,1,0.2
2025-09-12T13:38:26.022167,0,4294,1.0,1,1.0
2025-09-12T13:38:26.532494,0,4294,1.0,1,1.5
2025-09-12T13:38:27.035571,0,4294,1.0,1,1.5
2025-09-12T13:38:27.545948,0,4294,1.0,1,3.7
2025-09-12T13:38:28.047540,0,4294,1.0,1,2.9
2025-09-12T13:38:28.550144,0,4294,1.0,1,1.2
2025-09-12T13:38:29.054418,0,4294,1.0,1,2.2
2025-09-12T13:38:29.564745,0,4294,1.0,1,1.0
2025-09-12T13:38:30.074395,0,4294,1.0,1,0.7
2025-09-12T13:38:30.584721,0,4294,1.0,1,1.2
2025-09-12T13:38:31.095041,0,4294,1.0,1,1.0
2025-09-12T13:38:31.605347,0,4294,1.0,1,1.0
2025-09-12T13:38:32.115684,0,4294,1.0,1,1.7
2025-09-12T13:38:32.623554,0,4294,1.0,1,1.5
2025-09-12T13:38:33.126044,0,4294,1.0,1,1.0
2025-09-12T13:38:33.630150,0,4294,1.0,1,1.0
2025-09-12T13:38:34.140477,0,4294,1.0,1,1.9
2025-09-12T13:38:34.646446,0,4294,1.0,1,0.2
2025-09-12T13:38:35.156762,0,4294,1.0,1,1.0
2025-09-12T13:38:35.667123,0,4294,1.0,1,1.0
2025-09-12T13:38:36.176715,0,4294,1.0,1,0.7
2025-09-12T13:38:36.678033,0,4294,1.0,1,1.0
2025-09-12T13:38:37.188364,0,4294,1.0,1,2.7
2025-09-12T13:38:37.698704,0,4294,1.0,1,1.0
2025-09-12T13:38:38.203641,0,4294,1.0,1,1.5
2025-09-12T13:38:38.710006,0,4294,1.0,1,1.0
2025-09-12T13:38:39.220345,0,4294,1.0,1,1.0
2025-09-12T13:38:39.723358,0,4294,1.0,1,0.5
2025-09-12T13:38:40.232149,0,4294,1.0,1,1.9
2025-09-12T13:38:40.742506,0,4294,1.0,1,1.0
2025-09-12T13:38:41.243163,0,4294,1.0,1,1.5
2025-09-12T13:38:41.749951,0,4294,1.0,1,1.0
2025-09-12T13:38:42.260235,0,4294,1.0,1,0.5
2025-09-12T13:38:42.770584,0,4294,1.0,1,1.5
2025-09-12T13:38:43.280901,0,4294,1.0,1,2.2
2025-09-12T13:38:43.788125,0,4294,1.0,1,1.0
2025-09-12T13:38:44.298444,0,4294,1.0,1,1.0
2025-09-12T13:38:44.808806,0,4294,1.0,1,1.5
2025-09-12T13:38:45.319153,0,4294,1.0,1,1.0
2025-09-12T13:38:45.825950,0,4294,1.0,1,1.0
2025-09-12T13:38:46.331235,0,4294,1.0,1,1.5
2025-09-12T13:38:46.837911,0,4294,1.0,1,0.7
2025-09-12T13:38:47.348232,0,4294,1.0,1,0.5
2025-09-12T13:38:47.850763,0,4294,1.0,1,8.2
2025-09-12T13:38:48.361313,0,4294,1.0,1,1.7
2025-09-12T13:38:48.865318,0,4294,1.0,1,3.0
2025-09-12T13:38:49.371271,0,4294,1.0,1,0.7
2025-09-12T13:38:49.873293,0,4294,1.0,1,1.7
2025-09-12T13:38:50.379362,0,4294,1.0,1,1.5
2025-09-12T13:38:50.885922,0,4294,1.0,1,1.2
2025-09-12T13:38:51.392654,0,4294,1.0,1,1.2
2025-09-12T13:38:51.902994,0,4294,1.0,1,0.7
2025-09-12T13:38:52.413298,0,4294,1.0,1,1.0
2025-09-12T13:38:52.923639,0,4294,1.0,1,2.7
2025-09-12T13:38:53.434002,0,4294,1.0,1,1.7
2025-09-12T13:38:53.943773,0,4294,1.0,1,2.2
2025-09-12T13:38:54.448592,0,4294,1.0,1,0.5
2025-09-12T13:38:54.958940,0,4294,1.0,1,1.0
2025-09-12T13:38:55.466208,0,4294,1.0,1,1.5
2025-09-12T13:38:55.976596,0,4294,1.0,1,1.5
2025-09-12T13:38:56.482078,0,4294,1.0,1,1.0
2025-09-12T13:38:56.992417,0,4294,1.0,1,1.2
2025-09-12T13:38:57.502792,0,4294,1.0,1,3.2
2025-09-12T13:38:58.013143,0,4294,1.0,1,4.8
2025-09-12T13:38:58.517951,0,4294,1.0,1,1.5
2025-09-12T13:38:59.019224,0,4294,1.0,1,3.2
2025-09-12T13:38:59.529464,0,4294,1.0,1,1.0
2025-09-12T13:39:00.039123,0,4294,1.0,1,2.7
2025-09-12T13:39:00.549494,0,4294,1.0,1,2.2
2025-09-12T13:39:01.051082,0,4294,1.0,1,1.5
2025-09-12T13:39:01.561422,0,4294,1.0,1,1.2
2025-09-12T13:39:02.071746,0,4294,1.0,1,1.0
2025-09-12T13:39:02.575304,0,4294,1.0,1,1.2
2025-09-12T13:39:03.077868,0,4294,1.0,1,1.0
2025-09-12T13:39:03.584679,0,4294,1.0,1,6.0
2025-09-12T13:39:04.095004,0,4294,1.0,1,1.7
2025-09-12T13:39:04.597723,0,4294,1.0,1,0.7
2025-09-12T13:39:05.108056,0,4294,1.0,1,2.2
2025-09-12T13:39:05.618379,0,4294,1.0,1,0.2
2025-09-12T13:39:06.128700,0,4294,1.0,1,1.5
2025-09-12T13:39:06.639107,0,4294,1.0,1,1.7
2025-09-12T13:39:07.148402,0,4294,1.0,1,1.5
2025-09-12T13:39:07.654021,0,4294,1.0,1,1.0
2025-09-12T13:39:08.160618,0,4294,1.0,1,2.0
2025-09-12T13:39:08.662008,0,4294,1.0,1,1.8
2025-09-12T13:39:09.169005,0,4294,1.0,1,1.0
2025-09-12T13:39:09.679334,0,4294,1.0,1,0.5
2025-09-12T13:39:10.186839,0,4294,1.0,1,1.5
2025-09-12T13:39:10.693887,0,4294,1.0,1,1.0
2025-09-12T13:39:11.194954,0,4294,1.0,1,1.0
2025-09-12T13:39:11.705316,0,4294,1.0,1,1.2
2025-09-12T13:39:12.213617,0,4294,1.0,1,1.0
2025-09-12T13:39:12.715314,0,4294,1.0,1,1.0
2025-09-12T13:39:13.220842,0,4294,1.0,1,1.7
2025-09-12T13:39:13.722967,0,4294,1.0,1,2.0
2025-09-12T13:39:14.232134,0,4294,1.0,1,1.5
2025-09-12T13:39:14.741987,0,4294,1.0,1,1.2
2025-09-12T13:39:15.243762,0,4294,1.0,1,1.0
2025-09-12T13:39:15.745411,0,4294,1.0,1,1.2
2025-09-12T13:39:16.246480,0,4294,1.0,1,20.3
2025-09-12T13:39:16.749758,0,4294,1.0,1,17.3
2025-09-12T13:39:17.254008,0,4294,1.0,1,0.8
2025-09-12T13:39:17.758743,0,4294,1.0,1,3.2
2025-09-12T13:39:18.267327,0,4294,1.0,1,2.0
2025-09-12T13:39:18.777675,0,4294,1.0,1,1.5
2025-09-12T13:39:19.288000,0,4294,1.0,1,2.9
2025-09-12T13:39:19.798335,0,4294,1.0,1,2.0
2025-09-12T13:39:20.304718,0,4294,1.0,1,0.5
2025-09-12T13:39:20.815093,0,4294,1.0,1,1.0
2025-09-12T13:39:21.323200,0,4294,1.0,1,1.7
2025-09-12T13:39:21.824390,0,4294,1.0,1,1.0
2025-09-12T13:39:22.329739,0,4294,1.0,1,1.0
2025-09-12T13:39:22.840147,0,4294,1.0,1,1.2
2025-09-12T13:39:23.344646,0,4294,1.0,1,20.8
2025-09-12T13:39:23.851382,0,4294,1.0,1,1.7
2025-09-12T13:39:24.353306,0,4294,1.0,1,1.0
2025-09-12T13:39:24.865033,0,4294,1.0,1,1.2
2025-09-12T13:39:25.366030,0,4294,1.0,1,0.5
2025-09-12T13:39:25.867377,0,4294,1.0,1,2.0
2025-09-12T13:39:26.373959,0,4294,1.0,1,0.7
2025-09-12T13:39:26.884094,0,4294,1.0,1,1.0
2025-09-12T13:39:27.385703,0,4294,1.0,1,3.5
2025-09-12T13:39:27.892863,0,4294,1.0,1,4.2
2025-09-12T13:39:28.403176,0,4294,1.0,1,2.3
2025-09-12T13:39:28.913507,0,4294,1.0,1,1.2
2025-09-12T13:39:29.417711,0,4294,1.0,1,2.0
2025-09-12T13:39:29.920744,0,4294,1.0,1,0.7
2025-09-12T13:39:30.428367,0,4294,1.0,1,1.0
2025-09-12T13:39:30.938721,0,4294,1.0,1,2.4
2025-09-12T13:39:31.446433,0,4294,1.0,1,1.0
2025-09-12T13:39:31.954323,0,4294,1.0,1,1.5
2025-09-12T13:39:32.459343,0,4294,1.0,1,1.7
2025-09-12T13:39:32.970094,0,4294,1.0,1,1.5
2025-09-12T13:39:33.476526,0,4294,1.0,1,2.0
2025-09-12T13:39:33.984145,0,4294,1.0,1,0.7
2025-09-12T13:39:34.486096,0,4294,1.0,1,1.5
2025-09-12T13:39:34.996457,0,4294,1.0,1,1.2
2025-09-12T13:39:35.504758,0,4294,1.0,1,1.5
2025-09-12T13:39:36.015103,0,4294,1.0,1,1.0
2025-09-12T13:39:36.525450,0,4294,1.0,1,1.2
2025-09-12T13:39:37.027695,0,4294,1.0,1,1.7
2025-09-12T13:39:37.538021,0,4294,1.0,1,1.2
2025-09-12T13:39:38.048346,0,4294,1.0,1,1.7
2025-09-12T13:39:38.558715,0,4294,1.0,1,2.0
2025-09-12T13:39:39.069043,0,4294,1.0,1,2.2
2025-09-12T13:39:39.579372,0,4294,1.0,1,1.0
2025-09-12T13:39:40.089685,0,4294,1.0,1,1.2
2025-09-12T13:39:40.593406,0,4294,1.0,1,0.5
2025-09-12T13:39:41.103719,0,4294,1.0,1,1.0
2025-09-12T13:39:41.614104,0,4294,1.0,1,1.5
2025-09-12T13:39:42.118035,0,4294,1.0,1,0.8
2025-09-12T13:39:42.628356,0,4294,1.0,1,1.2
2025-09-12T13:39:43.138671,0,4294,1.0,1,1.2
2025-09-12T13:39:43.649009,0,4294,1.0,1,12.1
2025-09-12T13:39:44.155447,0,4294,1.0,1,1.5
2025-09-12T13:39:44.665787,0,4294,1.0,1,1.0
2025-09-12T13:39:45.172455,0,4294,1.0,1,3.2
2025-09-12T13:39:45.682860,0,4294,1.0,1,0.7
2025-09-12T13:39:46.187471,0,4294,1.0,1,1.5
2025-09-12T13:39:46.694117,0,4294,1.0,1,1.0
2025-09-12T13:39:47.204450,0,4294,1.0,1,1.2
2025-09-12T13:39:47.712642,0,4294,1.0,1,3.9
2025-09-12T13:39:48.223308,0,4294,1.0,1,9.6
2025-09-12T13:39:48.733713,0,4294,1.0,1,0.7
2025-09-12T13:39:49.243852,0,4294,1.0,1,6.9
2025-09-12T13:39:49.744847,0,4294,1.0,1,1.2
2025-09-12T13:39:50.246336,0,4294,1.0,1,0.8
2025-09-12T13:39:50.756714,0,4294,1.0,1,1.5
2025-09-12T13:39:51.267067,0,4294,1.0,1,1.0
2025-09-12T13:39:51.768379,0,4294,1.0,1,1.3
2025-09-12T13:39:52.278129,0,4294,1.0,1,1.0
2025-09-12T13:39:52.781573,0,4294,1.0,1,1.2
2025-09-12T13:39:53.291915,0,4294,1.0,1,1.7
2025-09-12T13:39:53.792739,0,4294,1.0,1,3.0
2025-09-12T13:39:54.299597,0,4294,1.0,1,1.2
2025-09-12T13:39:54.810050,0,4294,1.0,1,1.5
2025-09-12T13:39:55.313149,0,4294,1.0,1,1.2
2025-09-12T13:39:55.821524,0,4294,1.0,1,1.7
2025-09-12T13:39:56.326583,0,4294,1.0,1,1.0
2025-09-12T13:39:56.831769,0,4294,1.0,1,1.0
2025-09-12T13:39:57.341004,0,4294,1.0,1,4.2
2025-09-12T13:39:57.846154,0,4294,1.0,1,1.7
2025-09-12T13:39:58.353613,0,4294,1.0,1,1.8
2025-09-12T13:39:58.863994,0,4294,1.0,1,2.9
2025-09-12T13:39:59.374398,0,4294,1.0,1,2.5
2025-09-12T13:39:59.884759,0,4294,1.0,1,2.0
2025-09-12T13:40:00.395926,0,4294,1.0,1,8.4
2025-09-12T13:40:00.906049,0,4294,1.0,1,5.4
2025-09-12T13:40:01.416712,0,4294,1.0,1,3.7
2025-09-12T13:40:01.920863,0,4294,1.0,1,1.7
2025-09-12T13:40:02.422206,0,4294,1.0,1,1.0
2025-09-12T13:40:02.932566,0,4294,1.0,1,1.2
2025-09-12T13:40:03.440857,0,4294,1.0,1,3.0
2025-09-12T13:40:03.951224,0,4294,1.0,1,2.2
2025-09-12T13:40:04.454174,0,4294,1.0,1,4.0
2025-09-12T13:40:04.956262,0,4294,1.0,1,1.7
2025-09-12T13:40:05.460676,0,4294,1.0,1,1.2
2025-09-12T13:40:05.971051,0,4294,1.0,1,2.0
2025-09-12T13:40:06.481363,0,4294,1.0,1,1.5
2025-09-12T13:40:06.991738,0,4294,1.0,1,2.7
2025-09-12T13:40:07.502102,0,4294,1.0,1,1.2
2025-09-12T13:40:08.006468,0,4294,1.0,1,2.2
2025-09-12T13:40:08.515592,0,4294,1.0,1,1.5
2025-09-12T13:40:09.025999,0,4294,1.0,1,1.7
2025-09-12T13:40:09.526944,0,4294,1.0,1,0.7
2025-09-12T13:40:10.027318,0,4294,1.0,1,1.0
2025-09-12T13:40:10.537662,0,4294,1.0,1,1.2
2025-09-12T13:40:11.046293,0,4294,1.0,1,5.4
2025-09-12T13:40:11.547483,0,4294,1.0,1,5.2
2025-09-12T13:40:12.054283,0,4294,1.0,1,2.2
2025-09-12T13:40:12.564601,0,4294,1.0,1,0.7
2025-09-12T13:40:13.072950,0,4294,1.0,1,1.0
2025-09-12T13:40:13.574288,0,4294,1.0,1,1.5
2025-09-12T13:40:14.082359,0,4294,1.0,1,2.9
2025-09-12T13:40:14.587313,0,4294,1.0,1,1.2
2025-09-12T13:40:15.088455,0,4294,1.0,1,6.2
2025-09-12T13:40:15.594469,0,4294,1.0,1,8.4
2025-09-12T13:40:16.102963,0,4294,1.0,1,2.7
2025-09-12T13:40:16.613325,0,4294,1.0,1,1.5
2025-09-12T13:40:17.122794,0,4294,1.0,1,2.7
2025-09-12T13:40:17.627646,0,4294,1.0,1,1.2
2025-09-12T13:40:18.138041,0,4294,1.0,1,11.2
2025-09-12T13:40:18.640984,0,4294,1.0,1,14.7
2025-09-12T13:40:19.147342,0,4294,1.0,1,16.7
2025-09-12T13:40:19.649016,0,4294,1.0,1,15.1
2025-09-12T13:40:20.150303,0,4294,1.0,1,16.7
2025-09-12T13:40:20.660631,0,4294,1.0,1,13.3
2025-09-12T13:40:21.163653,0,4294,1.0,1,16.8
2025-09-12T13:40:21.674043,0,4294,1.0,1,11.8
2025-09-12T13:40:22.177232,0,4294,1.0,1,6.2
2025-09-12T13:40:22.687623,0,4294,1.0,1,1.7
2025-09-12T13:40:23.197920,0,4294,1.0,1,7.4
2025-09-12T13:40:23.708179,0,4294,1.0,1,2.2
2025-09-12T13:40:24.210409,0,4294,1.0,1,6.2
2025-09-12T13:40:24.720698,0,4294,1.0,1,21.7
2025-09-12T13:40:25.231576,0,4294,1.0,1,2.5
2025-09-12T13:40:25.732453,0,4294,1.0,1,1.2
2025-09-12T13:40:26.241879,0,4294,1.0,1,2.2
2025-09-12T13:40:26.742479,0,4294,1.0,1,1.5
2025-09-12T13:40:27.252831,0,4294,1.0,1,5.1
2025-09-12T13:40:27.763243,0,4294,1.0,1,2.0
2025-09-12T13:40:28.268813,0,4294,1.0,1,33.3
2025-09-12T13:40:28.779132,0,4294,1.0,1,5.9
2025-09-12T13:40:29.281006,0,4294,1.0,1,1.8
2025-09-12T13:40:29.791339,0,4294,1.0,1,2.7
2025-09-12T13:40:30.301467,0,4294,1.0,1,7.6
2025-09-12T13:40:30.811787,0,4294,1.0,1,3.7
2025-09-12T13:40:31.322131,0,4294,1.0,1,1.0
2025-09-12T13:40:31.832457,0,4294,1.0,1,1.7
2025-09-12T13:40:32.342794,0,4294,1.0,1,0.7
2025-09-12T13:40:32.843180,0,4294,1.0,1,21.7
2025-09-12T13:40:33.353573,0,4294,1.0,1,2.0
2025-09-12T13:40:33.862445,0,4294,1.0,1,2.2
2025-09-12T13:40:34.363899,0,4294,1.0,1,3.4
2025-09-12T13:40:34.871064,0,4294,1.0,1,2.5
2025-09-12T13:40:35.381441,0,4294,1.0,1,2.2
2025-09-12T13:40:35.891828,0,4294,1.0,1,1.2
2025-09-12T13:40:36.395724,0,4294,1.0,1,2.5
2025-09-12T13:40:36.897059,0,4294,1.0,1,2.0
2025-09-12T13:40:37.399711,0,4294,1.0,1,1.3
2025-09-12T13:40:37.905046,0,4294,1.0,1,3.0
2025-09-12T13:40:38.410752,0,4294,1.0,1,2.0
2025-09-12T13:40:38.918451,0,4294,1.0,1,1.0
2025-09-12T13:40:39.427573,0,4294,1.0,1,1.2
2025-09-12T13:40:39.931723,0,4294,1.0,1,1.5
2025-09-12T13:40:40.433073,0,4294,1.0,1,1.5
2025-09-12T13:40:40.941892,0,4294,1.0,1,10.4
2025-09-12T13:40:41.451836,0,4294,1.0,1,1.7
2025-09-12T13:40:41.958391,0,4294,1.0,1,10.4
2025-09-12T13:40:42.465321,0,4294,1.0,1,0.7
2025-09-12T13:40:42.966183,0,4294,1.0,1,1.2
2025-09-12T13:40:43.467756,0,4294,1.0,1,1.3
2025-09-12T13:40:43.978166,0,4294,1.0,1,2.0
2025-09-12T13:40:44.487118,0,4294,1.0,1,0.5
2025-09-12T13:40:44.993077,0,4294,1.0,1,2.0
2025-09-12T13:40:45.503465,0,4294,1.0,1,1.7
2025-09-12T13:40:46.011772,0,4294,1.0,1,1.5
2025-09-12T13:40:46.522160,0,4294,1.0,1,1.0
2025-09-12T13:40:47.024323,0,4294,1.0,1,1.2
2025-09-12T13:40:47.534682,0,4294,1.0,1,1.7
2025-09-12T13:40:48.038440,0,4294,1.0,1,23.4
2025-09-12T13:40:48.539793,0,4294,1.0,1,2.7
2025-09-12T13:40:49.050169,0,4294,1.0,1,5.6
2025-09-12T13:40:49.554168,0,4294,1.0,1,0.7
2025-09-12T13:40:50.065139,0,4294,1.0,1,1.5
2025-09-12T13:40:50.575470,0,4294,1.0,1,1.0
2025-09-12T13:40:51.085789,0,4294,1.0,1,1.0
2025-09-12T13:40:51.596120,0,4294,1.0,1,1.5
2025-09-12T13:40:52.106474,0,4294,1.0,1,2.9
2025-09-12T13:40:52.616846,0,4294,1.0,1,5.9
2025-09-12T13:40:53.126468,0,4294,1.0,1,2.5
2025-09-12T13:40:53.627832,0,4294,1.0,1,2.5
2025-09-12T13:40:54.130611,0,4294,1.0,1,2.2
2025-09-12T13:40:54.640966,0,4294,1.0,1,2.2
2025-09-12T13:40:55.142502,0,4294,1.0,1,4.0
2025-09-12T13:40:55.643841,0,4294,1.0,1,9.1
2025-09-12T13:40:56.154194,0,4294,1.0,1,3.9
2025-09-12T13:40:56.664547,0,4294,1.0,1,1.5
2025-09-12T13:40:57.174936,0,4294,1.0,1,4.4
2025-09-12T13:40:57.685292,0,4294,1.0,1,1.0
2025-09-12T13:40:58.195625,0,4294,1.0,1,1.7
2025-09-12T13:40:58.701157,0,4294,1.0,1,4.2
2025-09-12T13:40:59.211513,0,4294,1.0,1,1.7
2025-09-12T13:40:59.717500,0,4294,1.0,1,3.4
2025-09-12T13:41:00.220164,0,4294,1.0,1,9.5
2025-09-12T13:41:00.730878,0,4294,1.0,1,2.2
2025-09-12T13:41:01.232732,0,4294,1.0,1,1.7
2025-09-12T13:41:01.734579,0,4294,1.0,1,2.0
2025-09-12T13:41:02.244915,0,4294,1.0,1,2.0
2025-09-12T13:41:02.755316,0,4294,1.0,1,2.0
2025-09-12T13:41:03.259428,0,4294,1.0,1,1.2
2025-09-12T13:41:03.760864,0,4294,1.0,1,3.7
2025-09-12T13:41:04.267910,0,4294,1.0,1,1.2
2025-09-12T13:41:04.768536,0,4294,1.0,1,2.7
2025-09-12T13:41:05.278883,0,4294,1.0,1,1.0
2025-09-12T13:41:05.789215,0,4294,1.0,1,1.9
2025-09-12T13:41:06.299559,0,4294,1.0,1,0.7
2025-09-12T13:41:06.801275,0,4294,1.0,1,2.7
2025-09-12T13:41:07.311617,0,4294,1.0,1,1.7
2025-09-12T13:41:07.821983,0,4294,1.0,1,3.2
2025-09-12T13:41:08.326571,0,4294,1.0,1,1.0
2025-09-12T13:41:08.829325,0,4294,1.0,1,3.0
2025-09-12T13:41:09.334523,0,4294,1.0,1,0.7
2025-09-12T13:41:09.835716,0,4294,1.0,1,1.0
2025-09-12T13:41:10.341374,0,4294,1.0,1,1.0
2025-09-12T13:41:10.851698,0,4294,1.0,1,1.0
2025-09-12T13:41:11.356622,0,4294,1.0,1,1.2
2025-09-12T13:41:11.866958,0,4294,1.0,1,1.5
2025-09-12T13:41:12.376322,0,4294,1.0,1,1.5
2025-09-12T13:41:12.886638,0,4294,1.0,1,2.2
2025-09-12T13:41:13.390391,0,4294,1.0,1,1.7
2025-09-12T13:41:13.900725,0,4294,1.0,1,2.7
2025-09-12T13:41:14.406460,0,4294,1.0,1,1.0
2025-09-12T13:41:14.907918,0,4294,1.0,1,2.7
2025-09-12T13:41:15.414627,0,4294,1.0,1,1.2
2025-09-12T13:41:15.924983,0,4294,1.0,1,1.5
2025-09-12T13:41:16.435280,0,4294,1.0,1,6.6
2025-09-12T13:41:16.945672,0,4294,1.0,1,16.2
2025-09-12T13:41:17.446664,0,4294,1.0,1,31.6
2025-09-12T13:41:17.953273,0,4294,1.0,1,4.7
2025-09-12T13:41:18.463642,0,4294,1.0,1,4.4
2025-09-12T13:41:18.966488,0,4294,1.0,1,1.7
2025-09-12T13:41:19.476931,0,4294,1.0,1,4.2
2025-09-12T13:41:19.987279,0,4294,1.0,1,1.0
2025-09-12T13:41:20.497598,0,4294,1.0,1,0.5
2025-09-12T13:41:21.007956,0,4294,1.0,1,1.0
2025-09-12T13:41:21.513442,0,4294,1.0,1,2.5
2025-09-12T13:41:22.023306,0,4294,1.0,1,1.2
2025-09-12T13:41:22.533713,0,4294,1.0,1,5.9
2025-09-12T13:41:23.041298,0,4294,1.0,1,2.0
2025-09-12T13:41:23.551810,0,4294,1.0,1,5.4
2025-09-12T13:41:24.062186,0,4294,1.0,1,2.9
2025-09-12T13:41:24.572044,0,4294,1.0,1,3.9
2025-09-12T13:41:25.082412,0,4294,1.0,1,3.4
2025-09-12T13:41:25.592775,0,4294,1.0,1,2.5
2025-09-12T13:41:26.095963,0,4294,1.0,1,3.0
2025-09-12T13:41:26.606339,0,4294,1.0,1,6.4
2025-09-12T13:41:27.116742,0,4294,1.0,1,5.7
2025-09-12T13:41:27.617475,0,4294,1.0,1,25.3
2025-09-12T13:41:28.131528,0,4294,1.0,1,51.1
2025-09-12T13:41:28.639717,0,4294,1.0,1,0.0
2025-09-12T13:41:29.142009,0,4294,1.0,1,45.2
2025-09-12T13:41:29.643747,0,4294,1.0,1,44.0
2025-09-12T13:41:30.146003,0,4294,1.0,1,35.8
2025-09-12T13:41:30.651494,0,4294,1.0,1,36.7
2025-09-12T13:41:31.154955,0,4294,1.0,1,18.8
2025-09-12T13:41:31.660536,0,4294,1.0,1,21.9
2025-09-12T13:41:32.166009,0,4294,1.0,1,30.6
2025-09-12T13:41:32.671405,0,4294,1.0,1,10.0
2025-09-12T13:41:33.174000,0,4294,1.0,1,12.2
2025-09-12T13:41:33.679362,0,4294,1.0,1,6.5
2025-09-12T13:41:34.184751,0,4294,1.0,1,2.5
2025-09-12T13:41:34.690115,0,4294,1.0,1,3.2
2025-09-12T13:41:35.195485,0,4294,1.0,1,2.5
2025-09-12T13:41:35.700508,0,4294,1.0,1,6.2
2025-09-12T13:41:36.205809,0,4294,1.0,1,2.7
2025-09-12T13:41:36.709943,0,4294,1.0,1,2.7
2025-09-12T13:41:37.213337,0,4294,1.0,1,5.7
2025-09-12T13:41:37.719183,0,4294,1.0,1,11.9
2025-09-12T13:41:38.222295,0,4294,1.0,1,4.7
2025-09-12T13:41:38.727700,0,4294,1.0,1,2.2
2025-09-12T13:41:39.231446,0,4294,1.0,1,1.5
2025-09-12T13:41:39.732756,0,4294,1.0,1,4.0
2025-09-12T13:41:40.238104,0,4294,1.0,1,3.7
2025-09-12T13:41:40.742004,0,4294,1.0,1,1.2
2025-09-12T13:41:41.244311,0,4294,1.0,1,1.2
2025-09-12T13:41:41.749686,0,4294,1.0,1,1.7
2025-09-12T13:41:42.255042,0,4294,1.0,1,1.7
2025-09-12T13:41:42.760376,0,4294,1.0,1,1.5
2025-09-12T13:41:43.265681,0,4294,1.0,1,1.5
2025-09-12T13:41:43.771044,0,4294,1.0,1,3.5
2025-09-12T13:41:44.276824,0,4294,1.0,1,4.2
2025-09-12T13:41:44.781713,0,4294,1.0,1,1.0
2025-09-12T13:41:45.286033,0,4294,1.0,1,1.5
2025-09-12T13:41:45.787360,0,4294,1.0,1,2.0
2025-09-12T13:41:46.288681,0,4294,1.0,1,2.7
2025-09-12T13:41:46.790686,0,4294,1.0,1,1.3
2025-09-12T13:41:47.296084,0,4294,1.0,1,1.5
2025-09-12T13:41:47.801643,0,4294,1.0,1,15.3
2025-09-12T13:41:48.302858,0,4294,1.0,1,13.6
2025-09-12T13:41:48.808202,0,4294,1.0,1,22.9
2025-09-12T13:41:49.313563,0,4294,1.0,1,17.8
2025-09-12T13:41:49.816093,0,4294,1.0,1,13.2
2025-09-12T13:41:50.320685,0,4294,1.0,1,3.2
2025-09-12T13:41:50.822177,0,4294,1.0,1,3.7
2025-09-12T13:41:51.323342,0,4294,1.0,1,10.7
2025-09-12T13:41:51.828594,0,4294,1.0,1,1.7
2025-09-12T13:41:52.331428,0,4294,1.0,1,1.7
2025-09-12T13:41:52.836844,0,4294,1.0,1,3.2
2025-09-12T13:41:53.341564,0,4294,1.0,1,1.7
2025-09-12T13:41:53.846912,0,4294,1.0,1,6.5
2025-09-12T13:41:54.351121,0,4294,1.0,1,1.7
2025-09-12T13:41:54.853116,0,4294,1.0,1,3.0
2025-09-12T13:41:55.358668,0,4294,1.0,1,2.5
2025-09-12T13:41:55.864054,0,4294,1.0,1,5.4
2025-09-12T13:41:56.369477,0,4294,1.0,1,6.5
2025-09-12T13:41:56.874948,0,4294,1.0,1,6.0
2025-09-12T13:41:57.380356,0,4294,1.0,1,9.6
2025-09-12T13:41:57.883374,0,4294,1.0,1,1.7
2025-09-12T13:41:58.388763,0,4294,1.0,1,2.2
2025-09-12T13:41:58.893832,0,4294,1.0,1,9.5
2025-09-12T13:41:59.398149,0,4294,1.0,1,1.7
2025-09-12T13:41:59.903515,0,4294,1.0,1,3.0
2025-09-12T13:42:00.408870,0,4294,1.0,1,5.4
2025-09-12T13:42:00.909740,0,4294,1.0,1,4.5
2025-09-12T13:42:01.414142,0,4294,1.0,1,1.8
2025-09-12T13:42:01.915438,0,4294,1.0,1,1.0
2025-09-12T13:42:02.416810,0,4294,1.0,1,1.0
2025-09-12T13:42:02.922163,0,4294,1.0,1,1.5
2025-09-12T13:42:03.427545,0,4294,1.0,1,1.5
2025-09-12T13:42:03.932883,0,4294,1.0,1,4.5
2025-09-12T13:42:04.438218,0,4294,1.0,1,1.0
2025-09-12T13:42:04.939526,0,4294,1.0,1,1.0
2025-09-12T13:42:05.441664,0,4294,1.0,1,2.2
2025-09-12T13:42:05.947024,0,4294,1.0,1,0.2
2025-09-12T13:42:06.452387,0,4294,1.0,1,2.0
2025-09-12T13:42:06.957735,0,4294,1.0,1,1.2
2025-09-12T13:42:07.462136,0,4294,1.0,1,1.2
2025-09-12T13:42:07.967472,0,4294,1.0,1,1.2
2025-09-12T13:42:08.470972,0,4294,1.0,1,1.2
2025-09-12T13:42:08.976353,0,4294,1.0,1,1.7
2025-09-12T13:42:09.478194,0,4294,1.0,1,1.2
2025-09-12T13:42:09.983575,0,4294,1.0,1,3.7
2025-09-12T13:42:10.489810,0,4294,1.0,1,1.5
2025-09-12T13:42:10.996322,0,4294,1.0,1,2.2
2025-09-12T13:42:11.501703,0,4294,1.0,1,3.7
2025-09-12T13:42:12.002812,0,4294,1.0,1,2.0
2025-09-12T13:42:12.508142,0,4294,1.0,1,1.2
2025-09-12T13:42:13.009066,0,4294,1.0,1,0.7
2025-09-12T13:42:13.510212,0,4294,1.0,1,1.0
2025-09-12T13:42:14.015593,0,4294,1.0,1,3.0
2025-09-12T13:42:14.520929,0,4294,1.0,1,1.2
2025-09-12T13:42:15.026276,0,4294,1.0,1,1.7
2025-09-12T13:42:15.531617,0,4294,1.0,1,1.0
2025-09-12T13:42:16.033061,0,4294,1.0,1,1.3
2025-09-12T13:42:16.538420,0,4294,1.0,1,1.7
2025-09-12T13:42:17.043756,0,4294,1.0,1,1.2
2025-09-12T13:42:17.549087,0,4294,1.0,1,1.5
2025-09-12T13:42:18.054408,0,4294,1.0,1,3.2
2025-09-12T13:42:18.559753,0,4294,1.0,1,1.5
2025-09-12T13:42:19.065083,0,4294,1.0,1,2.0
2025-09-12T13:42:19.568854,0,4294,1.0,1,6.9
2025-09-12T13:42:20.074302,0,4294,1.0,1,2.2
2025-09-12T13:42:20.579626,0,4294,1.0,1,0.7
2025-09-12T13:42:21.084991,0,4294,1.0,1,1.5
2025-09-12T13:42:21.585600,0,4294,1.0,1,1.2
2025-09-12T13:42:22.090945,0,4294,1.0,1,1.0
2025-09-12T13:42:22.596266,0,4294,1.0,1,1.0
2025-09-12T13:42:23.101641,0,4294,1.0,1,2.0
2025-09-12T13:42:23.606999,0,4294,1.0,1,5.0
2025-09-12T13:42:24.112350,0,4294,1.0,1,1.7
2025-09-12T13:42:24.614225,0,4294,1.0,1,0.2
2025-09-12T13:42:25.119559,0,4294,1.0,1,1.5
2025-09-12T13:42:25.624924,0,4294,1.0,1,0.7
2025-09-12T13:42:26.130273,0,4294,1.0,1,2.2
2025-09-12T13:42:26.635626,0,4294,1.0,1,1.0
2025-09-12T13:42:27.136544,0,4294,1.0,1,4.2
2025-09-12T13:42:27.639966,0,4294,1.0,1,1.3
2025-09-12T13:42:28.145295,0,4294,1.0,1,1.2
2025-09-12T13:42:28.650688,0,4294,1.0,1,1.0
2025-09-12T13:42:29.156034,0,4294,1.0,1,2.3
2025-09-12T13:42:29.661403,0,4294,1.0,1,0.7
2025-09-12T13:42:30.166771,0,4294,1.0,1,3.7
2025-09-12T13:42:30.672130,0,4294,1.0,1,0.7
2025-09-12T13:42:31.174252,0,4294,1.0,1,1.7
2025-09-12T13:42:31.679608,0,4294,1.0,1,0.7
2025-09-12T13:42:32.184955,0,4294,1.0,1,1.2
2025-09-12T13:42:32.685442,0,4294,1.0,1,0.7
2025-09-12T13:42:33.190775,0,4294,1.0,1,1.0
2025-09-12T13:42:33.694894,0,4294,1.0,1,1.7
2025-09-12T13:42:34.200393,0,4294,1.0,1,1.5
2025-09-12T13:42:34.705748,0,4294,1.0,1,1.0
2025-09-12T13:42:35.211118,0,4294,1.0,1,1.2
2025-09-12T13:42:35.713722,0,4294,1.0,1,1.5
2025-09-12T13:42:36.219113,0,4294,1.0,1,1.2
2025-09-12T13:42:36.724445,0,4294,1.0,1,2.0
2025-09-12T13:42:37.229123,0,4294,1.0,1,1.0
2025-09-12T13:42:37.731041,0,4294,1.0,1,1.0
2025-09-12T13:42:38.236408,0,4294,1.0,1,1.0
2025-09-12T13:42:38.740408,0,4294,1.0,1,2.2
2025-09-12T13:42:39.245784,0,4294,1.0,1,1.5
2025-09-12T13:42:39.751139,0,4294,1.0,1,1.0
2025-09-12T13:42:40.251636,0,4294,1.0,1,1.0
2025-09-12T13:42:40.757019,0,4294,1.0,1,1.0
2025-09-12T13:42:41.262363,0,4294,1.0,1,1.0
2025-09-12T13:42:41.767695,0,4294,1.0,1,0.7
2025-09-12T13:42:42.273001,0,4294,1.0,1,1.5
2025-09-12T13:42:42.778349,0,4294,1.0,1,1.0
2025-09-12T13:42:43.283716,0,4294,1.0,1,0.5
2025-09-12T13:42:43.789057,0,4294,1.0,1,1.0
2025-09-12T13:42:44.294333,0,4294,1.0,1,2.7
2025-09-12T13:42:44.798210,0,4294,1.0,1,1.5
2025-09-12T13:42:45.302330,0,4294,1.0,1,1.2
2025-09-12T13:42:45.807716,0,4294,1.0,1,1.0
2025-09-12T13:42:46.310356,0,4294,1.0,1,2.5
2025-09-12T13:42:46.811666,0,4294,1.0,1,1.3
2025-09-12T13:42:47.317003,0,4294,1.0,1,1.0
2025-09-12T13:42:47.819910,0,4294,1.0,1,11.2
2025-09-12T13:42:48.325249,0,4294,1.0,1,1.0
2025-09-12T13:42:48.827648,0,4294,1.0,1,1.7
2025-09-12T13:42:49.331455,0,4294,1.0,1,2.0
2025-09-12T13:42:49.835700,0,4294,1.0,1,4.4
2025-09-12T13:42:50.337001,0,4294,1.0,1,1.5
2025-09-12T13:42:50.842360,0,4294,1.0,1,0.7
2025-09-12T13:42:51.347706,0,4294,1.0,1,1.2
2025-09-12T13:42:51.851391,0,4294,1.0,1,0.7
2025-09-12T13:42:52.353029,0,4294,1.0,1,0.7
2025-09-12T13:42:52.857191,0,4294,1.0,1,1.5
2025-09-12T13:42:53.362535,0,4294,1.0,1,2.0
2025-09-12T13:42:53.866729,0,4294,1.0,1,2.2
2025-09-12T13:42:54.369053,0,4294,1.0,1,1.0
2025-09-12T13:42:54.874183,0,4294,1.0,1,1.5
2025-09-12T13:42:55.379517,0,4294,1.0,1,2.0
2025-09-12T13:42:55.884927,0,4294,1.0,1,1.5
2025-09-12T13:42:56.389635,0,4294,1.0,1,1.0
2025-09-12T13:42:56.894993,0,4294,1.0,1,2.5
2025-09-12T13:42:57.398410,0,4294,1.0,1,4.0
2025-09-12T13:42:57.900619,0,4294,1.0,1,1.7
2025-09-12T13:42:58.401664,0,4294,1.0,1,1.5
2025-09-12T13:42:58.907042,0,4294,1.0,1,5.9
2025-09-12T13:42:59.412817,0,4294,1.0,1,1.0
2025-09-12T13:42:59.915696,0,4294,1.0,1,3.0
2025-09-12T13:43:00.420957,0,4294,1.0,1,3.0
2025-09-12T13:43:00.923805,0,4294,1.0,1,3.5
2025-09-12T13:43:01.429169,0,4294,1.0,1,2.2
2025-09-12T13:43:01.934514,0,4294,1.0,1,1.0
2025-09-12T13:43:02.439851,0,4294,1.0,1,0.7
2025-09-12T13:43:02.945187,0,4294,1.0,1,1.2
2025-09-12T13:43:03.447794,0,4294,1.0,1,0.7
2025-09-12T13:43:03.953156,0,4294,1.0,1,2.0
2025-09-12T13:43:04.454421,0,4294,1.0,1,1.5
2025-09-12T13:43:04.959763,0,4294,1.0,1,1.0
2025-09-12T13:43:05.465135,0,4294,1.0,1,1.2
2025-09-12T13:43:05.969122,0,4294,1.0,1,3.0
2025-09-12T13:43:06.470498,0,4294,1.0,1,2.3
2025-09-12T13:43:06.971848,0,4294,1.0,1,1.5
2025-09-12T13:43:07.473562,0,4294,1.0,1,2.0
2025-09-12T13:43:07.978893,0,4294,1.0,1,1.5
2025-09-12T13:43:08.484234,0,4294,1.0,1,1.5
2025-09-12T13:43:08.989628,0,4294,1.0,1,1.0
2025-09-12T13:43:09.494437,0,4294,1.0,1,1.5
2025-09-12T13:43:09.995795,0,4294,1.0,1,4.0
2025-09-12T13:43:10.497115,0,4294,1.0,1,1.3
2025-09-12T13:43:11.002467,0,4294,1.0,1,1.0
2025-09-12T13:43:11.505125,0,4294,1.0,1,1.5
2025-09-12T13:43:12.010513,0,4294,1.0,1,0.2
2025-09-12T13:43:12.513113,0,4294,1.0,1,1.2
2025-09-12T13:43:13.018437,0,4294,1.0,1,1.0
2025-09-12T13:43:13.521166,0,4294,1.0,1,4.7
2025-09-12T13:43:14.022974,0,4294,1.0,1,3.0
2025-09-12T13:43:14.523782,0,4294,1.0,1,1.2
2025-09-12T13:43:15.029099,0,4294,1.0,1,0.7
2025-09-12T13:43:15.534410,0,4294,1.0,1,1.2
2025-09-12T13:43:16.038482,0,4294,1.0,1,1.0
2025-09-12T13:43:16.543827,0,4294,1.0,1,2.0
2025-09-12T13:43:17.046492,0,4294,1.0,1,1.5
2025-09-12T13:43:17.547818,0,4294,1.0,1,2.5
2025-09-12T13:43:18.048873,0,4294,1.0,1,3.0
2025-09-12T13:43:18.553908,0,4294,1.0,1,1.2
2025-09-12T13:43:19.059276,0,4294,1.0,1,1.7
2025-09-12T13:43:19.564631,0,4294,1.0,1,2.5
2025-09-12T13:43:20.070000,0,4294,1.0,1,1.2
2025-09-12T13:43:20.571909,0,4294,1.0,1,2.0
2025-09-12T13:43:21.077311,0,4294,1.0,1,2.0
2025-09-12T13:43:21.579849,0,4294,1.0,1,0.8
2025-09-12T13:43:22.081174,0,4294,1.0,1,2.0
2025-09-12T13:43:22.582506,0,4294,1.0,1,0.8
2025-09-12T13:43:23.087860,0,4294,1.0,1,2.0
2025-09-12T13:43:23.592730,0,4294,1.0,1,3.7
2025-09-12T13:43:24.096766,0,4294,1.0,1,2.5
2025-09-12T13:43:24.598496,0,4294,1.0,1,1.0
2025-09-12T13:43:25.103835,0,4294,1.0,1,1.2
2025-09-12T13:43:25.606538,0,4294,1.0,1,1.0
2025-09-12T13:43:26.111881,0,4294,1.0,1,1.5
2025-09-12T13:43:26.617244,0,4294,1.0,1,0.7
2025-09-12T13:43:27.122579,0,4294,1.0,1,4.7
2025-09-12T13:43:27.627961,0,4294,1.0,1,1.2
2025-09-12T13:43:28.131014,0,4294,1.0,1,2.5
2025-09-12T13:43:28.636341,0,4294,1.0,1,3.2
2025-09-12T13:43:29.141732,0,4294,1.0,1,3.8
2025-09-12T13:43:29.643908,0,4294,1.0,1,0.7
2025-09-12T13:43:30.149299,0,4294,1.0,1,2.9
2025-09-12T13:43:30.654634,0,4294,1.0,1,1.0
2025-09-12T13:43:31.160013,0,4294,1.0,1,3.4
2025-09-12T13:43:31.665218,0,4294,1.0,1,1.2
2025-09-12T13:43:32.170560,0,4294,1.0,1,0.7
2025-09-12T13:43:32.675902,0,4294,1.0,1,0.7
2025-09-12T13:43:33.181236,0,4294,1.0,1,1.2
2025-09-12T13:43:33.686542,0,4294,1.0,1,0.7
2025-09-12T13:43:34.191865,0,4294,1.0,1,1.7
2025-09-12T13:43:34.695945,0,4294,1.0,1,1.5
2025-09-12T13:43:35.201348,0,4294,1.0,1,12.7
2025-09-12T13:43:35.703502,0,4294,1.0,1,7.2
2025-09-12T13:43:36.208868,0,4294,1.0,1,5.4
2025-09-12T13:43:36.709314,0,4294,1.0,1,6.8
2025-09-12T13:43:37.214698,0,4294,1.0,1,5.5
2025-09-12T13:43:37.720073,0,4294,1.0,1,3.2
2025-09-12T13:43:38.225285,0,4294,1.0,1,4.2
2025-09-12T13:43:38.730637,0,4294,1.0,1,4.5
2025-09-12T13:43:39.235982,0,4294,1.0,1,5.2
2025-09-12T13:43:39.741332,0,4294,1.0,1,1.2
2025-09-12T13:43:40.246699,0,4294,1.0,1,1.7
2025-09-12T13:43:40.752053,0,4294,1.0,1,1.2
2025-09-12T13:43:41.257362,0,4294,1.0,1,1.2
2025-09-12T13:43:41.761256,0,4294,1.0,1,1.0
2025-09-12T13:43:42.262110,0,4294,1.0,1,1.0
2025-09-12T13:43:42.767433,0,4294,1.0,1,1.0
2025-09-12T13:43:43.272734,0,4294,1.0,1,0.5
2025-09-12T13:43:43.778045,0,4294,1.0,1,1.0
2025-09-12T13:43:44.283425,0,4294,1.0,1,1.5
2025-09-12T13:43:44.785331,0,4294,1.0,1,1.5
2025-09-12T13:43:45.290664,0,4294,1.0,1,1.0
2025-09-12T13:43:45.793297,0,4294,1.0,1,1.5
2025-09-12T13:43:46.295577,0,4294,1.0,1,15.9
2025-09-12T13:43:46.797695,0,4294,1.0,1,1.2
2025-09-12T13:43:47.302688,0,4294,1.0,1,1.5
2025-09-12T13:43:47.807984,0,4294,1.0,1,6.0
2025-09-12T13:43:48.313311,0,4294,1.0,1,8.9
2025-09-12T13:43:48.817372,0,4294,1.0,1,34.6
2025-09-12T13:43:49.318808,0,4294,1.0,1,50.2
2025-09-12T13:43:49.819889,0,4294,1.0,1,40.5
2025-09-12T13:43:50.325588,0,4294,1.0,1,40.3
2025-09-12T13:43:50.831153,0,4294,1.0,1,51.4
2025-09-12T13:43:51.335343,0,4294,1.0,1,50.1
2025-09-12T13:43:51.840740,0,4294,1.0,1,46.3
2025-09-12T13:43:52.346137,0,4294,1.0,1,32.6
2025-09-12T13:43:52.849466,0,4294,1.0,1,27.9
2025-09-12T13:43:53.354859,0,4294,1.0,1,30.0
2025-09-12T13:43:53.860254,0,4294,1.0,1,31.0
2025-09-12T13:43:54.365653,0,4294,1.0,1,29.9
2025-09-12T13:43:54.871050,0,4294,1.0,1,24.3
2025-09-12T13:43:55.372042,0,4294,1.0,1,15.0
2025-09-12T13:43:55.877398,0,4294,1.0,1,4.0
2025-09-12T13:43:56.380014,0,4294,1.0,1,1.7
2025-09-12T13:43:56.881406,0,4294,1.0,1,1.5
2025-09-12T13:43:57.386779,0,4294,1.0,1,5.2
2025-09-12T13:43:57.892162,0,4294,1.0,1,2.0
2025-09-12T13:43:58.397492,0,4294,1.0,1,1.0
2025-09-12T13:43:58.902855,0,4294,1.0,1,3.2
2025-09-12T13:43:59.408213,0,4294,1.0,1,2.4
2025-09-12T13:43:59.913559,0,4294,1.0,1,1.2
2025-09-12T13:44:00.418954,0,4294,1.0,1,4.9
2025-09-12T13:44:00.923195,0,4294,1.0,1,1.0
2025-09-12T13:44:01.428561,0,4294,1.0,1,1.7
2025-09-12T13:44:01.932047,0,4294,1.0,1,0.7
2025-09-12T13:44:02.433394,0,4294,1.0,1,1.0
2025-09-12T13:44:02.938760,0,4294,1.0,1,0.7
2025-09-12T13:44:03.444100,0,4294,1.0,1,1.0
2025-09-12T13:44:03.949449,0,4294,1.0,1,1.5
2025-09-12T13:44:04.454789,0,4294,1.0,1,1.0
2025-09-12T13:44:04.960187,0,4294,1.0,1,1.5
2025-09-12T13:44:05.462762,0,4294,1.0,1,3.7
2025-09-12T13:44:05.968197,0,4294,1.0,1,9.0
2025-09-12T13:44:06.470525,0,4294,1.0,1,2.3
2025-09-12T13:44:06.975923,0,4294,1.0,1,1.7
2025-09-12T13:44:07.481263,0,4294,1.0,1,1.2
2025-09-12T13:44:07.986585,0,4294,1.0,1,1.2
2025-09-12T13:44:08.491948,0,4294,1.0,1,2.0
2025-09-12T13:44:08.997301,0,4294,1.0,1,1.0
2025-09-12T13:44:09.500105,0,4294,1.0,1,3.0
2025-09-12T13:44:10.002989,0,4294,1.0,1,1.7
2025-09-12T13:44:10.508324,0,4294,1.0,1,0.5
2025-09-12T13:44:11.009457,0,4294,1.0,1,1.3
2025-09-12T13:44:11.512045,0,4294,1.0,1,1.2
2025-09-12T13:44:12.017378,0,4294,1.0,1,0.7
2025-09-12T13:44:12.522704,0,4294,1.0,1,0.7
2025-09-12T13:44:13.028008,0,4294,1.0,1,0.7
2025-09-12T13:44:13.532205,0,4294,1.0,1,1.2
2025-09-12T13:44:14.037231,0,4294,1.0,1,1.0
2025-09-12T13:44:14.540106,0,4294,1.0,1,1.2
2025-09-12T13:44:15.041474,0,4294,1.0,1,0.3
2025-09-12T13:44:15.546800,0,4294,1.0,1,1.2
2025-09-12T13:44:16.052119,0,4294,1.0,1,0.7
2025-09-12T13:44:16.557465,0,4294,1.0,1,1.2
2025-09-12T13:44:17.062803,0,4294,1.0,1,1.2
2025-09-12T13:44:17.568130,0,4294,1.0,1,1.2
2025-09-12T13:44:18.070825,0,4294,1.0,1,2.7
2025-09-12T13:44:18.573501,0,4294,1.0,1,1.2
2025-09-12T13:44:19.078801,0,4294,1.0,1,1.5
2025-09-12T13:44:19.584164,0,4294,1.0,1,3.5
2025-09-12T13:44:20.089522,0,4294,1.0,1,1.0
2025-09-12T13:44:20.594870,0,4294,1.0,1,1.2
2025-09-12T13:44:21.100166,0,4294,1.0,1,1.7
2025-09-12T13:44:21.605528,0,4294,1.0,1,1.5
2025-09-12T13:44:22.108156,0,4294,1.0,1,4.5
2025-09-12T13:44:22.609490,0,4294,1.0,1,1.3
2025-09-12T13:44:23.114836,0,4294,1.0,1,1.7
2025-09-12T13:44:23.620212,0,4294,1.0,1,18.1
2025-09-12T13:44:24.125528,0,4294,1.0,1,1.7
2025-09-12T13:44:24.630852,0,4294,1.0,1,1.2
2025-09-12T13:44:25.136204,0,4294,1.0,1,2.0
2025-09-12T13:44:25.641525,0,4294,1.0,1,1.0
2025-09-12T13:44:26.146878,0,4294,1.0,1,1.0
2025-09-12T13:44:26.652216,0,4294,1.0,1,1.5
2025-09-12T13:44:27.157520,0,4294,1.0,1,4.0
2025-09-12T13:44:27.662890,0,4294,1.0,1,1.5
2025-09-12T13:44:28.166816,0,4294,1.0,1,1.2
2025-09-12T13:44:28.668163,0,4294,1.0,1,1.0
2025-09-12T13:44:29.173225,0,4294,1.0,1,9.1
2025-09-12T13:44:29.676161,0,4294,1.0,1,1.2
2025-09-12T13:44:30.176611,0,4294,1.0,1,2.0
2025-09-12T13:44:30.681942,0,4294,1.0,1,2.0
2025-09-12T13:44:31.185339,0,4294,1.0,1,1.5
2025-09-12T13:44:31.686872,0,4294,1.0,1,1.0
2025-09-12T13:44:32.192219,0,4294,1.0,1,1.2
2025-09-12T13:44:32.695203,0,4294,1.0,1,0.7
2025-09-12T13:44:33.196187,0,4294,1.0,1,0.7
2025-09-12T13:44:33.701543,0,4294,1.0,1,1.5
2025-09-12T13:44:34.202024,0,4294,1.0,1,2.0
2025-09-12T13:44:34.707380,0,4294,1.0,1,1.2
2025-09-12T13:44:35.212717,0,4294,1.0,1,1.2
2025-09-12T13:44:35.715349,0,4294,1.0,1,12.2
2025-09-12T13:44:36.218113,0,4294,1.0,1,33.4
2025-09-12T13:44:36.718541,0,4294,1.0,1,61.8
2025-09-12T13:44:37.224318,0,4294,1.0,1,53.0
2025-09-12T13:44:37.729797,0,4294,1.0,1,75.9
2025-09-12T13:44:38.231919,0,4294,1.0,1,69.6
2025-09-12T13:44:38.733000,0,4294,1.0,1,21.1
2025-09-12T13:44:39.233750,0,4294,1.0,1,16.8
2025-09-12T13:44:39.739176,0,4294,1.0,1,18.0
2025-09-12T13:44:40.244922,0,4294,1.0,1,21.6
2025-09-12T13:44:40.747990,0,4294,1.0,1,12.5
2025-09-12T13:44:41.249582,0,4294,1.0,1,13.0
2025-09-12T13:44:41.754482,0,4294,1.0,1,13.0
2025-09-12T13:44:42.257610,0,4294,1.0,1,13.1
2025-09-12T13:44:42.763009,0,4294,1.0,1,13.1
2025-09-12T13:44:43.268303,0,4294,1.0,1,32.4
2025-09-12T13:44:43.772294,0,4294,1.0,1,22.4
2025-09-12T13:44:44.273003,0,4294,1.0,1,11.7
2025-09-12T13:44:44.778435,0,4294,1.0,1,17.7
2025-09-12T13:44:45.283825,0,4294,1.0,1,10.9
2025-09-12T13:44:45.788295,0,4294,1.0,1,13.2
2025-09-12T13:44:46.289627,0,4294,1.0,1,5.0
2025-09-12T13:44:46.794986,0,4294,1.0,1,3.0
2025-09-12T13:44:47.297129,0,4294,1.0,1,10.5
2025-09-12T13:44:47.799078,0,4294,1.0,1,19.7
2025-09-12T13:44:48.304541,0,4294,1.0,1,13.4
2025-09-12T13:44:48.806928,0,4294,1.0,1,5.4
2025-09-12T13:44:49.308314,0,4294,1.0,1,7.5
2025-09-12T13:44:49.813331,0,4294,1.0,1,3.5
2025-09-12T13:44:50.317817,0,4294,1.0,1,3.0
2025-09-12T13:44:50.823117,0,4294,1.0,1,2.0
2025-09-12T13:44:51.324621,0,4294,1.0,1,2.3
2025-09-12T13:44:51.829882,0,4294,1.0,1,4.0
2025-09-12T13:44:52.332331,0,4294,1.0,1,3.0
2025-09-12T13:44:52.834941,0,4294,1.0,1,3.0
2025-09-12T13:44:53.340660,0,4294,1.0,1,17.3
2025-09-12T13:44:53.841653,0,4294,1.0,1,18.8
2025-09-12T13:44:54.342606,0,4294,1.0,1,16.4
2025-09-12T13:44:54.847998,0,4294,1.0,1,15.3
2025-09-12T13:44:55.353394,0,4294,1.0,1,16.6
2025-09-12T13:44:55.858056,0,4294,1.0,1,15.6
2025-09-12T13:44:56.358590,0,4294,1.0,1,16.7
2025-09-12T13:44:56.860341,0,4294,1.0,1,3.3
2025-09-12T13:44:57.361666,0,4294,1.0,1,12.7
2025-09-12T13:44:57.863800,0,4294,1.0,1,2.0
2025-09-12T13:44:58.369186,0,4294,1.0,1,7.4
2025-09-12T13:44:58.871006,0,4294,1.0,1,4.5
2025-09-12T13:44:59.376383,0,4294,1.0,1,0.0
2025-09-12T13:44:59.878993,0,4294,1.0,1,4.9
2025-09-12T13:45:00.383282,0,4294,1.0,1,8.2
2025-09-12T13:45:00.888897,0,4294,1.0,1,5.0
2025-09-12T13:45:01.394309,0,4294,1.0,1,7.4
2025-09-12T13:45:01.899707,0,4294,1.0,1,6.9
2025-09-12T13:45:02.402172,0,4294,1.0,1,21.4
2025-09-12T13:45:02.907372,0,4294,1.0,1,13.7
2025-09-12T13:45:03.412639,0,4294,1.0,1,15.2
2025-09-12T13:45:03.918045,0,4294,1.0,1,7.0
2025-09-12T13:45:04.423997,0,4294,1.0,1,49.4
2025-09-12T13:45:04.929524,0,4294,1.0,1,19.5
2025-09-12T13:45:05.435130,0,4294,1.0,1,7.2
2025-09-12T13:45:05.938307,0,4294,1.0,1,19.3
2025-09-12T13:45:06.439091,0,4294,1.0,1,18.3
2025-09-12T13:45:06.944512,0,4294,1.0,1,19.8
2025-09-12T13:45:07.449878,0,4294,1.0,1,6.8
2025-09-12T13:45:07.953757,0,4294,1.0,1,9.2
2025-09-12T13:45:08.455072,0,4294,1.0,1,3.0
2025-09-12T13:45:08.959227,0,4294,1.0,1,9.0
2025-09-12T13:45:09.464556,0,4294,1.0,1,9.2
2025-09-12T13:45:09.969960,0,4294,1.0,1,4.0
2025-09-12T13:45:10.475343,0,4294,1.0,1,1.5
2025-09-12T13:45:10.980727,0,4294,1.0,1,2.7
2025-09-12T13:45:11.484406,0,4294,1.0,1,1.5
2025-09-12T13:45:11.985743,0,4294,1.0,1,2.0
2025-09-12T13:45:12.491092,0,4294,1.0,1,1.7
2025-09-12T13:45:12.996479,0,4294,1.0,1,3.0
2025-09-12T13:45:13.499687,0,4294,1.0,1,2.0
2025-09-12T13:45:14.005076,0,4294,1.0,1,2.0
2025-09-12T13:45:14.508453,0,4294,1.0,1,2.7
2025-09-12T13:45:15.011139,0,4294,1.0,1,2.2
2025-09-12T13:45:15.516459,0,4294,1.0,1,9.4
2025-09-12T13:45:16.019997,0,4294,1.0,1,1.3
2025-09-12T13:45:16.525405,0,4294,1.0,1,2.2
2025-09-12T13:45:17.027290,0,4294,1.0,1,2.5
2025-09-12T13:45:17.532427,0,4294,1.0,1,2.0
2025-09-12T13:45:18.036683,0,4294,1.0,1,3.5
2025-09-12T13:45:18.542077,0,4294,1.0,1,2.2
2025-09-12T13:45:19.047462,0,4294,1.0,1,1.5
2025-09-12T13:45:19.551744,0,4294,1.0,1,3.7
2025-09-12T13:45:20.055140,0,4294,1.0,1,3.0
2025-09-12T13:45:20.560496,0,4294,1.0,1,2.0
2025-09-12T13:45:21.065870,0,4294,1.0,1,3.0
2025-09-12T13:45:21.571283,0,4294,1.0,1,2.5
2025-09-12T13:45:22.076702,0,4294,1.0,1,4.2
2025-09-12T13:45:22.577786,0,4294,1.0,1,1.8
2025-09-12T13:45:23.083224,0,4294,1.0,1,2.7
2025-09-12T13:45:23.585787,0,4294,1.0,1,8.3
2025-09-12T13:45:24.087153,0,4294,1.0,1,7.7
2025-09-12T13:45:24.588540,0,4294,1.0,1,6.0
2025-09-12T13:45:25.094355,0,4294,1.0,1,2.2
2025-09-12T13:45:25.596503,0,4294,1.0,1,2.2
2025-09-12T13:45:26.097067,0,4294,1.0,1,3.0
2025-09-12T13:45:26.601217,0,4294,1.0,1,2.0
2025-09-12T13:45:27.105800,0,4294,1.0,1,5.2
2025-09-12T13:45:27.611158,0,4294,1.0,1,1.5
2025-09-12T13:45:28.116566,0,4294,1.0,1,5.9
2025-09-12T13:45:28.619974,0,4294,1.0,1,4.0
2025-09-12T13:45:29.121267,0,4294,1.0,1,8.5
2025-09-12T13:45:29.626634,0,4294,1.0,1,0.0
2025-09-12T13:45:30.131974,0,4294,1.0,1,3.8
2025-09-12T13:45:30.637320,0,4294,1.0,1,2.7
2025-09-12T13:45:31.142695,0,4294,1.0,1,3.0
2025-09-12T13:45:31.648026,0,4294,1.0,1,3.4
2025-09-12T13:45:32.153346,0,4294,1.0,1,5.0
2025-09-12T13:45:32.658744,0,4294,1.0,1,2.5
2025-09-12T13:45:33.164111,0,4294,1.0,1,2.2
2025-09-12T13:45:33.669460,0,4294,1.0,1,1.5
2025-09-12T13:45:34.174831,0,4294,1.0,1,4.2
2025-09-12T13:45:34.679179,0,4294,1.0,1,4.7
2025-09-12T13:45:35.180509,0,4294,1.0,1,2.2
2025-09-12T13:45:35.681864,0,4294,1.0,1,1.3
2025-09-12T13:45:36.183179,0,4294,1.0,1,3.0
2025-09-12T13:45:36.684585,0,4294,1.0,1,2.0
2025-09-12T13:45:37.189920,0,4294,1.0,1,1.5
2025-09-12T13:45:37.695301,0,4294,1.0,1,2.2
2025-09-12T13:45:38.197289,0,4294,1.0,1,3.8
2025-09-12T13:45:38.700547,0,4294,1.0,1,1.0
2025-09-12T13:45:39.206096,0,4294,1.0,1,3.5
2025-09-12T13:45:39.707598,0,4294,1.0,1,3.0
2025-09-12T13:45:40.213035,0,4294,1.0,1,2.7
2025-09-12T13:45:40.717687,0,4294,1.0,1,2.7
2025-09-12T13:45:41.220007,0,4294,1.0,1,2.2
2025-09-12T13:45:41.724968,0,4294,1.0,1,2.5
2025-09-12T13:45:42.230350,0,4294,1.0,1,2.2
2025-09-12T13:45:42.735729,0,4294,1.0,1,1.7
2025-09-12T13:45:43.241102,0,4294,1.0,1,2.2
2025-09-12T13:45:43.744798,0,4294,1.0,1,2.2
2025-09-12T13:45:44.250235,0,4294,1.0,1,1.2
2025-09-12T13:45:44.753362,0,4294,1.0,1,2.5
2025-09-12T13:45:45.258725,0,4294,1.0,1,1.7
2025-09-12T13:45:45.764069,0,4294,1.0,1,1.2
2025-09-12T13:45:46.269421,0,4294,1.0,1,2.2
2025-09-12T13:45:46.774773,0,4294,1.0,1,2.5
2025-09-12T13:45:47.280115,0,4294,1.0,1,1.2
2025-09-12T13:45:47.783196,0,4294,1.0,1,16.2
2025-09-12T13:45:48.286659,0,4294,1.0,1,2.5
2025-09-12T13:45:48.792049,0,4294,1.0,1,2.0
2025-09-12T13:45:49.297464,0,4294,1.0,1,2.0
2025-09-12T13:45:49.802839,0,4294,1.0,1,2.7
2025-09-12T13:45:50.305490,0,4294,1.0,1,1.7
2025-09-12T13:45:50.807264,0,4294,1.0,1,1.5
2025-09-12T13:45:51.309206,0,4294,1.0,1,9.9
2025-09-12T13:45:51.814093,0,4294,1.0,1,18.4
2025-09-12T13:45:52.319458,0,4294,1.0,1,32.1
2025-09-12T13:45:52.824790,0,4294,1.0,1,17.2
2025-09-12T13:45:53.330105,0,4294,1.0,1,9.0
2025-09-12T13:45:53.833592,0,4294,1.0,1,10.2
2025-09-12T13:45:54.336594,0,4294,1.0,1,11.1
2025-09-12T13:45:54.841957,0,4294,1.0,1,8.1
2025-09-12T13:45:55.346225,0,4294,1.0,1,5.7
2025-09-12T13:45:55.847245,0,4294,1.0,1,9.7
2025-09-12T13:45:56.352517,0,4294,1.0,1,22.9
2025-09-12T13:45:56.857757,0,4294,1.0,1,6.5
2025-09-12T13:45:57.363032,0,4294,1.0,1,23.1
2025-09-12T13:45:57.868351,0,4294,1.0,1,3.5
2025-09-12T13:45:58.371119,0,4294,1.0,1,9.5
2025-09-12T13:45:58.876524,0,4294,1.0,1,10.0
2025-09-12T13:45:59.381878,0,4294,1.0,1,6.4
2025-09-12T13:45:59.887372,0,4294,1.0,1,5.4
2025-09-12T13:46:00.392017,0,4294,1.0,1,5.7
2025-09-12T13:46:00.897387,0,4294,1.0,1,4.9
2025-09-12T13:46:01.402360,0,4294,1.0,1,20.0
2025-09-12T13:46:01.907745,0,4294,1.0,1,9.7
2025-09-12T13:46:02.409515,0,4294,1.0,1,2.5
2025-09-12T13:46:02.914018,0,4294,1.0,1,8.6
2025-09-12T13:46:03.419399,0,4294,1.0,1,8.2
2025-09-12T13:46:03.921049,0,4294,1.0,1,4.5
2025-09-12T13:46:04.426309,0,4294,1.0,1,7.9
2025-09-12T13:46:04.930550,0,4294,1.0,1,7.5
2025-09-12T13:46:05.435949,0,4294,1.0,1,7.9
2025-09-12T13:46:05.938288,0,4294,1.0,1,7.8
2025-09-12T13:46:06.443558,0,4294,1.0,1,7.4
2025-09-12T13:46:06.947202,0,4294,1.0,1,6.2
2025-09-12T13:46:07.452565,0,4294,1.0,1,6.2
2025-09-12T13:46:07.957921,0,4294,1.0,1,5.7
2025-09-12T13:46:08.460883,0,4294,1.0,1,5.5
2025-09-12T13:46:08.966183,0,4294,1.0,1,6.2
2025-09-12T13:46:09.471535,0,4294,1.0,1,8.6
2025-09-12T13:46:09.972087,0,4294,1.0,1,7.0
2025-09-12T13:46:10.477381,0,4294,1.0,1,7.0
2025-09-12T13:46:10.982724,0,4294,1.0,1,2.5
2025-09-12T13:46:11.484713,0,4294,1.0,1,5.2
2025-09-12T13:46:11.986310,0,4294,1.0,1,6.5
2025-09-12T13:46:12.491496,0,4294,1.0,1,9.7
2025-09-12T13:46:12.996770,0,4294,1.0,1,6.0
2025-09-12T13:46:13.502100,0,4294,1.0,1,6.0
2025-09-12T13:46:14.007319,0,4294,1.0,1,3.7
2025-09-12T13:46:14.512655,0,4294,1.0,1,11.4
2025-09-12T13:46:15.015298,0,4294,1.0,1,4.5
2025-09-12T13:46:15.520572,0,4294,1.0,1,2.5
2025-09-12T13:46:16.025944,0,4294,1.0,1,2.0
2025-09-12T13:46:16.530466,0,4294,1.0,1,6.0
2025-09-12T13:46:17.033525,0,4294,1.0,1,12.2
2025-09-12T13:46:17.535634,0,4294,1.0,1,19.4
2025-09-12T13:46:18.039389,0,4294,1.0,1,26.6
2025-09-12T13:46:18.544638,0,4294,1.0,1,22.4
2025-09-12T13:46:19.047994,0,4294,1.0,1,19.1
2025-09-12T13:46:19.553709,0,4294,1.0,1,44.4
2025-09-12T13:46:20.058981,0,4294,1.0,1,22.8
2025-09-12T13:46:20.562802,0,4294,1.0,1,13.0
2025-09-12T13:46:21.063418,0,4294,1.0,1,6.2
2025-09-12T13:46:21.569082,0,4294,1.0,1,11.7
2025-09-12T13:46:22.070930,0,4294,1.0,1,43.3
2025-09-12T13:46:22.576332,0,4294,1.0,1,17.3
2025-09-12T13:46:23.081205,0,4294,1.0,1,30.2
2025-09-12T13:46:23.586467,0,4294,1.0,1,33.8
2025-09-12T13:46:24.089612,0,4294,1.0,1,19.0
2025-09-12T13:46:24.594976,0,4294,1.0,1,27.0
2025-09-12T13:46:25.098313,0,4294,1.0,1,23.3
2025-09-12T13:46:25.598910,0,4294,1.0,1,15.4
2025-09-12T13:46:26.101147,0,4294,1.0,1,29.4
2025-09-12T13:46:26.604843,0,4294,1.0,1,33.8
2025-09-12T13:46:27.107737,0,4294,1.0,1,27.4
2025-09-12T13:46:27.612823,0,4294,1.0,1,20.0
2025-09-12T13:46:28.116149,0,4294,1.0,1,9.2
2025-09-12T13:46:28.620799,0,4294,1.0,1,12.7
2025-09-12T13:46:29.127183,0,4294,1.0,1,6.9
2025-09-12T13:46:29.631102,0,4294,1.0,1,20.2
2025-09-12T13:46:30.131928,0,4294,1.0,1,11.0
