timestamp,interval_count,total_count,queue_size,max_queue_size,cpu_percent
2025-09-04T09:30:39.765810,44,44,1.0,1,9.7
2025-09-04T09:30:40.267097,101,145,1.0,1,40.6
2025-09-04T09:30:40.768031,83,228,1.0,1,40.2
2025-09-04T09:30:41.270768,40,268,1.0,1,31.0
2025-09-04T09:30:41.772357,58,326,1.0,1,36.5
2025-09-04T09:30:42.274764,53,379,1.0,1,28.8
2025-09-04T09:30:42.775716,0,379,1.0,1,28.9
2025-09-04T09:30:43.276671,41,420,1.0,1,30.9
2025-09-04T09:30:43.778809,0,420,1.0,1,23.4
2025-09-04T09:30:44.283163,25,445,1.0,1,32.5
2025-09-04T09:30:44.783377,54,499,1.0,1,31.3
2025-09-04T09:30:45.283735,32,531,1.0,1,29.2
2025-09-04T09:30:45.784120,102,633,1.0,1,33.2
2025-09-04T09:30:46.289203,39,672,1.0,1,33.9
2025-09-04T09:30:46.792386,37,709,1.0,1,26.3
2025-09-04T09:30:47.296115,58,767,1.0,1,36.3
2025-09-04T09:30:47.798452,81,848,1.0,1,28.6
2025-09-04T09:30:48.299372,34,882,1.0,1,35.9
2025-09-04T09:30:48.799862,0,882,1.0,1,23.9
2025-09-04T09:30:49.300767,53,935,1.0,1,38.3
2025-09-04T09:30:49.803595,0,935,1.0,1,24.9
2025-09-04T09:30:50.305435,0,935,1.0,1,28.0
2025-09-04T09:30:50.805648,28,963,1.0,1,34.0
2025-09-04T09:30:51.306109,53,1016,1.0,1,33.6
2025-09-04T09:30:51.808078,20,1036,1.0,1,33.5
2025-09-04T09:30:52.309092,0,1036,1.0,1,22.1
2025-09-04T09:30:52.819296,0,1036,1.0,1,25.4
2025-09-04T09:30:53.324447,0,1036,1.0,1,22.9
2025-09-04T09:30:53.829545,0,1036,1.0,1,20.6
2025-09-04T09:30:54.332328,0,1036,1.0,1,21.1
2025-09-04T09:30:54.838332,9,1045,1.0,1,34.9
2025-09-04T09:30:55.365610,86,1131,1.0,1,48.5
2025-09-04T09:30:55.870122,139,1270,1.0,1,41.5
2025-09-04T09:30:56.370905,0,1270,1.0,1,37.3
2025-09-04T09:30:56.872587,0,1270,1.0,1,20.3
2025-09-04T09:30:57.377693,1,1271,1.0,1,22.6
2025-09-04T09:30:57.882190,12,1283,1.0,1,29.2
2025-09-04T09:30:58.382680,10,1293,1.0,1,27.0
2025-09-04T09:30:58.884352,3,1296,1.0,1,27.0
2025-09-04T09:30:59.384899,5,1301,1.0,1,48.6
2025-09-04T09:30:59.885485,0,1301,1.0,1,24.0
2025-09-04T09:31:00.386107,0,1301,1.0,1,36.6
2025-09-04T09:31:00.886531,0,1301,1.0,1,26.4
2025-09-04T09:31:01.387219,1,1302,1.0,1,26.9
2025-09-04T09:31:01.888309,104,1406,1.0,1,47.0
2025-09-04T09:31:02.392081,22,1428,1.0,1,30.8
2025-09-04T09:31:02.892941,0,1428,1.0,1,28.1
2025-09-04T09:31:03.394268,0,1428,1.0,1,29.2
2025-09-04T09:31:03.898611,0,1428,1.0,1,24.7
2025-09-04T09:31:04.402039,0,1428,1.0,1,38.9
2025-09-04T09:31:04.905353,0,1428,1.0,1,45.0
2025-09-04T09:31:05.415360,35,1463,1.0,1,59.0
2025-09-04T09:31:05.916268,81,1544,1.0,1,71.1
2025-09-04T09:31:06.417129,44,1588,1.0,1,57.8
2025-09-04T09:31:06.920719,1,1589,1.0,1,44.3
2025-09-04T09:31:07.421018,0,1589,1.0,1,20.6
2025-09-04T09:31:07.926107,0,1589,1.0,1,25.1
2025-09-04T09:31:08.431192,0,1589,1.0,1,28.7
2025-09-04T09:31:08.932441,0,1589,1.0,1,21.3
2025-09-04T09:31:09.437545,0,1589,1.0,1,27.4
2025-09-04T09:31:09.940152,0,1589,1.0,1,28.7
2025-09-04T09:31:10.440838,0,1589,1.0,1,22.6
2025-09-04T09:31:10.945943,0,1589,1.0,1,23.0
2025-09-04T09:31:11.460841,4,1593,1.0,1,29.8
2025-09-04T09:31:11.964891,6,1599,1.0,1,39.6
2025-09-04T09:31:12.465909,3,1602,1.0,1,37.2
2025-09-04T09:31:12.967090,0,1602,1.0,1,23.4
2025-09-04T09:31:13.469352,0,1602,1.0,1,22.4
2025-09-04T09:31:13.971149,0,1602,1.0,1,31.7
2025-09-04T09:31:14.476252,0,1602,1.0,1,24.7
2025-09-04T09:31:14.976472,0,1602,1.0,1,33.9
2025-09-04T09:31:15.476949,0,1602,1.0,1,32.8
2025-09-04T09:31:15.979026,0,1602,1.0,1,33.7
2025-09-04T09:31:16.479536,1,1603,1.0,1,35.7
2025-09-04T09:31:16.982906,2,1605,1.0,1,24.1
2025-09-04T09:31:17.485952,35,1640,1.0,1,34.0
2025-09-04T09:31:17.988216,50,1690,1.0,1,29.6
2025-09-04T09:31:18.492204,73,1763,1.0,1,35.0
2025-09-04T09:31:18.992561,0,1763,1.0,1,24.3
2025-09-04T09:31:19.496691,4,1767,1.0,1,21.6
2025-09-04T09:31:20.001790,2,1769,1.0,1,28.9
2025-09-04T09:31:20.502241,16,1785,1.0,1,24.6
2025-09-04T09:31:21.009454,40,1825,1.0,1,27.6
2025-09-04T09:31:21.513435,65,1890,1.0,1,30.8
2025-09-04T09:31:22.015552,42,1932,1.0,1,26.8
2025-09-04T09:31:22.517447,13,1945,1.0,1,29.7
2025-09-04T09:31:23.021663,0,1945,1.0,1,21.5
2025-09-04T09:31:23.529535,0,1945,1.0,1,20.9
2025-09-04T09:31:24.031489,0,1945,1.0,1,24.7
2025-09-04T09:31:24.532054,0,1945,1.0,1,21.6
2025-09-04T09:31:25.032544,0,1945,1.0,1,20.6
2025-09-04T09:31:25.532996,0,1945,1.0,1,26.8
2025-09-04T09:31:26.033252,0,1945,1.0,1,22.4
2025-09-04T09:31:26.533703,0,1945,1.0,1,21.3
2025-09-04T09:31:27.034349,0,1945,1.0,1,25.8
2025-09-04T09:31:27.534859,0,1945,1.0,1,21.0
2025-09-04T09:31:28.035237,0,1945,1.0,1,20.2
2025-09-04T09:31:28.545770,7,1952,1.0,1,26.5
2025-09-04T09:31:29.049240,0,1952,1.0,1,23.0
2025-09-04T09:31:29.554333,1,1953,1.0,1,22.5
2025-09-04T09:31:30.057954,1,1954,1.0,1,20.6
2025-09-04T09:31:30.561336,0,1954,1.0,1,27.4
2025-09-04T09:31:31.061539,0,1954,1.0,1,20.3
2025-09-04T09:31:31.565910,1,1955,1.0,1,20.9
2025-09-04T09:31:32.067186,1,1956,1.0,1,28.5
2025-09-04T09:31:32.567859,1,1957,1.0,1,19.5
2025-09-04T09:31:33.070436,2,1959,1.0,1,20.1
2025-09-04T09:31:33.571372,0,1959,1.0,1,27.8
2025-09-04T09:31:34.072448,0,1959,1.0,1,20.6
2025-09-04T09:31:34.572599,2,1961,1.0,1,21.7
2025-09-04T09:31:35.076402,2,1963,1.0,1,21.0
2025-09-04T09:31:35.576554,1,1964,1.0,1,27.7
2025-09-04T09:31:36.079155,5,1969,1.0,1,22.2
2025-09-04T09:31:36.582639,3,1972,1.0,1,24.8
2025-09-04T09:31:37.087738,0,1972,1.0,1,28.5
2025-09-04T09:31:37.589637,0,1972,1.0,1,20.4
2025-09-04T09:31:38.089759,0,1972,1.0,1,21.0
2025-09-04T09:31:38.590267,0,1972,1.0,1,27.5
2025-09-04T09:31:39.091724,0,1972,1.0,1,21.3
2025-09-04T09:31:39.596816,0,1972,1.0,1,22.3
2025-09-04T09:31:40.099333,0,1972,1.0,1,27.3
2025-09-04T09:31:40.599940,0,1972,1.0,1,23.0
2025-09-04T09:31:41.101387,0,1972,1.0,1,21.1
2025-09-04T09:31:41.601541,0,1972,1.0,1,23.4
2025-09-04T09:31:42.102296,0,1972,1.0,1,27.1
2025-09-04T09:31:42.607206,0,1972,1.0,1,24.2
2025-09-04T09:31:43.109895,8,1980,1.0,1,42.5
2025-09-04T09:31:43.610707,72,2052,1.0,1,42.7
2025-09-04T09:31:44.111004,24,2076,1.0,1,44.5
2025-09-04T09:31:44.611413,0,2076,1.0,1,24.4
2025-09-04T09:31:45.111885,0,2076,1.0,1,20.4
2025-09-04T09:31:45.612072,0,2076,1.0,1,26.4
2025-09-04T09:31:46.117188,0,2076,1.0,1,21.6
2025-09-04T09:31:46.617516,0,2076,1.0,1,21.2
2025-09-04T09:31:47.122620,0,2076,1.0,1,20.7
2025-09-04T09:31:47.627723,0,2076,1.0,1,27.8
2025-09-04T09:31:48.132690,1,2077,1.0,1,19.9
2025-09-04T09:31:48.634640,0,2077,1.0,1,22.6
2025-09-04T09:31:49.138662,0,2077,1.0,1,26.3
2025-09-04T09:31:49.640379,0,2077,1.0,1,21.3
2025-09-04T09:31:50.141017,0,2077,1.0,1,22.1
2025-09-04T09:31:50.646103,0,2077,1.0,1,27.2
2025-09-04T09:31:51.151378,0,2077,1.0,1,21.4
2025-09-04T09:31:51.651841,0,2077,1.0,1,20.7
2025-09-04T09:31:52.152903,0,2077,1.0,1,26.4
2025-09-04T09:31:52.653328,1,2078,1.0,1,26.7
2025-09-04T09:31:53.155392,48,2126,1.0,1,42.6
2025-09-04T09:31:53.659868,178,2304,1.0,1,41.2
2025-09-04T09:31:54.164229,48,2352,1.0,1,32.2
2025-09-04T09:31:54.664344,54,2406,1.0,1,27.3
2025-09-04T09:31:55.167289,67,2473,1.0,1,34.5
2025-09-04T09:31:55.667932,33,2506,1.0,1,24.8
2025-09-04T09:31:56.168285,39,2545,1.0,1,32.7
2025-09-04T09:31:56.669367,0,2545,1.0,1,21.9
2025-09-04T09:31:57.172759,0,2545,1.0,1,21.3
2025-09-04T09:31:57.677483,0,2545,1.0,1,26.8
2025-09-04T09:31:58.177582,0,2545,1.0,1,18.8
2025-09-04T09:31:58.681945,17,2562,1.0,1,23.5
2025-09-04T09:31:59.186858,22,2584,1.0,1,27.7
2025-09-04T09:31:59.687547,49,2633,1.0,1,28.2
2025-09-04T09:32:00.192174,88,2721,1.0,1,35.5
2025-09-04T09:32:00.697269,0,2721,1.0,1,23.4
2025-09-04T09:32:01.204061,43,2764,1.0,1,35.1
2025-09-04T09:32:01.704630,82,2846,1.0,1,31.1
2025-09-04T09:32:02.204791,36,2882,1.0,1,31.9
2025-09-04T09:32:02.706044,9,2891,1.0,1,24.9
2025-09-04T09:32:03.206220,49,2940,1.0,1,29.2
2025-09-04T09:32:03.711304,62,3002,1.0,1,34.3
2025-09-04T09:32:04.214019,78,3080,1.0,1,29.0
2025-09-04T09:32:04.714328,37,3117,1.0,1,32.7
2025-09-04T09:32:05.214447,1,3118,1.0,1,22.5
2025-09-04T09:32:05.715480,0,3118,1.0,1,29.9
2025-09-04T09:32:06.215623,0,3118,1.0,1,21.4
2025-09-04T09:32:06.716094,0,3118,1.0,1,20.4
2025-09-04T09:32:07.218794,0,3118,1.0,1,26.1
2025-09-04T09:32:07.720669,0,3118,1.0,1,22.6
2025-09-04T09:32:08.221229,0,3118,1.0,1,20.9
2025-09-04T09:32:08.724109,0,3118,1.0,1,20.4
2025-09-04T09:32:09.224656,0,3118,1.0,1,25.9
2025-09-04T09:32:09.729770,0,3118,1.0,1,20.7
2025-09-04T09:32:10.230649,0,3118,1.0,1,19.7
2025-09-04T09:32:10.731800,0,3118,1.0,1,29.3
2025-09-04T09:32:11.233930,0,3118,1.0,1,20.9
2025-09-04T09:32:11.734217,0,3118,1.0,1,20.9
2025-09-04T09:32:12.245867,0,3118,1.0,1,24.6
2025-09-04T09:32:12.749511,0,3118,1.0,1,25.4
2025-09-04T09:32:13.254619,0,3118,1.0,1,21.7
2025-09-04T09:32:13.755659,0,3118,1.0,1,20.4
2025-09-04T09:32:14.256134,0,3118,1.0,1,27.3
2025-09-04T09:32:14.756272,0,3118,1.0,1,20.9
2025-09-04T09:32:15.261379,0,3118,1.0,1,21.9
2025-09-04T09:32:15.766479,0,3118,1.0,1,27.0
2025-09-04T09:32:16.267366,0,3118,1.0,1,23.6
2025-09-04T09:32:16.767819,3,3121,1.0,1,35.3
2025-09-04T09:32:17.268040,5,3126,1.0,1,38.0
2025-09-04T09:32:17.768298,2,3128,1.0,1,24.0
2025-09-04T09:32:18.268765,0,3128,1.0,1,27.5
2025-09-04T09:32:18.769032,0,3128,1.0,1,22.9
2025-09-04T09:32:19.269995,10,3138,1.0,1,22.3
2025-09-04T09:32:19.770276,54,3192,1.0,1,40.1
2025-09-04T09:32:20.271002,23,3215,1.0,1,23.4
2025-09-04T09:32:20.771446,67,3282,1.0,1,37.8
2025-09-04T09:32:21.276532,82,3364,1.0,1,28.5
2025-09-04T09:32:21.777180,0,3364,1.0,1,28.3
2025-09-04T09:32:22.281849,27,3391,1.0,1,20.8
2025-09-04T09:32:22.782631,117,3508,1.0,1,40.4
2025-09-04T09:32:23.292418,128,3636,1.0,1,39.2
2025-09-04T09:32:23.796725,88,3724,1.0,1,39.1
2025-09-04T09:32:24.299287,30,3754,1.0,1,27.3
2025-09-04T09:32:24.799461,3,3757,1.0,1,27.7
2025-09-04T09:32:25.299683,42,3799,1.0,1,30.3
2025-09-04T09:32:25.803019,20,3819,1.0,1,29.6
2025-09-04T09:32:26.303155,39,3858,1.0,1,28.0
2025-09-04T09:32:26.803533,88,3946,1.0,1,36.0
2025-09-04T09:32:27.305051,26,3972,1.0,1,23.5
2025-09-04T09:32:27.813368,4,3976,1.0,1,30.8
2025-09-04T09:32:28.316254,1,3977,1.0,1,23.1
2025-09-04T09:32:28.820660,72,4049,1.0,1,33.2
2025-09-04T09:32:29.321632,73,4122,1.0,1,34.8
2025-09-04T09:32:29.821785,80,4202,1.0,1,29.4
2025-09-04T09:32:30.326965,53,4255,1.0,1,37.1
2025-09-04T09:32:30.827115,97,4352,1.0,1,29.7
2025-09-04T09:32:31.330615,117,4469,1.0,1,38.5
2025-09-04T09:32:31.834710,65,4534,1.0,1,36.3
2025-09-04T09:32:32.335335,60,4594,1.0,1,32.1
2025-09-04T09:32:32.839657,94,4688,1.0,1,36.1
2025-09-04T09:32:33.339791,81,4769,1.0,1,30.7
2025-09-04T09:32:33.840200,19,4788,1.0,1,23.5
2025-09-04T09:32:34.343569,78,4866,1.0,1,33.6
2025-09-04T09:32:34.844102,62,4928,1.0,1,29.0
2025-09-04T09:32:35.345347,51,4979,1.0,1,34.7
2025-09-04T09:32:35.856703,54,5033,1.0,1,29.7
2025-09-04T09:32:36.366352,115,5148,1.0,1,33.9
2025-09-04T09:32:36.867330,31,5179,1.0,1,31.8
2025-09-04T09:32:37.367625,24,5203,1.0,1,26.9
2025-09-04T09:32:37.879868,71,5274,1.0,1,31.9
2025-09-04T09:32:38.388514,0,5274,1.0,1,23.8
2025-09-04T09:32:38.893611,23,5297,1.0,1,28.9
2025-09-04T09:32:39.393848,9,5306,1.0,1,28.7
2025-09-04T09:32:39.894954,53,5359,1.0,1,25.4
2025-09-04T09:32:40.395670,1,5360,1.0,1,30.7
2025-09-04T09:32:40.896006,1,5361,1.0,1,18.8
2025-09-04T09:32:41.399674,0,5361,1.0,1,21.9
2025-09-04T09:32:41.901612,44,5405,1.0,1,33.2
2025-09-04T09:32:42.405549,1,5406,1.0,1,22.4
2025-09-04T09:32:42.905668,0,5406,1.0,1,23.4
2025-09-04T09:32:43.405863,0,5406,1.0,1,26.9
2025-09-04T09:32:43.906778,0,5406,1.0,1,22.2
2025-09-04T09:32:44.408812,0,5406,1.0,1,20.5
2025-09-04T09:32:44.909758,0,5406,1.0,1,29.1
2025-09-04T09:32:45.410415,8,5414,1.0,1,22.6
2025-09-04T09:32:45.910494,1,5415,1.0,1,22.6
2025-09-04T09:32:46.410823,5,5420,1.0,1,29.5
2025-09-04T09:32:46.915986,0,5420,1.0,1,35.9
2025-09-04T09:32:47.416403,1,5421,1.0,1,29.8
2025-09-04T09:32:47.918407,0,5421,1.0,1,23.8
2025-09-04T09:32:48.423513,0,5421,1.0,1,20.0
2025-09-04T09:32:48.924933,1,5422,1.0,1,27.3
2025-09-04T09:32:49.428184,0,5422,1.0,1,20.6
2025-09-04T09:32:49.929166,25,5447,1.0,1,36.5
2025-09-04T09:32:50.432116,0,5447,1.0,1,35.5
2025-09-04T09:32:50.932879,1,5448,1.0,1,19.6
2025-09-04T09:32:51.434155,0,5448,1.0,1,28.7
2025-09-04T09:32:51.934408,0,5448,1.0,1,18.9
2025-09-04T09:32:52.435069,0,5448,1.0,1,21.6
2025-09-04T09:32:52.944937,0,5448,1.0,1,24.8
2025-09-04T09:32:53.450062,0,5448,1.0,1,22.1
2025-09-04T09:32:53.952830,0,5448,1.0,1,20.4
2025-09-04T09:32:54.457945,0,5448,1.0,1,21.0
2025-09-04T09:32:54.959037,10,5458,1.0,1,36.1
2025-09-04T09:32:55.460434,1,5459,1.0,1,31.7
2025-09-04T09:32:55.961301,0,5459,1.0,1,27.5
2025-09-04T09:32:56.462833,0,5459,1.0,1,21.8
2025-09-04T09:32:56.967976,0,5459,1.0,1,21.4
2025-09-04T09:32:57.470518,8,5467,1.0,1,33.7
2025-09-04T09:32:57.970731,14,5481,1.0,1,22.8
2025-09-04T09:32:58.475835,0,5481,1.0,1,21.7
2025-09-04T09:32:58.980763,1,5482,1.0,1,26.6
2025-09-04T09:32:59.482004,4,5486,1.0,1,19.9
2025-09-04T09:32:59.983630,0,5486,1.0,1,22.4
2025-09-04T09:33:00.484028,0,5486,1.0,1,27.7
2025-09-04T09:33:00.984163,0,5486,1.0,1,22.8
2025-09-04T09:33:01.485185,1,5487,1.0,1,18.7
2025-09-04T09:33:01.986517,0,5487,1.0,1,27.2
2025-09-04T09:33:02.487468,1,5488,1.0,1,20.4
2025-09-04T09:33:02.992562,0,5488,1.0,1,21.6
2025-09-04T09:33:03.497657,1,5489,1.0,1,19.1
2025-09-04T09:33:04.001490,0,5489,1.0,1,26.9
2025-09-04T09:33:04.501952,0,5489,1.0,1,22.3
2025-09-04T09:33:05.003702,0,5489,1.0,1,19.0
2025-09-04T09:33:05.504845,0,5489,1.0,1,28.8
2025-09-04T09:33:06.005387,1,5490,1.0,1,19.9
2025-09-04T09:33:06.507723,0,5490,1.0,1,22.1
2025-09-04T09:33:07.011669,0,5490,1.0,1,18.9
2025-09-04T09:33:07.513747,0,5490,1.0,1,29.5
2025-09-04T09:33:08.018860,1,5491,1.0,1,19.3
2025-09-04T09:33:08.519132,0,5491,1.0,1,20.8
2025-09-04T09:33:09.021089,1,5492,1.0,1,26.0
2025-09-04T09:33:09.526182,0,5492,1.0,1,22.3
2025-09-04T09:33:10.026342,0,5492,1.0,1,20.3
2025-09-04T09:33:10.531430,0,5492,1.0,1,21.7
2025-09-04T09:33:11.034095,1,5493,1.0,1,27.5
2025-09-04T09:33:11.538305,0,5493,1.0,1,19.3
2025-09-04T09:33:12.038903,1,5494,1.0,1,24.1
2025-09-04T09:33:12.544001,0,5494,1.0,1,25.4
2025-09-04T09:33:13.044097,0,5494,1.0,1,23.2
2025-09-04T09:33:13.547645,1,5495,1.0,1,19.0
2025-09-04T09:33:14.048725,0,5495,1.0,1,27.7
2025-09-04T09:33:14.549907,1,5496,1.0,1,20.3
2025-09-04T09:33:15.050088,4,5500,1.0,1,21.9
2025-09-04T09:33:15.550466,0,5500,1.0,1,19.4
2025-09-04T09:33:16.050796,0,5500,1.0,1,28.9
2025-09-04T09:33:16.555929,1,5501,1.0,1,21.3
2025-09-04T09:33:17.057802,0,5501,1.0,1,21.4
2025-09-04T09:33:17.558094,1,5502,1.0,1,26.6
2025-09-04T09:33:18.058540,0,5502,1.0,1,22.2
2025-09-04T09:33:18.563406,2,5504,1.0,1,19.7
2025-09-04T09:33:19.066958,0,5504,1.0,1,27.9
2025-09-04T09:33:19.569773,1,5505,1.0,1,20.6
2025-09-04T09:33:20.070083,0,5505,1.0,1,22.3
2025-09-04T09:33:20.570404,2,5507,1.0,1,20.9
2025-09-04T09:33:21.070849,0,5507,1.0,1,28.1
2025-09-04T09:33:21.571571,1,5508,1.0,1,19.3
2025-09-04T09:33:22.076662,0,5508,1.0,1,21.9
2025-09-04T09:33:22.579302,0,5508,1.0,1,25.9
2025-09-04T09:33:23.083301,0,5508,1.0,1,20.3
2025-09-04T09:33:23.584108,0,5508,1.0,1,21.8
2025-09-04T09:33:24.087147,1,5509,1.0,1,19.1
2025-09-04T09:33:24.588103,0,5509,1.0,1,28.0
2025-09-04T09:33:25.088856,1,5510,1.0,1,20.6
2025-09-04T09:33:25.589595,0,5510,1.0,1,23.0
2025-09-04T09:33:26.093097,1,5511,1.0,1,25.7
2025-09-04T09:33:26.598193,0,5511,1.0,1,22.8
2025-09-04T09:33:27.101251,0,5511,1.0,1,19.4
2025-09-04T09:33:27.601988,0,5511,1.0,1,22.4
2025-09-04T09:33:28.107157,4,5515,1.0,1,24.1
2025-09-04T09:33:28.607368,0,5515,1.0,1,23.9
2025-09-04T09:33:29.107633,0,5515,1.0,1,19.8
2025-09-04T09:33:29.608260,0,5515,1.0,1,28.0
2025-09-04T09:33:30.108884,0,5515,1.0,1,20.3
2025-09-04T09:33:30.614235,0,5515,1.0,1,21.9
2025-09-04T09:33:31.116062,3,5518,1.0,1,30.2
2025-09-04T09:33:31.621165,0,5518,1.0,1,21.3
2025-09-04T09:33:32.121369,1,5519,1.0,1,22.4
2025-09-04T09:33:32.626467,2,5521,1.0,1,19.4
2025-09-04T09:33:33.127640,0,5521,1.0,1,28.3
2025-09-04T09:33:33.628819,5,5526,1.0,1,20.9
2025-09-04T09:33:34.132535,0,5526,1.0,1,22.3
2025-09-04T09:33:34.632755,1,5527,1.0,1,25.3
2025-09-04T09:33:35.133221,0,5527,1.0,1,22.7
2025-09-04T09:33:35.633530,0,5527,1.0,1,19.5
2025-09-04T09:33:36.134013,0,5527,1.0,1,27.8
2025-09-04T09:33:36.634280,0,5527,1.0,1,19.7
2025-09-04T09:33:37.139388,0,5527,1.0,1,22.1
2025-09-04T09:33:37.639890,0,5527,1.0,1,19.7
2025-09-04T09:33:38.144984,0,5527,1.0,1,24.9
2025-09-04T09:33:38.647831,0,5527,1.0,1,22.9
2025-09-04T09:33:39.150101,7,5534,1.0,1,18.8
2025-09-04T09:33:39.650818,0,5534,1.0,1,28.1
2025-09-04T09:33:40.151412,1,5535,1.0,1,19.8
2025-09-04T09:33:40.653621,0,5535,1.0,1,23.0
2025-09-04T09:33:41.158865,0,5535,1.0,1,21.9
2025-09-04T09:33:41.659404,2,5537,1.0,1,31.8
2025-09-04T09:33:42.164505,0,5537,1.0,1,23.5
2025-09-04T09:33:42.666266,2,5539,1.0,1,38.5
2025-09-04T09:33:43.166568,0,5539,1.0,1,53.3
2025-09-04T09:33:43.668276,0,5539,1.0,1,39.8
2025-09-04T09:33:44.170254,0,5539,1.0,1,22.4
2025-09-04T09:33:44.674172,1,5540,1.0,1,21.8
2025-09-04T09:33:45.179266,0,5540,1.0,1,27.2
2025-09-04T09:33:45.679691,0,5540,1.0,1,20.4
2025-09-04T09:33:46.183470,0,5540,1.0,1,20.6
2025-09-04T09:33:46.683880,0,5540,1.0,1,30.2
2025-09-04T09:33:47.188968,0,5540,1.0,1,18.5
2025-09-04T09:33:47.690079,0,5540,1.0,1,25.3
2025-09-04T09:33:48.195174,0,5540,1.0,1,20.3
2025-09-04T09:33:48.699177,0,5540,1.0,1,26.7
2025-09-04T09:33:49.200151,0,5540,1.0,1,18.6
2025-09-04T09:33:49.704255,0,5540,1.0,1,24.3
2025-09-04T09:33:50.209646,0,5540,1.0,1,24.9
2025-09-04T09:33:50.709772,0,5540,1.0,1,23.3
2025-09-04T09:33:51.210060,0,5540,1.0,1,19.2
2025-09-04T09:33:51.710225,0,5540,1.0,1,30.4
2025-09-04T09:33:52.215313,0,5540,1.0,1,20.1
2025-09-04T09:33:52.716627,0,5540,1.0,1,22.3
2025-09-04T09:33:53.229388,0,5540,1.0,1,20.8
2025-09-04T09:33:53.733421,0,5540,1.0,1,25.9
2025-09-04T09:33:54.234178,0,5540,1.0,1,19.1
2025-09-04T09:33:54.734699,0,5540,1.0,1,21.6
2025-09-04T09:33:55.235130,0,5540,1.0,1,23.6
2025-09-04T09:33:55.740245,0,5540,1.0,1,23.2
2025-09-04T09:33:56.241268,0,5540,1.0,1,19.3
2025-09-04T09:33:56.742085,0,5540,1.0,1,27.7
2025-09-04T09:33:57.242652,0,5540,1.0,1,19.7
2025-09-04T09:33:57.743651,0,5540,1.0,1,21.9
2025-09-04T09:33:58.248767,0,5540,1.0,1,19.7
2025-09-04T09:33:58.748924,0,5540,1.0,1,31.2
2025-09-04T09:33:59.254025,0,5540,1.0,1,18.0
2025-09-04T09:33:59.756024,0,5540,1.0,1,23.7
2025-09-04T09:34:00.256543,0,5540,1.0,1,21.1
2025-09-04T09:34:00.759174,0,5540,1.0,1,29.0
2025-09-04T09:34:01.261481,0,5540,1.0,1,19.4
2025-09-04T09:34:01.761649,0,5540,1.0,1,22.9
2025-09-04T09:34:02.264594,0,5540,1.0,1,24.6
2025-09-04T09:34:02.766441,0,5540,1.0,1,25.9
2025-09-04T09:34:03.271787,0,5540,1.0,1,19.2
2025-09-04T09:34:03.774608,0,5540,1.0,1,27.6
2025-09-04T09:34:04.279730,0,5540,1.0,1,18.8
2025-09-04T09:34:04.783032,0,5540,1.0,1,25.5
2025-09-04T09:34:05.285314,0,5540,1.0,1,22.1
2025-09-04T09:34:05.786426,0,5540,1.0,1,25.9
2025-09-04T09:34:06.288359,0,5540,1.0,1,22.5
2025-09-04T09:34:06.790063,0,5540,1.0,1,19.7
2025-09-04T09:34:07.295178,0,5540,1.0,1,26.8
2025-09-04T09:34:07.800282,0,5540,1.0,1,21.5
2025-09-04T09:34:08.302246,0,5540,1.0,1,18.6
2025-09-04T09:34:08.802619,0,5540,1.0,1,22.1
2025-09-04T09:34:09.307714,0,5540,1.0,1,24.3
2025-09-04T09:34:09.810981,0,5540,1.0,1,22.4
2025-09-04T09:34:10.316075,0,5540,1.0,1,18.8
2025-09-04T09:34:10.816579,0,5540,1.0,1,30.5
2025-09-04T09:34:11.318583,0,5540,1.0,1,30.1
2025-09-04T09:34:11.818888,2,5542,1.0,1,42.1
2025-09-04T09:34:12.321170,0,5542,1.0,1,51.6
2025-09-04T09:34:12.826388,0,5542,1.0,1,48.5
2025-09-04T09:34:13.327170,1,5543,1.0,1,24.2
2025-09-04T09:34:13.832260,0,5543,1.0,1,23.7
2025-09-04T09:34:14.337397,0,5543,1.0,1,20.6
2025-09-04T09:34:14.837633,0,5543,1.0,1,22.4
2025-09-04T09:34:15.337904,0,5543,1.0,1,0.0
2025-09-04T09:34:15.841872,0,5543,1.0,1,21.8
2025-09-04T09:34:16.347007,0,5543,1.0,1,21.9
2025-09-04T09:34:16.850356,0,5543,1.0,1,31.7
2025-09-04T09:34:17.355451,0,5543,1.0,1,19.0
2025-09-04T09:34:17.856898,0,5543,1.0,1,28.7
2025-09-04T09:34:18.357888,0,5543,1.0,1,19.2
2025-09-04T09:34:18.859835,0,5543,1.0,1,28.1
2025-09-04T09:34:19.363384,0,5543,1.0,1,18.4
2025-09-04T09:34:19.863503,0,5543,1.0,1,21.8
2025-09-04T09:34:20.366312,0,5543,1.0,1,24.4
2025-09-04T09:34:20.868082,0,5543,1.0,1,21.6
2025-09-04T09:34:21.368513,0,5543,1.0,1,20.8
2025-09-04T09:34:21.869435,0,5543,1.0,1,27.5
2025-09-04T09:34:22.369853,0,5543,1.0,1,19.0
2025-09-04T09:34:22.874941,0,5543,1.0,1,21.6
2025-09-04T09:34:23.377216,0,5543,1.0,1,19.5
2025-09-04T09:34:23.882310,0,5543,1.0,1,25.1
2025-09-04T09:34:24.383287,0,5543,1.0,1,20.4
2025-09-04T09:34:24.883387,0,5543,1.0,1,18.8
2025-09-04T09:34:25.386164,0,5543,1.0,1,28.9
2025-09-04T09:34:25.886542,0,5543,1.0,1,18.8
2025-09-04T09:34:26.391695,0,5543,1.0,1,21.8
2025-09-04T09:34:26.896828,0,5543,1.0,1,17.6
2025-09-04T09:34:27.400413,0,5543,1.0,1,27.1
2025-09-04T09:34:27.905500,0,5543,1.0,1,20.0
2025-09-04T09:34:28.405938,0,5543,1.0,1,20.3
2025-09-04T09:34:28.906080,0,5543,1.0,1,19.5
2025-09-04T09:34:29.406216,0,5543,1.0,1,27.1
2025-09-04T09:34:29.906706,0,5543,1.0,1,20.4
2025-09-04T09:34:30.411819,0,5543,1.0,1,23.2
2025-09-04T09:34:30.911948,0,5543,1.0,1,24.7
2025-09-04T09:34:31.412272,0,5543,1.0,1,24.4
2025-09-04T09:34:31.917118,0,5543,1.0,1,19.2
2025-09-04T09:34:32.422218,0,5543,1.0,1,27.0
2025-09-04T09:34:32.927325,0,5543,1.0,1,19.1
2025-09-04T09:34:33.432411,0,5543,1.0,1,19.9
2025-09-04T09:34:33.934378,0,5543,1.0,1,20.9
2025-09-04T09:34:34.439475,0,5543,1.0,1,27.0
2025-09-04T09:34:34.939813,0,5543,1.0,1,19.3
2025-09-04T09:34:35.444906,0,5543,1.0,1,19.2
2025-09-04T09:34:35.947120,0,5543,1.0,1,20.7
2025-09-04T09:34:36.447532,0,5543,1.0,1,27.6
2025-09-04T09:34:36.952617,0,5543,1.0,1,19.0
2025-09-04T09:34:37.453187,0,5543,1.0,1,21.9
2025-09-04T09:34:37.958287,0,5543,1.0,1,24.7
2025-09-04T09:34:38.463407,0,5543,1.0,1,19.5
2025-09-04T09:34:38.968761,0,5543,1.0,1,21.1
2025-09-04T09:34:39.473852,0,5543,1.0,1,20.2
2025-09-04T09:34:39.978934,0,5543,1.0,1,24.8
2025-09-04T09:34:40.479153,0,5543,1.0,1,22.7
2025-09-04T09:34:40.983871,0,5543,1.0,1,19.2
2025-09-04T09:34:41.486380,0,5543,1.0,1,28.1
2025-09-04T09:34:41.987576,0,5543,1.0,1,20.1
2025-09-04T09:34:42.488254,0,5543,1.0,1,21.7
2025-09-04T09:34:42.991523,0,5543,1.0,1,26.7
2025-09-04T09:34:43.491631,0,5543,1.0,1,22.8
2025-09-04T09:34:43.992137,0,5543,1.0,1,18.9
2025-09-04T09:34:44.497225,0,5543,1.0,1,27.3
2025-09-04T09:34:45.000166,0,5543,1.0,1,19.8
2025-09-04T09:34:45.502709,0,5543,1.0,1,19.1
2025-09-04T09:34:46.004997,2,5545,1.0,1,21.6
2025-09-04T09:34:46.505173,3,5548,1.0,1,45.3
2025-09-04T09:34:47.005647,0,5548,1.0,1,44.9
2025-09-04T09:34:47.506636,7,5555,1.0,1,38.8
2025-09-04T09:34:48.009693,0,5555,1.0,1,47.2
2025-09-04T09:34:48.511373,0,5555,1.0,1,28.6
2025-09-04T09:34:49.014609,0,5555,1.0,1,30.8
2025-09-04T09:34:49.515466,1,5556,1.0,1,19.7
2025-09-04T09:34:50.015715,0,5556,1.0,1,22.4
2025-09-04T09:34:50.517485,0,5556,1.0,1,19.2
2025-09-04T09:34:51.020702,0,5556,1.0,1,26.7
2025-09-04T09:34:51.524330,0,5556,1.0,1,20.0
2025-09-04T09:34:52.027408,0,5556,1.0,1,23.2
2025-09-04T09:34:52.530050,0,5556,1.0,1,24.6
2025-09-04T09:34:53.033966,0,5556,1.0,1,20.3
2025-09-04T09:34:53.536533,0,5556,1.0,1,18.5
2025-09-04T09:34:54.038436,0,5556,1.0,1,22.6
2025-09-04T09:34:54.543533,0,5556,1.0,1,18.8
2025-09-04T09:34:55.043657,0,5556,1.0,1,29.2
2025-09-04T09:34:55.545870,0,5556,1.0,1,18.3
2025-09-04T09:34:56.049883,0,5556,1.0,1,21.3
2025-09-04T09:34:56.550181,0,5556,1.0,1,27.6
2025-09-04T09:34:57.051506,0,5556,1.0,1,21.4
2025-09-04T09:34:57.553084,0,5556,1.0,1,18.6
2025-09-04T09:34:58.063579,0,5556,1.0,1,26.6
2025-09-04T09:34:58.563775,0,5556,1.0,1,20.4
2025-09-04T09:34:59.064283,0,5556,1.0,1,21.9
2025-09-04T09:34:59.567759,0,5556,1.0,1,18.5
2025-09-04T09:35:00.069428,0,5556,1.0,1,29.7
2025-09-04T09:35:00.569669,0,5556,1.0,1,19.0
2025-09-04T09:35:01.074769,0,5556,1.0,1,21.2
2025-09-04T09:35:01.581523,0,5556,1.0,1,21.9
2025-09-04T09:35:02.084041,0,5556,1.0,1,23.0
2025-09-04T09:35:02.585366,0,5556,1.0,1,21.1
2025-09-04T09:35:03.085643,0,5556,1.0,1,19.2
2025-09-04T09:35:03.587477,0,5556,1.0,1,27.0
2025-09-04T09:35:04.091351,0,5556,1.0,1,18.9
2025-09-04T09:35:04.591580,0,5556,1.0,1,21.6
2025-09-04T09:35:05.091873,0,5556,1.0,1,24.7
2025-09-04T09:35:05.597059,0,5556,1.0,1,22.2
2025-09-04T09:35:06.100386,0,5556,1.0,1,19.1
2025-09-04T09:35:06.603074,0,5556,1.0,1,20.5
2025-09-04T09:35:07.103502,0,5556,1.0,1,25.9
2025-09-04T09:35:07.605588,0,5556,1.0,1,19.5
2025-09-04T09:35:08.105938,0,5556,1.0,1,17.8
2025-09-04T09:35:08.611026,0,5556,1.0,1,21.7
2025-09-04T09:35:09.111914,0,5556,1.0,1,25.7
2025-09-04T09:35:09.612953,0,5556,1.0,1,23.8
2025-09-04T09:35:10.118097,0,5556,1.0,1,26.1
2025-09-04T09:35:10.619809,6,5562,1.0,1,41.6
2025-09-04T09:35:11.120279,0,5562,1.0,1,26.2
2025-09-04T09:35:11.620495,0,5562,1.0,1,28.6
2025-09-04T09:35:12.120659,0,5562,1.0,1,19.9
2025-09-04T09:35:12.621505,0,5562,1.0,1,21.9
2025-09-04T09:35:13.126498,0,5562,1.0,1,20.4
2025-09-04T09:35:13.631629,0,5562,1.0,1,27.8
2025-09-04T09:35:14.133278,0,5562,1.0,1,17.6
2025-09-04T09:35:14.638368,0,5562,1.0,1,20.1
2025-09-04T09:35:15.145175,0,5562,1.0,1,25.6
2025-09-04T09:35:15.646619,0,5562,1.0,1,20.4
2025-09-04T09:35:16.149783,0,5562,1.0,1,22.0
2025-09-04T09:35:16.653657,0,5562,1.0,1,19.5
2025-09-04T09:35:17.158760,0,5562,1.0,1,29.9
2025-09-04T09:35:17.662447,0,5562,1.0,1,17.8
2025-09-04T09:35:18.167569,0,5562,1.0,1,21.2
2025-09-04T09:35:18.671349,4,5566,1.0,1,26.1
2025-09-04T09:35:19.176456,0,5566,1.0,1,21.5
2025-09-04T09:35:19.677580,0,5566,1.0,1,19.7
2025-09-04T09:35:20.182680,0,5566,1.0,1,26.2
2025-09-04T09:35:20.683483,2,5568,1.0,1,21.6
2025-09-04T09:35:21.188573,0,5568,1.0,1,19.2
2025-09-04T09:35:21.689651,3,5571,1.0,1,22.6
2025-09-04T09:35:22.190548,6,5577,1.0,1,24.7
2025-09-04T09:35:22.690628,2,5579,1.0,1,23.2
2025-09-04T09:35:23.191316,1,5580,1.0,1,24.6
2025-09-04T09:35:23.691730,0,5580,1.0,1,33.6
2025-09-04T09:35:24.195130,27,5607,1.0,1,23.7
2025-09-04T09:35:24.698280,2,5609,1.0,1,35.2
2025-09-04T09:35:25.202337,1,5610,1.0,1,46.2
2025-09-04T09:35:25.702466,0,5610,1.0,1,45.2
2025-09-04T09:35:26.204437,1,5611,1.0,1,38.3
2025-09-04T09:35:26.708645,0,5611,1.0,1,48.1
2025-09-04T09:35:27.213824,1,5612,1.0,1,25.8
2025-09-04T09:35:27.714905,0,5612,1.0,1,21.8
2025-09-04T09:35:28.217391,0,5612,1.0,1,25.1
2025-09-04T09:35:28.719523,0,5612,1.0,1,23.2
2025-09-04T09:35:29.220383,0,5612,1.0,1,18.6
2025-09-04T09:35:29.725488,0,5612,1.0,1,26.9
2025-09-04T09:35:30.225806,0,5612,1.0,1,19.5
2025-09-04T09:35:30.730998,0,5612,1.0,1,20.0
2025-09-04T09:35:31.233285,0,5612,1.0,1,21.7
2025-09-04T09:35:31.733399,0,5612,1.0,1,24.6
2025-09-04T09:35:32.234225,0,5612,1.0,1,21.0
2025-09-04T09:35:32.735691,0,5612,1.0,1,19.5
2025-09-04T09:35:33.240794,0,5612,1.0,1,20.8
2025-09-04T09:35:33.741106,0,5612,1.0,1,28.5
2025-09-04T09:35:34.246201,0,5612,1.0,1,21.5
2025-09-04T09:35:34.746785,0,5612,1.0,1,20.3
2025-09-04T09:35:35.247138,0,5612,1.0,1,27.1
2025-09-04T09:35:35.751458,0,5612,1.0,1,21.5
2025-09-04T09:35:36.256548,0,5612,1.0,1,20.7
2025-09-04T09:35:36.757343,0,5612,1.0,1,20.0
2025-09-04T09:35:37.262438,0,5612,1.0,1,24.5
2025-09-04T09:35:37.762706,0,5612,1.0,1,21.6
2025-09-04T09:35:38.267804,0,5612,1.0,1,17.3
2025-09-04T09:35:38.768803,0,5612,1.0,1,27.9
2025-09-04T09:35:39.269032,0,5612,1.0,1,19.0
2025-09-04T09:35:39.773943,0,5612,1.0,1,21.7
2025-09-04T09:35:40.276608,0,5612,1.0,1,18.7
2025-09-04T09:35:40.779602,0,5612,1.0,1,28.4
2025-09-04T09:35:41.280298,0,5612,1.0,1,18.9
2025-09-04T09:35:41.785480,0,5612,1.0,1,21.1
2025-09-04T09:35:42.285923,0,5612,1.0,1,25.6
2025-09-04T09:35:42.786316,0,5612,1.0,1,21.3
2025-09-04T09:35:43.291431,0,5612,1.0,1,20.8
2025-09-04T09:35:43.796528,0,5612,1.0,1,28.1
2025-09-04T09:35:44.296802,0,5612,1.0,1,19.3
2025-09-04T09:35:44.801887,0,5612,1.0,1,23.4
2025-09-04T09:35:45.302036,0,5612,1.0,1,19.9
2025-09-04T09:35:45.807157,0,5612,1.0,1,22.3
2025-09-04T09:35:46.310638,0,5612,1.0,1,19.3
2025-09-04T09:35:46.815723,0,5612,1.0,1,21.5
2025-09-04T09:35:47.316556,0,5612,1.0,1,20.5
2025-09-04T09:35:47.820063,0,5612,1.0,1,28.6
2025-09-04T09:35:48.322763,0,5612,1.0,1,22.2
2025-09-04T09:35:48.827858,0,5612,1.0,1,21.4
2025-09-04T09:35:49.331744,0,5612,1.0,1,25.0
2025-09-04T09:35:49.835722,0,5612,1.0,1,19.7
2025-09-04T09:35:50.343719,1,5613,1.0,1,23.0
2025-09-04T09:35:50.843985,3,5616,1.0,1,47.0
2025-09-04T09:35:51.344409,3,5619,1.0,1,45.6
2025-09-04T09:35:51.844902,1,5620,1.0,1,43.3
2025-09-04T09:35:52.501039,3,5623,1.0,1,44.7
2025-09-04T09:35:53.017799,3,5626,1.0,1,47.5
2025-09-04T09:35:53.525143,195,5821,1.0,1,40.7
2025-09-04T09:35:54.028216,440,6261,1.0,1,54.9
2025-09-04T09:35:54.528483,83,6344,1.0,1,37.4
2025-09-04T09:35:55.033568,92,6436,1.0,1,35.7
2025-09-04T09:35:55.534554,148,6584,1.0,1,31.9
2025-09-04T09:35:56.035294,105,6689,1.0,1,35.6
2025-09-04T09:35:56.538520,98,6787,1.0,1,28.1
2025-09-04T09:35:57.038711,177,6964,1.0,1,38.0
2025-09-04T09:35:57.539274,71,7035,1.0,1,26.7
2025-09-04T09:35:58.040773,121,7156,1.0,1,36.2
2025-09-04T09:35:58.564867,88,7244,1.0,1,33.9
2025-09-04T09:35:59.067783,67,7311,1.0,1,31.2
2025-09-04T09:35:59.570647,57,7368,1.0,1,32.4
2025-09-04T09:36:00.071364,15,7383,1.0,1,25.6
2025-09-04T09:36:00.573776,72,7455,1.0,1,29.5
2025-09-04T09:36:01.075251,67,7522,1.0,1,35.3
2025-09-04T09:36:01.579615,55,7577,1.0,1,29.5
2025-09-04T09:36:02.080047,91,7668,1.0,1,38.8
2025-09-04T09:36:02.580334,76,7744,1.0,1,28.8
2025-09-04T09:36:03.085282,57,7801,1.0,1,34.3
2025-09-04T09:36:03.585844,105,7906,1.0,1,36.0
2025-09-04T09:36:04.090289,78,7984,1.0,1,31.7
2025-09-04T09:36:04.595644,55,8039,1.0,1,33.2
2025-09-04T09:36:05.096222,154,8193,1.0,1,35.5
2025-09-04T09:36:05.600223,71,8264,1.0,1,40.5
2025-09-04T09:36:06.101855,64,8328,1.0,1,27.7
2025-09-04T09:36:06.602729,100,8428,1.0,1,35.3
2025-09-04T09:36:07.103276,77,8505,1.0,1,28.6
2025-09-04T09:36:07.607097,102,8607,1.0,1,36.8
2025-09-04T09:36:08.110706,116,8723,1.0,1,31.7
2025-09-04T09:36:08.610812,72,8795,1.0,1,32.7
2025-09-04T09:36:09.116034,58,8853,1.0,1,28.1
2025-09-04T09:36:09.618125,86,8939,1.0,1,41.1
2025-09-04T09:36:10.119695,22,8961,1.0,1,26.1
2025-09-04T09:36:10.620117,25,8986,1.0,1,26.7
2025-09-04T09:36:11.120266,69,9055,1.0,1,35.5
2025-09-04T09:36:11.620706,53,9108,1.0,1,28.6
2025-09-04T09:36:12.121019,39,9147,1.0,1,33.8
2025-09-04T09:36:12.621426,54,9201,1.0,1,29.0
2025-09-04T09:36:13.122267,79,9280,1.0,1,39.3
2025-09-04T09:36:13.622479,95,9375,1.0,1,29.8
2025-09-04T09:36:14.124102,77,9452,1.0,1,34.8
2025-09-04T09:36:14.625967,61,9513,1.0,1,28.6
2025-09-04T09:36:15.126215,20,9533,1.0,1,29.4
2025-09-04T09:36:15.631633,61,9594,1.0,1,27.7
2025-09-04T09:36:16.134554,51,9645,1.0,1,0.0
2025-09-04T09:36:16.636777,1,9646,1.0,1,25.0
2025-09-04T09:36:17.137873,62,9708,1.0,1,30.5
2025-09-04T09:36:17.642331,52,9760,1.0,1,30.2
2025-09-04T09:36:18.142936,33,9793,1.0,1,26.0
2025-09-04T09:36:18.643750,23,9816,1.0,1,28.3
2025-09-04T09:36:19.144126,59,9875,1.0,1,27.3
2025-09-04T09:36:19.645064,114,9989,1.0,1,29.8
2025-09-04T09:36:20.147149,121,10110,1.0,1,29.9
2025-09-04T09:36:20.647576,73,10183,1.0,1,28.5
2025-09-04T09:36:21.150874,71,10254,1.0,1,28.6
2025-09-04T09:36:21.653168,75,10329,1.0,1,30.7
2025-09-04T09:36:22.153633,117,10446,1.0,1,35.6
2025-09-04T09:36:22.654978,74,10520,1.0,1,28.6
2025-09-04T09:36:23.156556,90,10610,1.0,1,34.4
2025-09-04T09:36:23.661686,5,10615,1.0,1,16.7
2025-09-04T09:36:24.166880,0,10615,1.0,1,9.2
2025-09-04T09:36:24.672089,0,10615,1.0,1,1.7
2025-09-04T09:36:25.177391,0,10615,1.0,1,2.0
2025-09-04T09:36:25.682759,0,10615,1.0,1,3.9
2025-09-04T09:36:26.188088,0,10615,1.0,1,0.7
2025-09-04T09:36:26.688591,0,10615,1.0,1,2.3
2025-09-04T09:36:27.193812,0,10615,1.0,1,5.2
2025-09-04T09:36:27.699127,0,10615,1.0,1,1.5
2025-09-04T09:36:28.203243,0,10615,1.0,1,0.7
2025-09-04T09:36:28.708584,0,10615,1.0,1,1.5
2025-09-04T09:36:29.211518,0,10615,1.0,1,1.0
2025-09-04T09:36:29.716847,0,10615,1.0,1,1.2
2025-09-04T09:36:30.219270,0,10615,1.0,1,0.7
2025-09-04T09:36:30.720805,0,10615,1.0,1,1.2
2025-09-04T09:36:31.221939,0,10615,1.0,1,10.6
2025-09-04T09:36:31.727268,0,10615,1.0,1,9.5
2025-09-04T09:36:32.232512,0,10615,1.0,1,1.5
2025-09-04T09:36:32.736641,0,10615,1.0,1,1.0
2025-09-04T09:36:33.241946,0,10615,1.0,1,1.5
2025-09-04T09:36:33.744637,0,10615,1.0,1,1.8
2025-09-04T09:36:34.245966,0,10615,1.0,1,1.2
2025-09-04T09:36:34.751133,0,10615,1.0,1,1.0
2025-09-04T09:36:35.256458,0,10615,1.0,1,0.7
2025-09-04T09:36:35.760588,0,10615,1.0,1,5.9
2025-09-04T09:36:36.261962,0,10615,1.0,1,3.0
2025-09-04T09:36:36.763332,0,10615,1.0,1,1.7
2025-09-04T09:36:37.268900,0,10615,1.0,1,8.0
2025-09-04T09:36:37.774398,0,10615,1.0,1,12.2
2025-09-04T09:36:38.278501,0,10615,1.0,1,12.4
2025-09-04T09:36:38.779959,0,10615,1.0,1,13.6
2025-09-04T09:36:39.285108,0,10615,1.0,1,9.0
2025-09-04T09:36:39.790320,0,10615,1.0,1,14.2
2025-09-04T09:36:40.296695,0,10615,1.0,1,10.0
2025-09-04T09:36:40.798551,0,10615,1.0,1,9.8
2025-09-04T09:36:41.303718,0,10615,1.0,1,30.8
2025-09-04T09:36:41.808671,0,10615,1.0,1,13.8
2025-09-04T09:36:42.311391,0,10615,1.0,1,16.8
2025-09-04T09:36:42.816903,0,10615,1.0,1,16.7
2025-09-04T09:36:43.318098,0,10615,1.0,1,19.3
2025-09-04T09:36:43.823019,0,10615,1.0,1,6.7
2025-09-04T09:36:44.323788,0,10615,1.0,1,13.0
2025-09-04T09:36:44.828784,0,10615,1.0,1,5.4
2025-09-04T09:36:45.330792,0,10615,1.0,1,9.0
2025-09-04T09:36:45.835374,0,10615,1.0,1,6.5
2025-09-04T09:36:46.340701,0,10615,1.0,1,2.3
2025-09-04T09:36:46.846020,0,10615,1.0,1,1.2
2025-09-04T09:36:47.348643,0,10615,1.0,1,2.7
2025-09-04T09:36:47.853751,0,10615,1.0,1,5.4
2025-09-04T09:36:48.357536,0,10615,1.0,1,3.0
2025-09-04T09:36:48.863044,0,10615,1.0,1,2.5
2025-09-04T09:36:49.366061,0,10615,1.0,1,2.5
2025-09-04T09:36:49.871410,0,10615,1.0,1,5.5
2025-09-04T09:36:50.376739,0,10615,1.0,1,6.4
2025-09-04T09:36:50.880802,0,10615,1.0,1,6.4
2025-09-04T09:36:51.386144,0,10615,1.0,1,7.7
2025-09-04T09:36:51.889138,0,10615,1.0,1,1.7
2025-09-04T09:36:52.390876,0,10615,1.0,1,4.2
2025-09-04T09:36:52.892300,0,10615,1.0,1,7.6
2025-09-04T09:36:53.397608,0,10615,1.0,1,1.0
2025-09-04T09:36:53.897937,0,10615,1.0,1,1.7
2025-09-04T09:36:54.400627,0,10615,1.0,1,8.0
2025-09-04T09:36:54.905866,0,10615,1.0,1,0.7
2025-09-04T09:36:55.409966,0,10615,1.0,1,1.0
2025-09-04T09:36:55.914124,0,10615,1.0,1,1.5
2025-09-04T09:36:56.419366,0,10615,1.0,1,0.5
2025-09-04T09:36:56.921470,0,10615,1.0,1,2.2
2025-09-04T09:36:57.425165,0,10615,1.0,1,1.2
2025-09-04T09:36:57.925617,0,10615,1.0,1,0.5
2025-09-04T09:36:58.430858,0,10615,1.0,1,1.2
2025-09-04T09:36:58.936098,0,10615,1.0,1,0.7
2025-09-04T09:36:59.441361,0,10615,1.0,1,1.5
2025-09-04T09:36:59.942367,0,10615,1.0,1,5.5
2025-09-04T09:37:00.443419,0,10615,1.0,1,4.3
2025-09-04T09:37:00.948733,0,10615,1.0,1,0.7
2025-09-04T09:37:01.450769,0,10615,1.0,1,8.3
2025-09-04T09:37:01.953827,0,10615,1.0,1,15.4
2025-09-04T09:37:02.455094,0,10615,1.0,1,13.9
2025-09-04T09:37:02.959024,0,10615,1.0,1,8.0
2025-09-04T09:37:03.460072,0,10615,1.0,1,12.5
2025-09-04T09:37:03.965398,0,10615,1.0,1,13.8
2025-09-04T09:37:04.470724,0,10615,1.0,1,22.9
2025-09-04T09:37:04.976362,0,10615,1.0,1,8.0
2025-09-04T09:37:05.481496,0,10615,1.0,1,23.9
2025-09-04T09:37:05.986776,0,10615,1.0,1,7.0
2025-09-04T09:37:06.491472,0,10615,1.0,1,10.2
2025-09-04T09:37:06.996807,0,10615,1.0,1,7.4
2025-09-04T09:37:07.502291,0,10615,1.0,1,10.3
2025-09-04T09:37:08.005935,0,10615,1.0,1,3.2
2025-09-04T09:37:08.509767,0,10615,1.0,1,6.5
2025-09-04T09:37:09.014243,0,10615,1.0,1,12.7
2025-09-04T09:37:09.518358,0,10615,1.0,1,11.9
2025-09-04T09:37:10.023690,0,10615,1.0,1,9.5
2025-09-04T09:37:10.527819,0,10615,1.0,1,12.2
2025-09-04T09:37:11.033207,0,10615,1.0,1,7.7
2025-09-04T09:37:11.538586,0,10615,1.0,1,8.7
2025-09-04T09:37:12.041647,0,10615,1.0,1,5.5
2025-09-04T09:37:12.546955,0,10615,1.0,1,17.4
2025-09-04T09:37:13.051692,0,10615,1.0,1,14.2
2025-09-04T09:37:13.552155,0,10615,1.0,1,21.5
2025-09-04T09:37:14.057503,0,10615,1.0,1,12.8
2025-09-04T09:37:14.558157,0,10615,1.0,1,2.5
2025-09-04T09:37:15.062471,0,10615,1.0,1,5.0
2025-09-04T09:37:15.567722,0,10615,1.0,1,1.5
2025-09-04T09:37:16.072620,0,10615,1.0,1,11.6
2025-09-04T09:37:16.577882,0,10615,1.0,1,2.2
2025-09-04T09:37:17.078210,0,10615,1.0,1,3.0
2025-09-04T09:37:17.583454,0,10615,1.0,1,4.2
2025-09-04T09:37:18.087739,0,10615,1.0,1,1.7
2025-09-04T09:37:18.593117,0,10615,1.0,1,1.5
2025-09-04T09:37:19.096713,0,10615,1.0,1,3.5
2025-09-04T09:37:19.602042,0,10615,1.0,1,4.0
2025-09-04T09:37:20.105931,0,10615,1.0,1,57.0
2025-09-04T09:37:20.611139,0,10615,1.0,1,12.2
2025-09-04T09:37:21.115362,0,10615,1.0,1,14.3
2025-09-04T09:37:21.617478,0,10615,1.0,1,15.1
2025-09-04T09:37:22.118599,0,10615,1.0,1,10.2
2025-09-04T09:37:22.620255,0,10615,1.0,1,12.8
2025-09-04T09:37:23.120553,0,10615,1.0,1,13.4
2025-09-04T09:37:23.625763,0,10615,1.0,1,14.5
2025-09-04T09:37:24.130958,0,10615,1.0,1,13.8
2025-09-04T09:37:24.635116,0,10615,1.0,1,15.1
2025-09-04T09:37:25.136484,0,10615,1.0,1,14.1
2025-09-04T09:37:25.637863,0,10615,1.0,1,16.8
2025-09-04T09:37:26.143076,0,10615,1.0,1,14.9
2025-09-04T09:37:26.648277,0,10615,1.0,1,13.8
2025-09-04T09:37:27.153476,0,10615,1.0,1,14.9
2025-09-04T09:37:27.656081,0,10615,1.0,1,14.1
2025-09-04T09:37:28.161296,0,10615,1.0,1,15.0
2025-09-04T09:37:28.663103,0,10615,1.0,1,13.9
2025-09-04T09:37:29.168290,0,10615,1.0,1,14.4
2025-09-04T09:37:29.673489,0,10615,1.0,1,15.4
2025-09-04T09:37:30.176828,0,10615,1.0,1,15.4
2025-09-04T09:37:30.678317,0,10615,1.0,1,14.9
2025-09-04T09:37:31.183508,0,10615,1.0,1,14.1
2025-09-04T09:37:31.684294,0,10615,1.0,1,14.8
2025-09-04T09:37:32.186258,0,10615,1.0,1,14.9
2025-09-04T09:37:32.691458,0,10615,1.0,1,14.9
2025-09-04T09:37:33.195530,0,10615,1.0,1,15.1
2025-09-04T09:37:33.698421,0,10615,1.0,1,14.1
2025-09-04T09:37:34.198887,0,10615,1.0,1,15.4
2025-09-04T09:37:34.699563,0,10615,1.0,1,17.0
2025-09-04T09:37:35.201513,0,10615,1.0,1,15.0
2025-09-04T09:37:35.702912,0,10615,1.0,1,14.6
2025-09-04T09:37:36.208214,0,10615,1.0,1,11.6
2025-09-04T09:37:36.713526,0,10615,1.0,1,2.0
2025-09-04T09:37:37.216937,0,10615,1.0,1,1.5
2025-09-04T09:37:37.721387,0,10615,1.0,1,1.7
2025-09-04T09:37:38.224991,0,10615,1.0,1,0.7
2025-09-04T09:37:38.726289,0,10615,1.0,1,1.0
2025-09-04T09:37:39.231667,0,10615,1.0,1,2.0
2025-09-04T09:37:39.734299,0,10615,1.0,1,1.7
2025-09-04T09:37:40.235670,0,10615,1.0,1,0.7
2025-09-04T09:37:40.741081,0,10615,1.0,1,1.2
2025-09-04T09:37:41.246421,0,10615,1.0,1,1.2
2025-09-04T09:37:41.751756,0,10615,1.0,1,2.0
2025-09-04T09:37:42.253650,0,10615,1.0,1,1.5
2025-09-04T09:37:42.759060,0,10615,1.0,1,2.2
2025-09-04T09:37:43.264456,0,10615,1.0,1,3.7
2025-09-04T09:37:43.767467,0,10615,1.0,1,15.2
2025-09-04T09:37:44.272967,0,10615,1.0,1,2.2
2025-09-04T09:37:44.774333,0,10615,1.0,1,2.0
2025-09-04T09:37:45.275639,0,10615,1.0,1,1.2
2025-09-04T09:37:45.776994,0,10615,1.0,1,0.8
2025-09-04T09:37:46.278276,0,10615,1.0,1,22.1
2025-09-04T09:37:46.783577,0,10615,1.0,1,1.7
2025-09-04T09:37:47.288928,0,10615,1.0,1,3.2
2025-09-04T09:37:47.794293,0,10615,1.0,1,3.9
2025-09-04T09:37:48.296750,0,10615,1.0,1,0.5
2025-09-04T09:37:48.802088,0,10615,1.0,1,1.2
2025-09-04T09:37:49.307404,0,10615,1.0,1,0.5
2025-09-04T09:37:49.812721,0,10615,1.0,1,0.7
2025-09-04T09:37:50.315912,0,10615,1.0,1,0.7
2025-09-04T09:37:50.820977,0,10615,1.0,1,1.0
2025-09-04T09:37:51.326338,0,10615,1.0,1,2.0
2025-09-04T09:37:51.831690,0,10615,1.0,1,2.5
2025-09-04T09:37:52.337027,0,10615,1.0,1,1.2
2025-09-04T09:37:52.842360,0,10615,1.0,1,8.9
2025-09-04T09:37:53.348126,0,10615,1.0,1,0.7
2025-09-04T09:37:53.853488,0,10615,1.0,1,1.2
2025-09-04T09:37:54.358824,0,10615,1.0,1,1.0
2025-09-04T09:37:54.864155,0,10615,1.0,1,1.5
2025-09-04T09:37:55.365751,0,10615,1.0,1,3.0
2025-09-04T09:37:55.869899,0,10615,1.0,1,0.7
2025-09-04T09:37:56.370748,0,10615,1.0,1,2.5
2025-09-04T09:37:56.875743,0,10615,1.0,1,3.7
2025-09-04T09:37:57.381084,0,10615,1.0,1,1.0
2025-09-04T09:37:57.883747,0,10615,1.0,1,0.7
2025-09-04T09:37:58.387791,0,10615,1.0,1,1.0
2025-09-04T09:37:58.891740,0,10615,1.0,1,1.0
2025-09-04T09:37:59.397092,0,10615,1.0,1,6.9
2025-09-04T09:37:59.899729,0,10615,1.0,1,1.5
2025-09-04T09:38:00.405171,0,10615,1.0,1,3.7
2025-09-04T09:38:00.907715,0,10615,1.0,1,0.5
2025-09-04T09:38:01.409067,0,10615,1.0,1,1.2
2025-09-04T09:38:01.914417,0,10615,1.0,1,1.5
2025-09-04T09:38:02.419785,0,10615,1.0,1,1.0
2025-09-04T09:38:02.923734,0,10615,1.0,1,1.2
2025-09-04T09:38:03.425098,0,10615,1.0,1,1.0
2025-09-04T09:38:03.930425,0,10615,1.0,1,0.7
2025-09-04T09:38:04.435756,0,10615,1.0,1,1.0
2025-09-04T09:38:04.941083,0,10615,1.0,1,0.5
2025-09-04T09:38:05.446409,0,10615,1.0,1,1.2
2025-09-04T09:38:05.947804,0,10615,1.0,1,1.5
2025-09-04T09:38:06.453130,0,10615,1.0,1,0.7
2025-09-04T09:38:06.954228,0,10615,1.0,1,1.2
2025-09-04T09:38:07.457136,0,10615,1.0,1,1.2
2025-09-04T09:38:07.962465,0,10615,1.0,1,0.5
2025-09-04T09:38:08.467784,0,10615,1.0,1,0.7
2025-09-04T09:38:08.973108,0,10615,1.0,1,1.2
2025-09-04T09:38:09.478425,0,10615,1.0,1,1.2
2025-09-04T09:38:09.983797,0,10615,1.0,1,0.7
2025-09-04T09:38:10.489128,0,10615,1.0,1,1.0
2025-09-04T09:38:10.993845,0,10615,1.0,1,0.7
2025-09-04T09:38:11.499181,0,10615,1.0,1,1.7
2025-09-04T09:38:12.004506,0,10615,1.0,1,1.5
2025-09-04T09:38:12.507782,0,10615,1.0,1,0.7
2025-09-04T09:38:13.009119,0,10615,1.0,1,4.0
2025-09-04T09:38:13.514262,0,10615,1.0,1,1.2
2025-09-04T09:38:14.019630,0,10615,1.0,1,0.7
2025-09-04T09:38:14.525025,0,10615,1.0,1,1.2
2025-09-04T09:38:15.030355,0,10615,1.0,1,0.5
2025-09-04T09:38:15.531825,0,10615,1.0,1,2.0
2025-09-04T09:38:16.037181,0,10615,1.0,1,0.5
2025-09-04T09:38:16.542560,0,10615,1.0,1,6.0
2025-09-04T09:38:17.046677,0,10615,1.0,1,1.5
2025-09-04T09:38:17.551975,0,10615,1.0,1,3.7
2025-09-04T09:38:18.054486,0,10615,1.0,1,1.7
2025-09-04T09:38:18.556721,0,10615,1.0,1,1.5
2025-09-04T09:38:19.060990,0,10615,1.0,1,17.5
2025-09-04T09:38:19.566339,0,10615,1.0,1,12.1
2025-09-04T09:38:20.071652,0,10615,1.0,1,0.7
2025-09-04T09:38:20.576961,0,10615,1.0,1,1.5
2025-09-04T09:38:21.082337,0,10615,1.0,1,0.5
2025-09-04T09:38:21.585224,0,10615,1.0,1,1.2
2025-09-04T09:38:22.090577,0,10615,1.0,1,1.2
2025-09-04T09:38:22.595925,0,10615,1.0,1,1.0
2025-09-04T09:38:23.101263,0,10615,1.0,1,2.0
2025-09-04T09:38:23.607050,0,10615,1.0,1,1.2
2025-09-04T09:38:24.107850,0,10615,1.0,1,0.8
2025-09-04T09:38:24.609166,0,10615,1.0,1,1.2
2025-09-04T09:38:25.114555,0,10615,1.0,1,0.7
2025-09-04T09:38:25.619899,0,10615,1.0,1,1.5
2025-09-04T09:38:26.125226,0,10615,1.0,1,0.7
2025-09-04T09:38:26.629967,0,10615,1.0,1,4.0
2025-09-04T09:38:27.135344,0,10615,1.0,1,8.7
2025-09-04T09:38:27.640722,0,10615,1.0,1,21.4
2025-09-04T09:38:28.146088,0,10615,1.0,1,5.5
2025-09-04T09:38:28.651002,0,10615,1.0,1,13.0
2025-09-04T09:38:29.156311,0,10615,1.0,1,21.4
2025-09-04T09:38:29.659245,0,10615,1.0,1,35.3
2025-09-04T09:38:30.164536,0,10615,1.0,1,11.3
2025-09-04T09:38:30.669952,0,10615,1.0,1,9.9
2025-09-04T09:38:31.171958,0,10615,1.0,1,5.2
2025-09-04T09:38:31.677341,0,10615,1.0,1,15.3
2025-09-04T09:38:32.182725,0,10615,1.0,1,10.4
2025-09-04T09:38:32.684359,0,10615,1.0,1,13.3
2025-09-04T09:38:33.189764,0,10615,1.0,1,5.2
2025-09-04T09:38:33.695163,0,10615,1.0,1,4.7
2025-09-04T09:38:34.199051,0,10615,1.0,1,8.9
2025-09-04T09:38:34.699752,0,10615,1.0,1,20.7
2025-09-04T09:38:35.202903,0,10615,1.0,1,14.0
2025-09-04T09:38:35.704064,0,10615,1.0,1,14.9
2025-09-04T09:38:36.209426,0,10615,1.0,1,6.7
2025-09-04T09:38:36.714845,0,10615,1.0,1,12.7
2025-09-04T09:38:37.215725,0,10615,1.0,1,10.7
2025-09-04T09:38:37.721117,0,10615,1.0,1,18.4
2025-09-04T09:38:38.226031,0,10615,1.0,1,20.7
2025-09-04T09:38:38.727865,0,10615,1.0,1,16.7
2025-09-04T09:38:39.233263,0,10615,1.0,1,15.3
2025-09-04T09:38:39.737902,0,10615,1.0,1,19.5
2025-09-04T09:38:40.242751,0,10615,1.0,1,13.9
2025-09-04T09:38:40.743597,0,10615,1.0,1,19.5
2025-09-04T09:38:41.250147,0,10615,1.0,1,6.0
2025-09-04T09:38:41.755541,0,10615,1.0,1,2.5
2025-09-04T09:38:42.260408,0,10615,1.0,1,6.5
2025-09-04T09:38:42.765762,0,10615,1.0,1,2.5
2025-09-04T09:38:43.271120,0,10615,1.0,1,6.0
2025-09-04T09:38:43.776524,0,10615,1.0,1,4.7
2025-09-04T09:38:44.281891,0,10615,1.0,1,2.2
2025-09-04T09:38:44.787244,0,10615,1.0,1,2.2
2025-09-04T09:38:45.292590,0,10615,1.0,1,1.7
2025-09-04T09:38:45.797952,0,10615,1.0,1,2.0
2025-09-04T09:38:46.303237,0,10615,1.0,1,14.3
2025-09-04T09:38:46.808675,0,10615,1.0,1,20.7
2025-09-04T09:38:47.314080,0,10615,1.0,1,4.4
2025-09-04T09:38:47.819355,0,10615,1.0,1,11.0
2025-09-04T09:38:48.321339,0,10615,1.0,1,4.7
2025-09-04T09:38:48.826207,0,10615,1.0,1,2.0
2025-09-04T09:38:49.331563,0,10615,1.0,1,1.2
2025-09-04T09:38:49.833616,0,10615,1.0,1,9.2
2025-09-04T09:38:50.337287,0,10615,1.0,1,1.0
2025-09-04T09:38:50.841138,0,10615,1.0,1,1.5
2025-09-04T09:38:51.346432,0,10615,1.0,1,1.0
2025-09-04T09:38:51.847684,0,10615,1.0,1,2.7
2025-09-04T09:38:52.353082,0,10615,1.0,1,2.0
2025-09-04T09:38:52.858443,0,10615,1.0,1,1.5
2025-09-04T09:38:53.359326,0,10615,1.0,1,2.2
2025-09-04T09:38:53.864655,0,10615,1.0,1,5.0
2025-09-04T09:38:54.370004,0,10615,1.0,1,2.0
2025-09-04T09:38:54.875326,0,10615,1.0,1,3.7
2025-09-04T09:38:55.380717,0,10615,1.0,1,3.0
2025-09-04T09:38:55.884028,0,10615,1.0,1,1.0
2025-09-04T09:38:56.386182,0,10615,1.0,1,7.8
2025-09-04T09:38:56.890204,0,10615,1.0,1,13.2
2025-09-04T09:38:57.395568,0,10615,1.0,1,11.2
2025-09-04T09:38:57.900963,0,10615,1.0,1,17.3
2025-09-04T09:38:58.406351,0,10615,1.0,1,13.1
2025-09-04T09:38:58.911746,0,10615,1.0,1,9.8
2025-09-04T09:38:59.417147,0,10615,1.0,1,9.2
2025-09-04T09:38:59.922617,0,10615,1.0,1,8.9
2025-09-04T09:39:00.428150,0,10615,1.0,1,9.0
2025-09-04T09:39:00.931490,0,10615,1.0,1,6.9
2025-09-04T09:39:01.436862,0,10615,1.0,1,12.8
2025-09-04T09:39:01.941878,0,10615,1.0,1,20.5
2025-09-04T09:39:02.444127,0,10615,1.0,1,14.4
2025-09-04T09:39:02.949110,0,10615,1.0,1,10.9
2025-09-04T09:39:03.454405,0,10615,1.0,1,11.2
2025-09-04T09:39:03.959395,0,10615,1.0,1,12.7
2025-09-04T09:39:04.463800,0,10615,1.0,1,11.0
2025-09-04T09:39:04.967758,0,10615,1.0,1,15.3
2025-09-04T09:39:05.473618,0,10615,1.0,1,8.6
2025-09-04T09:39:05.979016,0,10615,1.0,1,8.4
2025-09-04T09:39:06.484394,0,10615,1.0,1,10.9
2025-09-04T09:39:06.989660,0,10615,1.0,1,10.5
2025-09-04T09:39:07.494967,0,10615,1.0,1,11.5
2025-09-04T09:39:08.000282,0,10615,1.0,1,9.2
2025-09-04T09:39:08.505610,0,10615,1.0,1,10.2
2025-09-04T09:39:09.011040,0,10615,1.0,1,8.4
2025-09-04T09:39:09.513346,0,10615,1.0,1,8.5
2025-09-04T09:39:10.015790,0,10615,1.0,1,9.2
2025-09-04T09:39:10.517365,0,10615,1.0,1,6.3
2025-09-04T09:39:11.022764,0,10615,1.0,1,9.9
2025-09-04T09:39:11.528154,0,10615,1.0,1,9.2
2025-09-04T09:39:12.033215,0,10615,1.0,1,12.3
2025-09-04T09:39:12.538578,0,10615,1.0,1,9.4
2025-09-04T09:39:13.042771,0,10615,1.0,1,12.9
2025-09-04T09:39:13.547230,0,10615,1.0,1,12.8
2025-09-04T09:39:14.048676,0,10615,1.0,1,13.1
2025-09-04T09:39:14.554113,0,10615,1.0,1,13.3
2025-09-04T09:39:15.056154,0,10615,1.0,1,8.5
2025-09-04T09:39:15.560835,0,10615,1.0,1,15.2
2025-09-04T09:39:16.064936,0,10615,1.0,1,10.3
2025-09-04T09:39:16.567228,0,10615,1.0,1,0.0
2025-09-04T09:39:17.072937,0,10615,1.0,1,12.0
2025-09-04T09:39:17.577938,0,10615,1.0,1,6.0
2025-09-04T09:39:18.081575,0,10615,1.0,1,9.5
2025-09-04T09:39:18.586938,0,10615,1.0,1,11.5
2025-09-04T09:39:19.090324,0,10615,1.0,1,9.9
2025-09-04T09:39:19.595703,0,10615,1.0,1,10.5
2025-09-04T09:39:20.099139,0,10615,1.0,1,8.6
2025-09-04T09:39:20.604355,0,10615,1.0,1,5.4
2025-09-04T09:39:21.109690,0,10615,1.0,1,14.8
2025-09-04T09:39:21.614925,0,10615,1.0,1,11.7
2025-09-04T09:39:22.117815,0,10615,1.0,1,10.4
2025-09-04T09:39:22.623215,0,10615,1.0,1,9.2
2025-09-04T09:39:23.127137,0,10615,1.0,1,4.0
2025-09-04T09:39:23.631667,0,10615,1.0,1,10.9
2025-09-04T09:39:24.134553,0,10615,1.0,1,22.7
2025-09-04T09:39:24.638073,0,10615,1.0,1,27.6
2025-09-04T09:39:25.143554,0,10615,1.0,1,27.0
2025-09-04T09:39:25.648939,0,10615,1.0,1,12.2
2025-09-04T09:39:26.151158,0,10615,1.0,1,5.2
2025-09-04T09:39:26.656541,0,10615,1.0,1,10.1
2025-09-04T09:39:27.160031,0,10615,1.0,1,8.8
2025-09-04T09:39:27.660415,0,10615,1.0,1,12.1
2025-09-04T09:39:28.162024,0,10615,1.0,1,17.6
2025-09-04T09:39:28.662845,0,10615,1.0,1,14.7
2025-09-04T09:39:29.165828,0,10615,1.0,1,10.0
2025-09-04T09:39:29.666549,0,10615,1.0,1,3.8
2025-09-04T09:39:30.167803,0,10615,1.0,1,8.4
2025-09-04T09:39:30.672245,0,10615,1.0,1,11.5
2025-09-04T09:39:31.176142,0,10615,1.0,1,5.5
2025-09-04T09:39:31.681588,0,10615,1.0,1,7.5
2025-09-04T09:39:32.184499,0,10615,1.0,1,10.7
2025-09-04T09:39:32.689932,0,10615,1.0,1,11.0
2025-09-04T09:39:33.190462,0,10615,1.0,1,13.5
2025-09-04T09:39:33.691955,0,10615,1.0,1,8.5
2025-09-04T09:39:34.197376,0,10615,1.0,1,9.4
2025-09-04T09:39:34.702807,0,10615,1.0,1,2.5
2025-09-04T09:39:35.206922,0,10615,1.0,1,1.7
2025-09-04T09:39:35.707579,0,10615,1.0,1,9.5
2025-09-04T09:39:36.213474,0,10615,1.0,1,24.8
2025-09-04T09:39:36.718191,0,10615,1.0,1,48.4
2025-09-04T09:39:37.223590,0,10615,1.0,1,38.9
2025-09-04T09:39:37.729026,0,10615,1.0,1,18.9
2025-09-04T09:39:38.234398,0,10615,1.0,1,4.0
2025-09-04T09:39:38.739720,0,10615,1.0,1,4.5
2025-09-04T09:39:39.245065,0,10615,1.0,1,17.1
2025-09-04T09:39:39.749020,0,10615,1.0,1,17.7
2025-09-04T09:39:40.254408,0,10615,1.0,1,17.3
2025-09-04T09:39:40.759794,0,10615,1.0,1,14.6
2025-09-04T09:39:41.260577,0,10615,1.0,1,34.1
2025-09-04T09:39:41.761016,0,10615,1.0,1,25.5
2025-09-04T09:39:42.263083,0,10615,1.0,1,18.3
2025-09-04T09:39:42.768486,0,10615,1.0,1,4.4
2025-09-04T09:39:43.273879,0,10615,1.0,1,6.0
2025-09-04T09:39:43.779204,0,10615,1.0,1,14.9
2025-09-04T09:39:44.284485,0,10615,1.0,1,15.1
2025-09-04T09:39:44.789822,0,10615,1.0,1,3.7
2025-09-04T09:39:45.295241,0,10615,1.0,1,3.2
2025-09-04T09:39:45.800581,0,10615,1.0,1,5.0
2025-09-04T09:39:46.305863,0,10615,1.0,1,17.4
2025-09-04T09:39:46.806932,0,10615,1.0,1,25.9
2025-09-04T09:39:47.312371,0,10615,1.0,1,5.8
2025-09-04T09:39:47.817731,0,10615,1.0,1,4.9
2025-09-04T09:39:48.321638,0,10615,1.0,1,3.5
2025-09-04T09:39:48.822958,0,10615,1.0,1,3.2
2025-09-04T09:39:49.325249,0,10615,1.0,1,2.0
2025-09-04T09:39:49.830664,0,10615,1.0,1,2.7
2025-09-04T09:39:50.335537,0,10615,1.0,1,1.0
2025-09-04T09:39:50.836771,0,10615,1.0,1,2.3
2025-09-04T09:39:51.338002,0,10615,1.0,1,14.2
2025-09-04T09:39:51.841665,0,10615,1.0,1,28.4
2025-09-04T09:39:52.344935,0,10615,1.0,1,70.2
2025-09-04T09:39:52.849593,0,10615,1.0,1,75.4
2025-09-04T09:39:53.354186,0,10615,1.0,1,59.7
2025-09-04T09:39:53.859439,0,10615,1.0,1,34.8
2025-09-04T09:39:54.364762,0,10615,1.0,1,6.2
2025-09-04T09:39:54.870154,0,10615,1.0,1,2.0
2025-09-04T09:39:55.375534,0,10615,1.0,1,12.6
2025-09-04T09:39:55.878956,0,10615,1.0,1,3.2
2025-09-04T09:39:56.380259,0,10615,1.0,1,2.5
2025-09-04T09:39:56.884675,0,10615,1.0,1,3.2
2025-09-04T09:39:57.388321,0,10615,1.0,1,2.7
2025-09-04T09:39:57.893352,0,10615,1.0,1,4.5
2025-09-04T09:39:58.394724,0,10615,1.0,1,2.5
2025-09-04T09:39:58.900077,0,10615,1.0,1,5.0
2025-09-04T09:39:59.405422,0,10615,1.0,1,1.7
2025-09-04T09:39:59.910801,0,10615,1.0,1,2.5
2025-09-04T09:40:00.416179,0,10615,1.0,1,3.7
2025-09-04T09:40:00.921510,0,10615,1.0,1,1.7
2025-09-04T09:40:01.425746,0,10615,1.0,1,2.0
2025-09-04T09:40:01.927023,0,10615,1.0,1,3.0
2025-09-04T09:40:02.428375,0,10615,1.0,1,16.2
2025-09-04T09:40:02.929205,0,10615,1.0,1,16.2
2025-09-04T09:40:03.429807,0,10615,1.0,1,21.0
2025-09-04T09:40:03.935187,0,10615,1.0,1,16.0
2025-09-04T09:40:04.439088,0,10615,1.0,1,27.4
2025-09-04T09:40:04.940429,0,10615,1.0,1,15.3
2025-09-04T09:40:05.445817,0,10615,1.0,1,8.2
2025-09-04T09:40:05.948400,0,10615,1.0,1,3.5
2025-09-04T09:40:06.452276,0,10615,1.0,1,4.5
2025-09-04T09:40:06.957725,0,10615,1.0,1,2.5
2025-09-04T09:40:07.463126,0,10615,1.0,1,10.4
2025-09-04T09:40:07.964435,0,10615,1.0,1,2.2
2025-09-04T09:40:08.468603,0,10615,1.0,1,3.2
2025-09-04T09:40:08.973974,0,10615,1.0,1,4.2
2025-09-04T09:40:09.479049,0,10615,1.0,1,3.0
2025-09-04T09:40:09.984423,0,10615,1.0,1,3.7
2025-09-04T09:40:10.487064,0,10615,1.0,1,2.2
2025-09-04T09:40:10.992455,0,10615,1.0,1,5.4
2025-09-04T09:40:11.497913,0,10615,1.0,1,3.0
2025-09-04T09:40:12.003269,0,10615,1.0,1,3.5
2025-09-04T09:40:12.508695,0,10615,1.0,1,3.2
2025-09-04T09:40:13.009729,0,10615,1.0,1,6.0
2025-09-04T09:40:13.510774,0,10615,1.0,1,2.5
2025-09-04T09:40:14.015766,0,10615,1.0,1,3.2
2025-09-04T09:40:14.518890,0,10615,1.0,1,3.3
2025-09-04T09:40:15.024267,0,10615,1.0,1,2.7
2025-09-04T09:40:15.527047,0,10615,1.0,1,2.2
2025-09-04T09:40:16.028406,0,10615,1.0,1,1.7
2025-09-04T09:40:16.529688,0,10615,1.0,1,2.5
2025-09-04T09:40:17.035059,0,10615,1.0,1,6.2
2025-09-04T09:40:17.537921,0,10615,1.0,1,3.2
2025-09-04T09:40:18.043300,0,10615,1.0,1,5.0
2025-09-04T09:40:18.547459,0,10615,1.0,1,5.7
2025-09-04T09:40:19.052415,0,10615,1.0,1,1.5
2025-09-04T09:40:19.557793,0,10615,1.0,1,4.2
2025-09-04T09:40:20.061202,0,10615,1.0,1,2.2
2025-09-04T09:40:20.565926,0,10615,1.0,1,1.5
2025-09-04T09:40:21.068492,0,10615,1.0,1,1.5
2025-09-04T09:40:21.571810,0,10615,1.0,1,3.5
2025-09-04T09:40:22.077167,0,10615,1.0,1,1.5
2025-09-04T09:40:22.582645,0,10615,1.0,1,3.7
2025-09-04T09:40:23.088054,0,10615,1.0,1,3.2
2025-09-04T09:40:23.593394,0,10615,1.0,1,2.2
2025-09-04T09:40:24.097776,0,10615,1.0,1,2.7
2025-09-04T09:40:24.603130,0,10615,1.0,1,2.0
2025-09-04T09:40:25.108406,0,10615,1.0,1,3.5
2025-09-04T09:40:25.609750,0,10615,1.0,1,2.5
2025-09-04T09:40:26.115103,0,10615,1.0,1,1.2
2025-09-04T09:40:26.620503,0,10615,1.0,1,3.7
2025-09-04T09:40:27.121780,0,10615,1.0,1,1.5
2025-09-04T09:40:27.627184,0,10615,1.0,1,4.2
2025-09-04T09:40:28.129784,0,10615,1.0,1,1.7
2025-09-04T09:40:28.635140,0,10615,1.0,1,2.0
2025-09-04T09:40:29.140459,0,10615,1.0,1,1.5
2025-09-04T09:40:29.645854,0,10615,1.0,1,1.2
2025-09-04T09:40:30.151135,0,10615,1.0,1,2.0
2025-09-04T09:40:30.656447,0,10615,1.0,1,12.6
2025-09-04T09:40:31.161696,0,10615,1.0,1,15.0
2025-09-04T09:40:31.666918,0,10615,1.0,1,15.3
2025-09-04T09:40:32.172197,0,10615,1.0,1,8.5
2025-09-04T09:40:32.674627,0,10615,1.0,1,34.7
2025-09-04T09:40:33.180095,0,10615,1.0,1,36.4
2025-09-04T09:40:33.680893,0,10615,1.0,1,38.2
2025-09-04T09:40:34.186683,0,10615,1.0,1,19.0
2025-09-04T09:40:34.692093,0,10615,1.0,1,6.4
2025-09-04T09:40:35.197505,0,10615,1.0,1,6.2
2025-09-04T09:40:35.702846,0,10615,1.0,1,5.9
2025-09-04T09:40:36.208266,0,10615,1.0,1,2.7
2025-09-04T09:40:36.713641,0,10615,1.0,1,3.2
2025-09-04T09:40:37.217331,0,10615,1.0,1,5.5
2025-09-04T09:40:37.722732,0,10615,1.0,1,9.4
2025-09-04T09:40:38.228029,0,10615,1.0,1,12.6
2025-09-04T09:40:38.730350,0,10615,1.0,1,7.2
2025-09-04T09:40:39.231772,0,10615,1.0,1,11.6
2025-09-04T09:40:39.733888,0,10615,1.0,1,12.2
2025-09-04T09:40:40.235959,0,10615,1.0,1,32.8
2025-09-04T09:40:40.741272,0,10615,1.0,1,29.7
2025-09-04T09:40:41.244495,0,10615,1.0,1,11.0
2025-09-04T09:40:41.749356,0,10615,1.0,1,9.5
2025-09-04T09:40:42.253900,0,10615,1.0,1,3.2
2025-09-04T09:40:42.759281,0,10615,1.0,1,3.7
2025-09-04T09:40:43.264614,0,10615,1.0,1,10.1
2025-09-04T09:40:43.769931,0,10615,1.0,1,26.3
2025-09-04T09:40:44.275243,0,10615,1.0,1,11.7
2025-09-04T09:40:44.780549,0,10615,1.0,1,4.0
2025-09-04T09:40:45.285931,0,10615,1.0,1,1.5
2025-09-04T09:40:45.788553,0,10615,1.0,1,2.5
2025-09-04T09:40:46.290165,0,10615,1.0,1,2.2
2025-09-04T09:40:46.793533,0,10615,1.0,1,23.1
2025-09-04T09:40:47.298911,0,10615,1.0,1,8.2
2025-09-04T09:40:47.804361,0,10615,1.0,1,3.7
2025-09-04T09:40:48.309648,0,10615,1.0,1,5.7
2025-09-04T09:40:48.812575,0,10615,1.0,1,4.2
2025-09-04T09:40:49.313352,0,10615,1.0,1,1.0
2025-09-04T09:40:49.818034,0,10615,1.0,1,1.2
2025-09-04T09:40:50.321911,0,10615,1.0,1,1.5
2025-09-04T09:40:50.823282,0,10615,1.0,1,1.7
2025-09-04T09:40:51.323957,0,10615,1.0,1,0.7
2025-09-04T09:40:51.829307,0,10615,1.0,1,1.2
2025-09-04T09:40:52.334682,0,10615,1.0,1,1.7
2025-09-04T09:40:52.840041,0,10615,1.0,1,1.0
2025-09-04T09:40:53.345419,0,10615,1.0,1,1.7
2025-09-04T09:40:53.847252,0,10615,1.0,1,2.5
2025-09-04T09:40:54.348620,0,10615,1.0,1,1.0
2025-09-04T09:40:54.850593,0,10615,1.0,1,1.2
2025-09-04T09:40:55.351283,0,10615,1.0,1,2.5
2025-09-04T09:40:55.856645,0,10615,1.0,1,1.7
2025-09-04T09:40:56.359299,0,10615,1.0,1,1.0
2025-09-04T09:40:56.862977,0,10615,1.0,1,1.0
2025-09-04T09:40:57.368320,0,10615,1.0,1,1.0
2025-09-04T09:40:57.873690,0,10615,1.0,1,0.7
2025-09-04T09:40:58.379011,0,10615,1.0,1,0.7
2025-09-04T09:40:58.881931,0,10615,1.0,1,0.7
2025-09-04T09:40:59.387254,0,10615,1.0,1,1.0
2025-09-04T09:40:59.889939,0,10615,1.0,1,1.0
2025-09-04T09:41:00.395264,0,10615,1.0,1,2.2
2025-09-04T09:41:00.900627,0,10615,1.0,1,0.7
2025-09-04T09:41:01.403064,0,10615,1.0,1,1.0
2025-09-04T09:41:01.908420,0,10615,1.0,1,1.5
2025-09-04T09:41:02.412626,0,10615,1.0,1,5.5
2025-09-04T09:41:02.914026,0,10615,1.0,1,2.0
2025-09-04T09:41:03.419158,0,10615,1.0,1,10.3
2025-09-04T09:41:03.922186,0,10615,1.0,1,4.5
2025-09-04T09:41:04.424276,0,10615,1.0,1,4.0
2025-09-04T09:41:04.929653,0,10615,1.0,1,1.5
2025-09-04T09:41:05.431307,0,10615,1.0,1,1.2
2025-09-04T09:41:05.932685,0,10615,1.0,1,1.0
2025-09-04T09:41:06.438009,0,10615,1.0,1,1.0
2025-09-04T09:41:06.943329,0,10615,1.0,1,0.7
2025-09-04T09:41:07.445023,0,10615,1.0,1,2.5
2025-09-04T09:41:07.949349,0,10615,1.0,1,15.2
2025-09-04T09:41:08.450497,0,10615,1.0,1,21.5
2025-09-04T09:41:08.955818,0,10615,1.0,1,9.0
2025-09-04T09:41:09.460210,0,10615,1.0,1,21.1
2025-09-04T09:41:09.965516,0,10615,1.0,1,44.8
2025-09-04T09:41:10.470735,0,10615,1.0,1,43.2
2025-09-04T09:41:10.975944,0,10615,1.0,1,35.9
2025-09-04T09:41:11.479552,0,10615,1.0,1,16.3
2025-09-04T09:41:11.982677,0,10615,1.0,1,6.0
2025-09-04T09:41:12.483018,0,10615,1.0,1,12.9
2025-09-04T09:41:12.988338,0,10615,1.0,1,9.9
2025-09-04T09:41:13.493375,0,10615,1.0,1,9.4
2025-09-04T09:41:13.994871,0,10615,1.0,1,17.2
2025-09-04T09:41:14.500193,0,10615,1.0,1,11.3
2025-09-04T09:41:15.002921,0,10615,1.0,1,7.8
2025-09-04T09:41:15.508307,0,10615,1.0,1,4.9
2025-09-04T09:41:16.013672,0,10615,1.0,1,2.0
2025-09-04T09:41:16.515593,0,10615,1.0,1,4.5
2025-09-04T09:41:17.020919,0,10615,1.0,1,32.3
2025-09-04T09:41:17.523331,0,10615,1.0,1,10.9
2025-09-04T09:41:18.023881,0,10615,1.0,1,11.9
2025-09-04T09:41:18.528651,0,10615,1.0,1,5.4
2025-09-04T09:41:19.034090,0,10615,1.0,1,12.8
2025-09-04T09:41:19.537993,0,10615,1.0,1,22.2
2025-09-04T09:41:20.043147,0,10615,1.0,1,9.8
2025-09-04T09:41:20.545606,0,10615,1.0,1,4.4
2025-09-04T09:41:21.049325,0,10615,1.0,1,9.5
2025-09-04T09:41:21.554208,0,10615,1.0,1,9.0
2025-09-04T09:41:22.055310,0,10615,1.0,1,23.2
2025-09-04T09:41:22.560577,0,10615,1.0,1,17.6
2025-09-04T09:41:23.064264,0,10615,1.0,1,19.6
2025-09-04T09:41:23.568220,0,10615,1.0,1,13.3
2025-09-04T09:41:24.073604,0,10615,1.0,1,4.2
2025-09-04T09:41:24.579021,0,10615,1.0,1,10.2
2025-09-04T09:41:25.083749,0,10615,1.0,1,11.7
2025-09-04T09:41:25.589167,0,10615,1.0,1,20.0
2025-09-04T09:41:26.094576,0,10615,1.0,1,5.0
2025-09-04T09:41:26.599938,0,10615,1.0,1,2.7
2025-09-04T09:41:27.105276,0,10615,1.0,1,14.6
2025-09-04T09:41:27.609780,0,10615,1.0,1,7.2
2025-09-04T09:41:28.111097,0,10615,1.0,1,7.5
2025-09-04T09:41:28.616494,0,10615,1.0,1,13.8
2025-09-04T09:41:29.121918,0,10615,1.0,1,9.0
2025-09-04T09:41:29.627402,0,10615,1.0,1,9.2
2025-09-04T09:41:30.132761,0,10615,1.0,1,9.9
2025-09-04T09:41:30.638168,0,10615,1.0,1,11.5
2025-09-04T09:41:31.143512,0,10615,1.0,1,10.3
2025-09-04T09:41:31.650282,0,10615,1.0,1,25.9
2025-09-04T09:41:32.160808,0,10615,1.0,1,23.1
2025-09-04T09:41:32.663511,0,10615,1.0,1,7.9
2025-09-04T09:41:33.166578,0,10615,1.0,1,10.0
2025-09-04T09:41:33.666880,0,10615,1.0,1,16.5
2025-09-04T09:41:34.172217,0,10615,1.0,1,8.2
2025-09-04T09:41:34.677483,0,10615,1.0,1,8.5
2025-09-04T09:41:35.177896,0,10615,1.0,1,15.2
2025-09-04T09:41:35.683221,0,10615,1.0,1,8.6
2025-09-04T09:41:36.186565,0,10615,1.0,1,9.0
2025-09-04T09:41:36.691892,0,10615,1.0,1,13.7
2025-09-04T09:41:37.192682,0,10615,1.0,1,12.9
2025-09-04T09:41:37.693139,0,10615,1.0,1,8.5
2025-09-04T09:41:38.198542,0,10615,1.0,1,12.7
2025-09-04T09:41:38.699401,0,10615,1.0,1,9.7
2025-09-04T09:41:39.204827,0,10615,1.0,1,8.5
2025-09-04T09:41:39.705855,0,10615,1.0,1,8.3
2025-09-04T09:41:40.209799,0,10615,1.0,1,5.2
2025-09-04T09:41:40.713406,0,10615,1.0,1,13.2
2025-09-04T09:41:41.218745,0,10615,1.0,1,9.4
2025-09-04T09:41:41.724114,0,10615,1.0,1,12.4
2025-09-04T09:41:42.229505,0,10615,1.0,1,12.8
2025-09-04T09:41:42.733735,0,10615,1.0,1,8.7
2025-09-04T09:41:43.239068,0,10615,1.0,1,16.5
2025-09-04T09:41:43.743115,0,10615,1.0,1,12.6
2025-09-04T09:41:44.244199,0,10615,1.0,1,37.5
2025-09-04T09:41:44.749392,0,10615,1.0,1,10.7
2025-09-04T09:41:45.251473,0,10615,1.0,1,6.2
2025-09-04T09:41:45.756843,0,10615,1.0,1,13.7
2025-09-04T09:41:46.259697,0,10615,1.0,1,8.0
2025-09-04T09:41:46.762499,0,10615,1.0,1,4.7
2025-09-04T09:41:47.266261,0,10615,1.0,1,17.4
2025-09-04T09:41:47.771699,0,10615,1.0,1,10.4
2025-09-04T09:41:48.277093,0,10615,1.0,1,15.0
2025-09-04T09:41:48.781660,0,10615,1.0,1,15.2
2025-09-04T09:41:49.284751,0,10615,1.0,1,15.3
2025-09-04T09:41:49.789962,0,10615,1.0,1,16.3
2025-09-04T09:41:50.292612,0,10615,1.0,1,26.4
2025-09-04T09:41:50.797924,0,10615,1.0,1,15.8
2025-09-04T09:41:51.303426,0,10615,1.0,1,15.7
2025-09-04T09:41:51.808922,0,10615,1.0,1,22.2
2025-09-04T09:41:52.312805,0,10615,1.0,1,17.7
2025-09-04T09:41:52.816111,0,10615,1.0,1,11.2
2025-09-04T09:41:53.319224,0,10615,1.0,1,15.9
2025-09-04T09:41:53.822370,0,10615,1.0,1,13.6
2025-09-04T09:41:54.327552,0,10615,1.0,1,16.0
2025-09-04T09:41:54.833046,0,10615,1.0,1,9.4
2025-09-04T09:41:55.336771,0,10615,1.0,1,8.4
2025-09-04T09:41:55.842221,0,10615,1.0,1,4.0
2025-09-04T09:41:56.345261,0,10615,1.0,1,1.5
2025-09-04T09:41:56.850654,0,10615,1.0,1,10.6
2025-09-04T09:41:57.356057,0,10615,1.0,1,8.8
2025-09-04T09:41:57.858273,0,10615,1.0,1,11.0
2025-09-04T09:41:58.363688,0,10615,1.0,1,7.5
2025-09-04T09:41:58.864179,0,10615,1.0,1,13.8
2025-09-04T09:41:59.369610,0,10615,1.0,1,10.4
2025-09-04T09:41:59.873369,0,10615,1.0,1,14.0
2025-09-04T09:42:00.376537,0,10615,1.0,1,11.1
2025-09-04T09:42:00.881636,0,10615,1.0,1,5.3
2025-09-04T09:42:01.384842,0,10615,1.0,1,1.2
2025-09-04T09:42:01.889980,0,10615,1.0,1,3.5
2025-09-04T09:42:02.395378,0,10615,1.0,1,9.2
2025-09-04T09:42:02.900775,0,10615,1.0,1,14.6
2025-09-04T09:42:03.401932,0,10615,1.0,1,12.6
2025-09-04T09:42:03.907752,0,10615,1.0,1,9.7
2025-09-04T09:42:04.410113,0,10615,1.0,1,14.3
2025-09-04T09:42:04.914953,0,10615,1.0,1,11.6
2025-09-04T09:42:05.420325,0,10615,1.0,1,10.5
2025-09-04T09:42:05.923023,0,10615,1.0,1,3.2
2025-09-04T09:42:06.428434,0,10615,1.0,1,2.0
2025-09-04T09:42:06.933809,0,10615,1.0,1,1.7
2025-09-04T09:42:07.436971,0,10615,1.0,1,1.0
2025-09-04T09:42:07.942338,0,10615,1.0,1,2.0
2025-09-04T09:42:08.444961,0,10615,1.0,1,0.5
2025-09-04T09:42:08.946324,0,10615,1.0,1,1.5
2025-09-04T09:42:09.451739,0,10615,1.0,1,1.0
2025-09-04T09:42:09.955121,0,10615,1.0,1,2.7
2025-09-04T09:42:10.459430,0,10615,1.0,1,1.5
2025-09-04T09:42:10.964688,0,10615,1.0,1,1.2
2025-09-04T09:42:11.468992,0,10615,1.0,1,1.5
2025-09-04T09:42:11.974381,0,10615,1.0,1,3.0
2025-09-04T09:42:12.476684,0,10615,1.0,1,1.0
2025-09-04T09:42:12.978305,0,10615,1.0,1,5.0
2025-09-04T09:42:13.479643,0,10615,1.0,1,3.7
2025-09-04T09:42:13.980993,0,10615,1.0,1,1.5
2025-09-04T09:42:14.486361,0,10615,1.0,1,1.0
2025-09-04T09:42:14.987089,0,10615,1.0,1,1.5
2025-09-04T09:42:15.492214,0,10615,1.0,1,1.2
2025-09-04T09:42:15.997546,0,10615,1.0,1,1.0
2025-09-04T09:42:16.502871,0,10615,1.0,1,0.7
2025-09-04T09:42:17.008212,0,10615,1.0,1,1.5
2025-09-04T09:42:17.511313,0,10615,1.0,1,6.3
2025-09-04T09:42:18.016844,0,10615,1.0,1,4.2
2025-09-04T09:42:18.521462,0,10615,1.0,1,4.7
2025-09-04T09:42:19.026343,0,10615,1.0,1,1.5
2025-09-04T09:42:19.526899,0,10615,1.0,1,0.8
2025-09-04T09:42:20.032280,0,10615,1.0,1,1.5
2025-09-04T09:42:20.535681,0,10615,1.0,1,1.0
2025-09-04T09:42:21.037044,0,10615,1.0,1,1.0
2025-09-04T09:42:21.541138,0,10615,1.0,1,1.7
2025-09-04T09:42:22.046519,0,10615,1.0,1,1.7
2025-09-04T09:42:22.551685,0,10615,1.0,1,1.7
2025-09-04T09:42:23.057079,0,10615,1.0,1,2.2
2025-09-04T09:42:23.562475,0,10615,1.0,1,1.7
2025-09-04T09:42:24.067878,0,10615,1.0,1,2.0
2025-09-04T09:42:24.573022,0,10615,1.0,1,0.5
2025-09-04T09:42:25.074390,0,10615,1.0,1,1.2
2025-09-04T09:42:25.579730,0,10615,1.0,1,4.7
2025-09-04T09:42:26.085132,0,10615,1.0,1,1.0
2025-09-04T09:42:26.589699,0,10615,1.0,1,1.7
2025-09-04T09:42:27.090443,0,10615,1.0,1,1.0
2025-09-04T09:42:27.595789,0,10615,1.0,1,2.2
2025-09-04T09:42:28.097286,0,10615,1.0,1,0.8
2025-09-04T09:42:28.601110,0,10615,1.0,1,1.5
2025-09-04T09:42:29.106457,0,10615,1.0,1,1.0
2025-09-04T09:42:29.607725,0,10615,1.0,1,1.2
2025-09-04T09:42:30.113065,0,10615,1.0,1,1.0
2025-09-04T09:42:30.618392,0,10615,1.0,1,1.5
2025-09-04T09:42:31.123709,0,10615,1.0,1,0.7
2025-09-04T09:42:31.629038,0,10615,1.0,1,2.0
2025-09-04T09:42:32.134396,0,10615,1.0,1,1.0
2025-09-04T09:42:32.637130,0,10615,1.0,1,1.7
2025-09-04T09:42:33.142464,0,10615,1.0,1,2.0
2025-09-04T09:42:33.643773,0,10615,1.0,1,2.0
2025-09-04T09:42:34.146438,0,10615,1.0,1,0.5
2025-09-04T09:42:34.647790,0,10615,1.0,1,1.2
2025-09-04T09:42:35.153108,0,10615,1.0,1,1.0
2025-09-04T09:42:35.658468,0,10615,1.0,1,1.0
2025-09-04T09:42:36.162741,0,10615,1.0,1,0.7
2025-09-04T09:42:36.663760,0,10615,1.0,1,1.0
2025-09-04T09:42:37.169075,0,10615,1.0,1,0.7
2025-09-04T09:42:37.674390,0,10615,1.0,1,1.7
2025-09-04T09:42:38.179710,0,10615,1.0,1,1.2
2025-09-04T09:42:38.685029,0,10615,1.0,1,0.5
2025-09-04T09:42:39.190343,0,10615,1.0,1,1.2
2025-09-04T09:42:39.695719,0,10615,1.0,1,1.0
2025-09-04T09:42:40.201078,0,10615,1.0,1,1.5
2025-09-04T09:42:40.706437,0,10615,1.0,1,2.0
2025-09-04T09:42:41.211836,0,10615,1.0,1,1.2
2025-09-04T09:42:41.713483,0,10615,1.0,1,1.0
2025-09-04T09:42:42.218842,0,10615,1.0,1,1.2
2025-09-04T09:42:42.724203,0,10615,1.0,1,3.5
2025-09-04T09:42:43.229615,0,10615,1.0,1,2.7
2025-09-04T09:42:43.734946,0,10615,1.0,1,3.0
2025-09-04T09:42:44.240167,0,10615,1.0,1,1.5
2025-09-04T09:42:44.743872,0,10615,1.0,1,3.0
2025-09-04T09:42:45.249245,0,10615,1.0,1,0.8
2025-09-04T09:42:45.751796,0,10615,1.0,1,1.5
2025-09-04T09:42:46.257109,0,10615,1.0,1,3.5
2025-09-04T09:42:46.761838,0,10615,1.0,1,11.1
2025-09-04T09:42:47.266530,0,10615,1.0,1,25.5
2025-09-04T09:42:47.769159,0,10615,1.0,1,8.8
2025-09-04T09:42:48.272873,0,10615,1.0,1,2.7
2025-09-04T09:42:48.778099,0,10615,1.0,1,3.7
2025-09-04T09:42:49.283117,0,10615,1.0,1,1.7
2025-09-04T09:42:49.788420,0,10615,1.0,1,0.7
2025-09-04T09:42:50.290489,0,10615,1.0,1,1.5
2025-09-04T09:42:50.794415,0,10615,1.0,1,0.5
2025-09-04T09:42:51.298212,0,10615,1.0,1,1.5
2025-09-04T09:42:51.800427,0,10615,1.0,1,1.3
2025-09-04T09:42:52.305336,0,10615,1.0,1,1.0
2025-09-04T09:42:52.810536,0,10615,1.0,1,1.7
2025-09-04T09:42:53.315888,0,10615,1.0,1,1.2
2025-09-04T09:42:53.821200,0,10615,1.0,1,1.5
2025-09-04T09:42:54.322505,0,10615,1.0,1,0.7
2025-09-04T09:42:54.827870,0,10615,1.0,1,1.0
2025-09-04T09:42:55.330523,0,10615,1.0,1,0.8
2025-09-04T09:42:55.831851,0,10615,1.0,1,1.7
2025-09-04T09:42:56.337171,0,10615,1.0,1,0.5
2025-09-04T09:42:56.838661,0,10615,1.0,1,1.5
2025-09-04T09:42:57.344014,0,10615,1.0,1,1.0
2025-09-04T09:42:57.849355,0,10615,1.0,1,1.5
2025-09-04T09:42:58.354679,0,10615,1.0,1,1.0
2025-09-04T09:42:58.855868,0,10615,1.0,1,1.0
2025-09-04T09:42:59.357199,0,10615,1.0,1,0.5
2025-09-04T09:42:59.862508,0,10615,1.0,1,0.7
2025-09-04T09:43:00.367866,0,10615,1.0,1,2.5
2025-09-04T09:43:00.871917,0,10615,1.0,1,1.2
2025-09-04T09:43:01.377242,0,10615,1.0,1,0.7
2025-09-04T09:43:01.882563,0,10615,1.0,1,1.2
2025-09-04T09:43:02.387869,0,10615,1.0,1,1.0
2025-09-04T09:43:02.893175,0,10615,1.0,1,1.7
2025-09-04T09:43:03.398489,0,10615,1.0,1,0.5
2025-09-04T09:43:03.903795,0,10615,1.0,1,1.2
2025-09-04T09:43:04.406051,0,10615,1.0,1,0.5
2025-09-04T09:43:04.911423,0,10615,1.0,1,1.2
2025-09-04T09:43:05.416740,0,10615,1.0,1,1.0
2025-09-04T09:43:05.922051,0,10615,1.0,1,0.5
2025-09-04T09:43:06.427453,0,10615,1.0,1,1.5
2025-09-04T09:43:06.930573,0,10615,1.0,1,1.5
2025-09-04T09:43:07.435947,0,10615,1.0,1,0.2
2025-09-04T09:43:07.938593,0,10615,1.0,1,2.2
2025-09-04T09:43:08.439901,0,10615,1.0,1,0.5
2025-09-04T09:43:08.941265,0,10615,1.0,1,1.5
2025-09-04T09:43:09.446602,0,10615,1.0,1,1.0
2025-09-04T09:43:09.952006,0,10615,1.0,1,2.0
2025-09-04T09:43:10.457365,0,10615,1.0,1,2.0
2025-09-04T09:43:10.962706,0,10615,1.0,1,1.2
2025-09-04T09:43:11.464036,0,10615,1.0,1,1.5
2025-09-04T09:43:11.965281,0,10615,1.0,1,2.0
2025-09-04T09:43:12.470623,0,10615,1.0,1,0.7
2025-09-04T09:43:12.974748,0,10615,1.0,1,18.6
2025-09-04T09:43:13.480199,0,10615,1.0,1,6.7
2025-09-04T09:43:13.981655,0,10615,1.0,1,1.2
2025-09-04T09:43:14.483823,0,10615,1.0,1,1.0
2025-09-04T09:43:14.989166,0,10615,1.0,1,1.2
2025-09-04T09:43:15.494501,0,10615,1.0,1,0.5
2025-09-04T09:43:15.999839,0,10615,1.0,1,1.5
2025-09-04T09:43:16.503956,0,10615,1.0,1,1.0
2025-09-04T09:43:17.009307,0,10615,1.0,1,1.2
2025-09-04T09:43:17.513717,0,10615,1.0,1,10.0
2025-09-04T09:43:18.018257,0,10615,1.0,1,2.5
2025-09-04T09:43:18.519998,0,10615,1.0,1,3.0
2025-09-04T09:43:19.021281,0,10615,1.0,1,1.8
2025-09-04T09:43:19.522641,0,10615,1.0,1,1.0
2025-09-04T09:43:20.025872,0,10615,1.0,1,2.2
2025-09-04T09:43:20.530642,0,10615,1.0,1,0.7
2025-09-04T09:43:21.031974,0,10615,1.0,1,0.5
2025-09-04T09:43:21.535546,0,10615,1.0,1,1.0
2025-09-04T09:43:22.040905,0,10615,1.0,1,4.2
2025-09-04T09:43:22.541312,0,10615,1.0,1,1.7
2025-09-04T09:43:23.046658,0,10615,1.0,1,2.0
2025-09-04T09:43:23.552066,0,10615,1.0,1,0.7
2025-09-04T09:43:24.057359,0,10615,1.0,1,1.0
2025-09-04T09:43:24.559400,0,10615,1.0,1,1.2
2025-09-04T09:43:25.064736,0,10615,1.0,1,0.7
2025-09-04T09:43:25.570104,0,10615,1.0,1,2.2
2025-09-04T09:43:26.075437,0,10615,1.0,1,1.0
2025-09-04T09:43:26.580771,0,10615,1.0,1,11.1
2025-09-04T09:43:27.086008,0,10615,1.0,1,16.1
2025-09-04T09:43:27.587169,0,10615,1.0,1,15.5
2025-09-04T09:43:28.092582,0,10615,1.0,1,16.4
2025-09-04T09:43:28.598006,0,10615,1.0,1,4.5
2025-09-04T09:43:29.099481,0,10615,1.0,1,2.5
2025-09-04T09:43:29.604895,0,10615,1.0,1,2.5
2025-09-04T09:43:30.109344,0,10615,1.0,1,1.5
2025-09-04T09:43:30.610018,0,10615,1.0,1,1.0
2025-09-04T09:43:31.115397,0,10615,1.0,1,1.5
2025-09-04T09:43:31.620781,0,10615,1.0,1,5.2
2025-09-04T09:43:32.125403,0,10615,1.0,1,2.0
2025-09-04T09:43:32.627727,0,10615,1.0,1,1.8
2025-09-04T09:43:33.128796,0,10615,1.0,1,3.5
2025-09-04T09:43:33.634215,0,10615,1.0,1,1.2
2025-09-04T09:43:34.139560,0,10615,1.0,1,1.2
2025-09-04T09:43:34.644917,0,10615,1.0,1,1.2
2025-09-04T09:43:35.149485,0,10615,1.0,1,2.0
2025-09-04T09:43:35.654807,0,10615,1.0,1,0.7
2025-09-04T09:43:36.160140,0,10615,1.0,1,1.2
2025-09-04T09:43:36.665449,0,10615,1.0,1,1.2
2025-09-04T09:43:37.170744,0,10615,1.0,1,2.7
2025-09-04T09:43:37.676093,0,10615,1.0,1,2.2
2025-09-04T09:43:38.178789,0,10615,1.0,1,1.2
2025-09-04T09:43:38.680146,0,10615,1.0,1,3.0
2025-09-04T09:43:39.185544,0,10615,1.0,1,1.5
2025-09-04T09:43:39.688117,0,10615,1.0,1,1.0
2025-09-04T09:43:40.193503,0,10615,1.0,1,1.2
2025-09-04T09:43:40.696787,0,10615,1.0,1,2.2
2025-09-04T09:43:41.202147,0,10615,1.0,1,1.0
2025-09-04T09:43:41.704196,0,10615,1.0,1,2.2
2025-09-04T09:43:42.205402,0,10615,1.0,1,5.3
2025-09-04T09:43:42.710747,0,10615,1.0,1,2.5
2025-09-04T09:43:43.213409,0,10615,1.0,1,15.1
2025-09-04T09:43:43.718637,0,10615,1.0,1,8.4
2025-09-04T09:43:44.223928,0,10615,1.0,1,3.9
2025-09-04T09:43:44.728128,0,10615,1.0,1,4.0
2025-09-04T09:43:45.233014,0,10615,1.0,1,1.2
2025-09-04T09:43:45.738442,0,10615,1.0,1,2.0
2025-09-04T09:43:46.243804,0,10615,1.0,1,1.5
2025-09-04T09:43:46.749166,0,10615,1.0,1,1.5
2025-09-04T09:43:47.250811,0,10615,1.0,1,1.5
2025-09-04T09:43:47.756291,0,10615,1.0,1,13.7
2025-09-04T09:43:48.261728,0,10615,1.0,1,1.8
2025-09-04T09:43:48.767114,0,10615,1.0,1,4.0
2025-09-04T09:43:49.272409,0,10615,1.0,1,1.7
2025-09-04T09:43:49.777805,0,10615,1.0,1,1.2
2025-09-04T09:43:50.281529,0,10615,1.0,1,1.5
2025-09-04T09:43:50.786860,0,10615,1.0,1,1.2
2025-09-04T09:43:51.292195,0,10615,1.0,1,1.5
2025-09-04T09:43:51.797508,0,10615,1.0,1,2.2
2025-09-04T09:43:52.302778,0,10615,1.0,1,2.5
2025-09-04T09:43:52.808187,0,10615,1.0,1,7.8
2025-09-04T09:43:53.309771,0,10615,1.0,1,4.0
2025-09-04T09:43:53.815257,0,10615,1.0,1,1.5
2025-09-04T09:43:54.320676,0,10615,1.0,1,8.4
2025-09-04T09:43:54.824738,0,10615,1.0,1,10.2
2025-09-04T09:43:55.330779,0,10615,1.0,1,13.3
2025-09-04T09:43:55.833716,0,10615,1.0,1,12.6
2025-09-04T09:43:56.337318,0,10615,1.0,1,14.5
2025-09-04T09:43:56.842747,0,10615,1.0,1,12.7
2025-09-04T09:43:57.348096,0,10615,1.0,1,13.4
2025-09-04T09:43:57.852051,0,10615,1.0,1,17.5
2025-09-04T09:43:58.354818,0,10615,1.0,1,8.5
2025-09-04T09:43:58.860101,0,10615,1.0,1,11.7
2025-09-04T09:43:59.365175,0,10615,1.0,1,9.1
2025-09-04T09:43:59.869515,0,10615,1.0,1,2.2
2025-09-04T09:44:00.374882,0,10615,1.0,1,4.0
2025-09-04T09:44:00.878850,0,10615,1.0,1,2.0
2025-09-04T09:44:01.382626,0,10615,1.0,1,0.5
2025-09-04T09:44:01.888002,0,10615,1.0,1,2.5
2025-09-04T09:44:02.393369,0,10615,1.0,1,1.2
2025-09-04T09:44:02.898719,0,10615,1.0,1,2.0
2025-09-04T09:44:03.404083,0,10615,1.0,1,1.2
2025-09-04T09:44:03.909428,0,10615,1.0,1,2.0
2025-09-04T09:44:04.414807,0,10615,1.0,1,1.5
2025-09-04T09:44:04.920141,0,10615,1.0,1,4.9
2025-09-04T09:44:05.425517,0,10615,1.0,1,1.8
2025-09-04T09:44:05.928216,0,10615,1.0,1,3.2
2025-09-04T09:44:06.433585,0,10615,1.0,1,1.0
2025-09-04T09:44:06.937915,0,10615,1.0,1,2.0
2025-09-04T09:44:07.442877,0,10615,1.0,1,1.0
2025-09-04T09:44:07.948198,0,10615,1.0,1,2.5
2025-09-04T09:44:08.450885,0,10615,1.0,1,1.2
2025-09-04T09:44:08.955471,0,10615,1.0,1,1.2
2025-09-04T09:44:09.460860,0,10615,1.0,1,1.2
2025-09-04T09:44:09.966219,0,10615,1.0,1,1.5
2025-09-04T09:44:10.471633,0,10615,1.0,1,2.0
2025-09-04T09:44:10.977000,0,10615,1.0,1,1.7
2025-09-04T09:44:11.481771,0,10615,1.0,1,2.0
2025-09-04T09:44:11.982848,0,10615,1.0,1,3.7
2025-09-04T09:44:12.488231,0,10615,1.0,1,0.5
2025-09-04T09:44:12.989622,0,10615,1.0,1,5.0
2025-09-04T09:44:13.494977,0,10615,1.0,1,1.0
2025-09-04T09:44:14.000281,0,10615,1.0,1,1.7
2025-09-04T09:44:14.505605,0,10615,1.0,1,1.2
2025-09-04T09:44:15.010918,0,10615,1.0,1,1.0
2025-09-04T09:44:15.516253,0,10615,1.0,1,1.5
2025-09-04T09:44:16.021622,0,10615,1.0,1,0.7
2025-09-04T09:44:16.526980,0,10615,1.0,1,1.0
2025-09-04T09:44:17.032267,0,10615,1.0,1,8.6
2025-09-04T09:44:17.536626,0,10615,1.0,1,16.7
2025-09-04T09:44:18.040247,0,10615,1.0,1,9.7
2025-09-04T09:44:18.542898,0,10615,1.0,1,2.5
2025-09-04T09:44:19.048216,0,10615,1.0,1,6.0
2025-09-04T09:44:19.548690,0,10615,1.0,1,1.5
2025-09-04T09:44:20.049495,0,10615,1.0,1,1.2
2025-09-04T09:44:20.552296,0,10615,1.0,1,1.2
2025-09-04T09:44:21.057677,0,10615,1.0,1,2.2
2025-09-04T09:44:21.563039,0,10615,1.0,1,1.0
2025-09-04T09:44:22.066936,0,10615,1.0,1,3.2
2025-09-04T09:44:22.572319,0,10615,1.0,1,1.0
2025-09-04T09:44:23.077665,0,10615,1.0,1,2.0
2025-09-04T09:44:23.582845,0,10615,1.0,1,1.2
2025-09-04T09:44:24.084962,0,10615,1.0,1,2.2
2025-09-04T09:44:24.590426,0,10615,1.0,1,16.1
2025-09-04T09:44:25.096322,0,10615,1.0,1,8.1
2025-09-04T09:44:25.601749,0,10615,1.0,1,6.7
2025-09-04T09:44:26.107207,0,10615,1.0,1,5.2
2025-09-04T09:44:26.607687,0,10615,1.0,1,5.3
2025-09-04T09:44:27.108928,0,10615,1.0,1,2.7
2025-09-04T09:44:27.613892,0,10615,1.0,1,8.7
2025-09-04T09:44:28.119212,0,10615,1.0,1,8.3
2025-09-04T09:44:28.624602,0,10615,1.0,1,14.4
2025-09-04T09:44:29.127191,0,10615,1.0,1,10.5
2025-09-04T09:44:29.632593,0,10615,1.0,1,5.2
2025-09-04T09:44:30.138008,0,10615,1.0,1,5.7
2025-09-04T09:44:30.643123,0,10615,1.0,1,3.2
2025-09-04T09:44:31.148452,0,10615,1.0,1,1.7
2025-09-04T09:44:31.653846,0,10615,1.0,1,3.7
2025-09-04T09:44:32.159201,0,10615,1.0,1,9.7
2025-09-04T09:44:32.664450,0,10615,1.0,1,5.5
2025-09-04T09:44:33.169146,0,10615,1.0,1,1.7
2025-09-04T09:44:33.671258,0,10615,1.0,1,19.3
2025-09-04T09:44:34.176653,0,10615,1.0,1,20.0
2025-09-04T09:44:34.681781,0,10615,1.0,1,2.5
2025-09-04T09:44:35.187140,0,10615,1.0,1,1.7
2025-09-04T09:44:35.692485,0,10615,1.0,1,1.5
2025-09-04T09:44:36.197819,0,10615,1.0,1,1.5
2025-09-04T09:44:36.703155,0,10615,1.0,1,1.5
2025-09-04T09:44:37.207129,0,10615,1.0,1,1.7
2025-09-04T09:44:37.709183,0,10615,1.0,1,14.0
2025-09-04T09:44:38.214537,0,10615,1.0,1,8.1
2025-09-04T09:44:38.717734,0,10615,1.0,1,13.1
2025-09-04T09:44:39.221357,0,10615,1.0,1,9.5
2025-09-04T09:44:39.726720,0,10615,1.0,1,7.7
2025-09-04T09:44:40.232130,0,10615,1.0,1,9.0
2025-09-04T09:44:40.732945,0,10615,1.0,1,11.0
2025-09-04T09:44:41.234519,0,10615,1.0,1,4.0
2025-09-04T09:44:41.739893,0,10615,1.0,1,4.5
2025-09-04T09:44:42.243113,0,10615,1.0,1,1.5
2025-09-04T09:44:42.748479,0,10615,1.0,1,3.2
2025-09-04T09:44:43.253882,0,10615,1.0,1,10.0
2025-09-04T09:44:43.756657,0,10615,1.0,1,7.2
2025-09-04T09:44:44.261931,0,10615,1.0,1,15.6
2025-09-04T09:44:44.767780,0,10615,1.0,1,11.1
2025-09-04T09:44:45.273062,0,10615,1.0,1,15.9
2025-09-04T09:44:45.778344,0,10615,1.0,1,13.6
2025-09-04T09:44:46.283696,0,10615,1.0,1,11.2
2025-09-04T09:44:46.789074,0,10615,1.0,1,12.7
2025-09-04T09:44:47.293774,0,10615,1.0,1,6.3
2025-09-04T09:44:47.798870,0,10615,1.0,1,39.3
2025-09-04T09:44:48.304236,0,10615,1.0,1,9.7
2025-09-04T09:44:48.808426,0,10615,1.0,1,12.0
2025-09-04T09:44:49.309767,0,10615,1.0,1,7.5
2025-09-04T09:44:49.815137,0,10615,1.0,1,2.2
2025-09-04T09:44:50.317772,0,10615,1.0,1,17.0
2025-09-04T09:44:50.820584,0,10615,1.0,1,2.7
2025-09-04T09:44:51.325983,0,10615,1.0,1,8.2
2025-09-04T09:44:51.831369,0,10615,1.0,1,2.0
2025-09-04T09:44:52.336710,0,10615,1.0,1,5.2
2025-09-04T09:44:52.842078,0,10615,1.0,1,11.5
2025-09-04T09:44:53.347464,0,10615,1.0,1,2.0
2025-09-04T09:44:53.852941,0,10615,1.0,1,23.8
2025-09-04T09:44:54.356932,0,10615,1.0,1,18.8
2025-09-04T09:44:54.861801,0,10615,1.0,1,8.5
2025-09-04T09:44:55.363727,0,10615,1.0,1,5.4
2025-09-04T09:44:55.868126,0,10615,1.0,1,10.1
2025-09-04T09:44:56.371183,0,10615,1.0,1,13.8
2025-09-04T09:44:56.876641,0,10615,1.0,1,18.1
2025-09-04T09:44:57.379113,0,10615,1.0,1,9.0
2025-09-04T09:44:57.880455,0,10615,1.0,1,16.7
2025-09-04T09:44:58.385815,0,10615,1.0,1,13.3
2025-09-04T09:44:58.891251,0,10615,1.0,1,15.8
2025-09-04T09:44:59.395147,0,10615,1.0,1,5.2
2025-09-04T09:44:59.896518,0,10615,1.0,1,1.0
2025-09-04T09:45:00.400529,0,10615,1.0,1,4.2
2025-09-04T09:45:00.902328,0,10615,1.0,1,1.3
2025-09-04T09:45:01.407706,0,10615,1.0,1,1.7
2025-09-04T09:45:01.912493,0,10615,1.0,1,2.2
2025-09-04T09:45:02.416268,0,10615,1.0,1,1.5
2025-09-04T09:45:02.920535,0,10615,1.0,1,14.0
2025-09-04T09:45:03.425921,0,10615,1.0,1,5.5
2025-09-04T09:45:03.928157,0,10615,1.0,1,14.2
2025-09-04T09:45:04.432927,0,10615,1.0,1,13.5
2025-09-04T09:45:04.933489,0,10615,1.0,1,10.1
2025-09-04T09:45:05.434805,0,10615,1.0,1,17.3
2025-09-04T09:45:05.946580,0,10615,1.0,1,16.2
2025-09-04T09:45:06.451849,0,10615,1.0,1,14.0
2025-09-04T09:45:06.956805,0,10615,1.0,1,18.0
2025-09-04T09:45:07.462246,0,10615,1.0,1,5.4
2025-09-04T09:45:07.965091,0,10615,1.0,1,10.8
2025-09-04T09:45:08.467735,0,10615,1.0,1,5.7
2025-09-04T09:45:08.971756,0,10615,1.0,1,13.8
2025-09-04T09:45:09.477207,0,10615,1.0,1,7.9
2025-09-04T09:45:09.981860,0,10615,1.0,1,1.7
2025-09-04T09:45:10.482908,0,10615,1.0,1,1.5
2025-09-04T09:45:10.986333,0,10615,1.0,1,8.7
2025-09-04T09:45:11.491710,0,10615,1.0,1,10.9
2025-09-04T09:45:11.995381,0,10615,1.0,1,4.7
2025-09-04T09:45:12.496017,0,10615,1.0,1,6.5
2025-09-04T09:45:12.999572,0,10615,1.0,1,14.2
2025-09-04T09:45:13.505803,0,10615,1.0,1,1.2
2025-09-04T09:45:14.008578,0,10615,1.0,1,3.0
2025-09-04T09:45:14.510085,0,10615,1.0,1,2.0
2025-09-04T09:45:15.015804,0,10615,1.0,1,5.2
2025-09-04T09:45:15.517908,0,10615,1.0,1,1.0
2025-09-04T09:45:16.023268,0,10615,1.0,1,1.2
2025-09-04T09:45:16.528620,0,10615,1.0,1,1.2
2025-09-04T09:45:17.033997,0,10615,1.0,1,2.2
2025-09-04T09:45:17.538049,0,10615,1.0,1,1.2
2025-09-04T09:45:18.043298,0,10615,1.0,1,15.8
2025-09-04T09:45:18.545976,0,10615,1.0,1,3.0
2025-09-04T09:45:19.051336,0,10615,1.0,1,4.2
2025-09-04T09:45:19.553743,0,10615,1.0,1,3.0
2025-09-04T09:45:20.059120,0,10615,1.0,1,1.2
2025-09-04T09:45:20.564474,0,10615,1.0,1,1.0
2025-09-04T09:45:21.069829,0,10615,1.0,1,1.5
2025-09-04T09:45:21.575178,0,10615,1.0,1,1.5
2025-09-04T09:45:22.077941,0,10615,1.0,1,7.2
2025-09-04T09:45:22.589303,0,10615,1.0,1,2.9
2025-09-04T09:45:23.094173,0,10615,1.0,1,6.9
2025-09-04T09:45:23.599539,0,10615,1.0,1,1.2
2025-09-04T09:45:24.104590,0,10615,1.0,1,1.5
2025-09-04T09:45:24.605927,0,10615,1.0,1,1.7
2025-09-04T09:45:25.107251,0,10615,1.0,1,1.2
2025-09-04T09:45:25.612629,0,10615,1.0,1,2.0
2025-09-04T09:45:26.115282,0,10615,1.0,1,1.2
2025-09-04T09:45:26.620646,0,10615,1.0,1,1.2
2025-09-04T09:45:27.123276,0,10615,1.0,1,6.0
2025-09-04T09:45:27.625143,0,10615,1.0,1,1.5
2025-09-04T09:45:28.125984,0,10615,1.0,1,1.7
2025-09-04T09:45:28.627341,0,10615,1.0,1,2.2
2025-09-04T09:45:29.132689,0,10615,1.0,1,1.7
2025-09-04T09:45:29.634274,0,10615,1.0,1,1.2
2025-09-04T09:45:30.136659,0,10615,1.0,1,1.0
2025-09-04T09:45:30.637993,0,10615,1.0,1,0.7
2025-09-04T09:45:31.143342,0,10615,1.0,1,1.2
2025-09-04T09:45:31.648690,0,10615,1.0,1,1.7
2025-09-04T09:45:32.152622,0,10615,1.0,1,1.2
2025-09-04T09:45:32.657987,0,10615,1.0,1,1.5
2025-09-04T09:45:33.160637,0,10615,1.0,1,2.0
2025-09-04T09:45:33.665824,0,10615,1.0,1,4.2
2025-09-04T09:45:34.171203,0,10615,1.0,1,1.2
2025-09-04T09:45:34.675968,0,10615,1.0,1,2.2
2025-09-04T09:45:35.176649,0,10615,1.0,1,1.5
2025-09-04T09:45:35.679437,0,10615,1.0,1,1.5
2025-09-04T09:45:36.184657,0,10615,1.0,1,1.2
2025-09-04T09:45:36.686100,0,10615,1.0,1,1.5
2025-09-04T09:45:37.191501,0,10615,1.0,1,2.5
2025-09-04T09:45:37.696889,0,10615,1.0,1,1.5
2025-09-04T09:45:38.199701,0,10615,1.0,1,1.3
2025-09-04T09:45:38.701494,0,10615,1.0,1,1.5
2025-09-04T09:45:39.206947,0,10615,1.0,1,6.7
2025-09-04T09:45:39.710031,0,10615,1.0,1,1.7
2025-09-04T09:45:40.215396,0,10615,1.0,1,0.7
2025-09-04T09:45:40.720767,0,10615,1.0,1,2.5
2025-09-04T09:45:41.226133,0,10615,1.0,1,2.0
2025-09-04T09:45:41.731496,0,10615,1.0,1,3.7
2025-09-04T09:45:42.232963,0,10615,1.0,1,1.3
2025-09-04T09:45:42.733779,0,10615,1.0,1,2.7
2025-09-04T09:45:43.235373,0,10615,1.0,1,3.2
2025-09-04T09:45:43.740756,0,10615,1.0,1,3.5
2025-09-04T09:45:44.243358,0,10615,1.0,1,12.8
2025-09-04T09:45:44.748788,0,10615,1.0,1,6.7
2025-09-04T09:45:45.249615,0,10615,1.0,1,1.5
2025-09-04T09:45:45.752722,0,10615,1.0,1,1.0
2025-09-04T09:45:46.256337,0,10615,1.0,1,1.5
2025-09-04T09:45:46.757660,0,10615,1.0,1,1.7
2025-09-04T09:45:47.262034,0,10615,1.0,1,1.0
2025-09-04T09:45:47.767375,0,10615,1.0,1,3.5
2025-09-04T09:45:48.272757,0,10615,1.0,1,9.7
2025-09-04T09:45:48.776758,0,10615,1.0,1,3.0
2025-09-04T09:45:49.282123,0,10615,1.0,1,4.0
2025-09-04T09:45:49.782915,0,10615,1.0,1,2.3
2025-09-04T09:45:50.287875,0,10615,1.0,1,1.5
2025-09-04T09:45:50.793261,0,10615,1.0,1,3.2
2025-09-04T09:45:51.298614,0,10615,1.0,1,1.7
2025-09-04T09:45:51.799123,0,10615,1.0,1,2.0
2025-09-04T09:45:52.302910,0,10615,1.0,1,1.0
2025-09-04T09:45:52.808244,0,10615,1.0,1,1.2
2025-09-04T09:45:53.313612,0,10615,1.0,1,1.5
2025-09-04T09:45:53.816333,0,10615,1.0,1,1.2
2025-09-04T09:45:54.320536,0,10615,1.0,1,2.2
2025-09-04T09:45:54.825493,0,10615,1.0,1,1.2
2025-09-04T09:45:55.330894,0,10615,1.0,1,1.2
2025-09-04T09:45:55.836264,0,10615,1.0,1,1.5
2025-09-04T09:45:56.339410,0,10615,1.0,1,1.7
2025-09-04T09:45:56.844750,0,10615,1.0,1,2.0
2025-09-04T09:45:57.349592,0,10615,1.0,1,1.2
2025-09-04T09:45:57.854151,0,10615,1.0,1,4.0
2025-09-04T09:45:58.359537,0,10615,1.0,1,2.5
2025-09-04T09:45:58.864905,0,10615,1.0,1,1.5
2025-09-04T09:45:59.367645,0,10615,1.0,1,2.5
2025-09-04T09:45:59.870163,0,10615,1.0,1,1.3
2025-09-04T09:46:00.375544,0,10615,1.0,1,2.7
2025-09-04T09:46:00.880923,0,10615,1.0,1,4.7
2025-09-04T09:46:01.384750,0,10615,1.0,1,1.0
2025-09-04T09:46:01.890112,0,10615,1.0,1,2.2
2025-09-04T09:46:02.395481,0,10615,1.0,1,1.0
2025-09-04T09:46:02.899574,0,10615,1.0,1,1.0
2025-09-04T09:46:03.404705,0,10615,1.0,1,1.5
2025-09-04T09:46:03.907455,0,10615,1.0,1,1.0
2025-09-04T09:46:04.412823,0,10615,1.0,1,1.2
2025-09-04T09:46:04.915499,0,10615,1.0,1,1.3
2025-09-04T09:46:05.416781,0,10615,1.0,1,1.0
2025-09-04T09:46:05.921869,0,10615,1.0,1,1.2
2025-09-04T09:46:06.427202,0,10615,1.0,1,1.0
2025-09-04T09:46:06.932545,0,10615,1.0,1,1.7
2025-09-04T09:46:07.432897,0,10615,1.0,1,1.0
2025-09-04T09:46:07.934174,0,10615,1.0,1,1.5
2025-09-04T09:46:08.439517,0,10615,1.0,1,1.7
2025-09-04T09:46:08.942159,0,10615,1.0,1,1.0
2025-09-04T09:46:09.443464,0,10615,1.0,1,1.0
2025-09-04T09:46:09.948884,0,10615,1.0,1,3.5
2025-09-04T09:46:10.454265,0,10615,1.0,1,1.7
2025-09-04T09:46:10.954783,0,10615,1.0,1,2.0
2025-09-04T09:46:11.460108,0,10615,1.0,1,1.7
2025-09-04T09:46:11.965461,0,10615,1.0,1,2.2
2025-09-04T09:46:12.470373,0,10615,1.0,1,1.2
2025-09-04T09:46:12.975741,0,10615,1.0,1,4.5
2025-09-04T09:46:13.476173,0,10615,1.0,1,2.2
2025-09-04T09:46:13.981521,0,10615,1.0,1,1.2
2025-09-04T09:46:14.482976,0,10615,1.0,1,1.0
2025-09-04T09:46:14.984259,0,10615,1.0,1,1.5
2025-09-04T09:46:15.485426,0,10615,1.0,1,0.8
2025-09-04T09:46:15.990774,0,10615,1.0,1,2.2
2025-09-04T09:46:16.494171,0,10615,1.0,1,1.5
2025-09-04T09:46:16.995517,0,10615,1.0,1,1.0
2025-09-04T09:46:17.500843,0,10615,1.0,1,1.5
2025-09-04T09:46:18.002469,0,10615,1.0,1,28.1
2025-09-04T09:46:18.507866,0,10615,1.0,1,4.0
2025-09-04T09:46:19.013146,0,10615,1.0,1,3.0
2025-09-04T09:46:19.518391,0,10615,1.0,1,5.4
2025-09-04T09:46:20.023818,0,10615,1.0,1,1.7
2025-09-04T09:46:20.529197,0,10615,1.0,1,1.7
2025-09-04T09:46:21.032907,0,10615,1.0,1,1.0
2025-09-04T09:46:21.538296,0,10615,1.0,1,1.7
2025-09-04T09:46:22.043628,0,10615,1.0,1,1.7
2025-09-04T09:46:22.548953,0,10615,1.0,1,1.7
2025-09-04T09:46:23.054283,0,10615,1.0,1,1.0
2025-09-04T09:46:23.559680,0,10615,1.0,1,1.5
2025-09-04T09:46:24.065035,0,10615,1.0,1,1.5
2025-09-04T09:46:24.568920,0,10615,1.0,1,1.3
2025-09-04T09:46:25.074288,0,10615,1.0,1,1.2
2025-09-04T09:46:25.576900,0,10615,1.0,1,1.5
2025-09-04T09:46:26.078254,0,10615,1.0,1,2.0
2025-09-04T09:46:26.582996,0,10615,1.0,1,1.2
2025-09-04T09:46:27.086636,0,10615,1.0,1,3.5
2025-09-04T09:46:27.592471,0,10615,1.0,1,1.2
2025-09-04T09:46:28.092977,0,10615,1.0,1,2.5
2025-09-04T09:46:28.595809,0,10615,1.0,1,1.5
2025-09-04T09:46:29.099673,0,10615,1.0,1,1.2
2025-09-04T09:46:29.603589,0,10615,1.0,1,1.0
2025-09-04T09:46:30.108935,0,10615,1.0,1,1.2
2025-09-04T09:46:30.611536,0,10615,1.0,1,0.7
2025-09-04T09:46:31.112910,0,10615,1.0,1,2.5
2025-09-04T09:46:31.618258,0,10615,1.0,1,1.0
2025-09-04T09:46:32.120965,0,10615,1.0,1,1.2
2025-09-04T09:46:32.626308,0,10615,1.0,1,1.0
2025-09-04T09:46:33.131650,0,10615,1.0,1,2.5
2025-09-04T09:46:33.637009,0,10615,1.0,1,1.7
2025-09-04T09:46:34.142343,0,10615,1.0,1,1.7
2025-09-04T09:46:34.647729,0,10615,1.0,1,1.2
2025-09-04T09:46:35.149758,0,10615,1.0,1,0.7
2025-09-04T09:46:35.655100,0,10615,1.0,1,1.0
2025-09-04T09:46:36.158690,0,10615,1.0,1,1.5
2025-09-04T09:46:36.659604,0,10615,1.0,1,1.7
2025-09-04T09:46:37.161208,0,10615,1.0,1,1.3
2025-09-04T09:46:37.666543,0,10615,1.0,1,1.0
2025-09-04T09:46:38.171864,0,10615,1.0,1,1.7
2025-09-04T09:46:38.677253,0,10615,1.0,1,1.0
2025-09-04T09:46:39.182306,0,10615,1.0,1,1.5
2025-09-04T09:46:39.687636,0,10615,1.0,1,1.2
2025-09-04T09:46:40.193011,0,10615,1.0,1,0.7
2025-09-04T09:46:40.693581,0,10615,1.0,1,2.0
2025-09-04T09:46:41.197716,0,10615,1.0,1,1.5
2025-09-04T09:46:41.703088,0,10615,1.0,1,2.2
2025-09-04T09:46:42.206371,0,10615,1.0,1,1.2
2025-09-04T09:46:42.707676,0,10615,1.0,1,1.5
2025-09-04T09:46:43.213087,0,10615,1.0,1,4.7
2025-09-04T09:46:43.715641,0,10615,1.0,1,2.7
2025-09-04T09:46:44.216993,0,10615,1.0,1,2.2
2025-09-04T09:46:44.722370,0,10615,1.0,1,2.7
2025-09-04T09:46:45.225007,0,10615,1.0,1,1.5
2025-09-04T09:46:45.730381,0,10615,1.0,1,1.0
2025-09-04T09:46:46.233155,0,10615,1.0,1,0.5
2025-09-04T09:46:46.734341,0,10615,1.0,1,1.5
2025-09-04T09:46:47.239682,0,10615,1.0,1,1.7
2025-09-04T09:46:47.744997,0,10615,1.0,1,1.5
2025-09-04T09:46:48.250336,0,10615,1.0,1,0.0
2025-09-04T09:46:48.756117,0,10615,1.0,1,5.1
2025-09-04T09:46:49.257026,0,10615,1.0,1,2.0
2025-09-04T09:46:49.758372,0,10615,1.0,1,2.0
2025-09-04T09:46:50.263751,0,10615,1.0,1,2.7
2025-09-04T09:46:50.766363,0,10615,1.0,1,1.7
2025-09-04T09:46:51.271702,0,10615,1.0,1,0.5
2025-09-04T09:46:51.777085,0,10615,1.0,1,1.0
2025-09-04T09:46:52.280018,0,10615,1.0,1,1.7
2025-09-04T09:46:52.785363,0,10615,1.0,1,0.7
2025-09-04T09:46:53.289187,0,10615,1.0,1,1.2
2025-09-04T09:46:53.794610,0,10615,1.0,1,1.5
2025-09-04T09:46:54.299698,0,10615,1.0,1,1.0
2025-09-04T09:46:54.803713,0,10615,1.0,1,2.0
2025-09-04T09:46:55.305030,0,10615,1.0,1,0.8
2025-09-04T09:46:55.810398,0,10615,1.0,1,1.7
2025-09-04T09:46:56.313050,0,10615,1.0,1,0.7
2025-09-04T09:46:56.816330,0,10615,1.0,1,3.7
2025-09-04T09:46:57.321737,0,10615,1.0,1,2.2
2025-09-04T09:46:57.825661,0,10615,1.0,1,1.5
2025-09-04T09:46:58.329126,0,10615,1.0,1,2.0
2025-09-04T09:46:58.831237,0,10615,1.0,1,1.7
2025-09-04T09:46:59.336612,0,10615,1.0,1,1.2
2025-09-04T09:46:59.841976,0,10615,1.0,1,2.5
2025-09-04T09:47:00.344520,0,10615,1.0,1,4.3
2025-09-04T09:47:00.848872,0,10615,1.0,1,2.0
2025-09-04T09:47:01.354210,0,10615,1.0,1,1.2
2025-09-04T09:47:01.859568,0,10615,1.0,1,1.7
2025-09-04T09:47:02.364967,0,10615,1.0,1,0.7
2025-09-04T09:47:02.866334,0,10615,1.0,1,1.0
2025-09-04T09:47:03.369080,0,10615,1.0,1,1.7
2025-09-04T09:47:03.874430,0,10615,1.0,1,1.7
2025-09-04T09:47:04.379830,0,10615,1.0,1,1.0
2025-09-04T09:47:04.885079,0,10615,1.0,1,1.5
2025-09-04T09:47:05.386783,0,10615,1.0,1,0.8
2025-09-04T09:47:05.892124,0,10615,1.0,1,0.7
2025-09-04T09:47:06.397471,0,10615,1.0,1,1.5
2025-09-04T09:47:06.899418,0,10615,1.0,1,3.5
2025-09-04T09:47:07.404839,0,10615,1.0,1,0.7
2025-09-04T09:47:07.907776,0,10615,1.0,1,1.2
2025-09-04T09:47:08.413122,0,10615,1.0,1,1.5
2025-09-04T09:47:08.916391,0,10615,1.0,1,1.5
2025-09-04T09:47:09.421737,0,10615,1.0,1,0.7
2025-09-04T09:47:09.923827,0,10615,1.0,1,1.5
2025-09-04T09:47:10.424510,0,10615,1.0,1,0.8
2025-09-04T09:47:10.926443,0,10615,1.0,1,1.5
2025-09-04T09:47:11.429177,0,10615,1.0,1,1.5
2025-09-04T09:47:11.933100,0,10615,1.0,1,2.2
2025-09-04T09:47:12.435764,0,10615,1.0,1,1.5
2025-09-04T09:47:12.941131,0,10615,1.0,1,4.0
2025-09-04T09:47:13.443787,0,10615,1.0,1,2.0
2025-09-04T09:47:13.945121,0,10615,1.0,1,1.0
2025-09-04T09:47:14.449760,0,10615,1.0,1,1.0
2025-09-04T09:47:14.955097,0,10615,1.0,1,0.7
2025-09-04T09:47:15.460442,0,10615,1.0,1,1.0
2025-09-04T09:47:15.961151,0,10615,1.0,1,1.3
2025-09-04T09:47:16.466492,0,10615,1.0,1,0.7
2025-09-04T09:47:16.969138,0,10615,1.0,1,1.7
2025-09-04T09:47:17.474446,0,10615,1.0,1,0.5
2025-09-04T09:47:17.979781,0,10615,1.0,1,1.2
2025-09-04T09:47:18.483860,0,10615,1.0,1,9.2
2025-09-04T09:47:18.986412,0,10615,1.0,1,2.0
2025-09-04T09:47:19.488358,0,10615,1.0,1,2.8
2025-09-04T09:47:19.993635,0,10615,1.0,1,2.2
2025-09-04T09:47:20.498425,0,10615,1.0,1,1.5
2025-09-04T09:47:20.999679,0,10615,1.0,1,1.3
2025-09-04T09:47:21.505076,0,10615,1.0,1,1.5
2025-09-04T09:47:22.010465,0,10615,1.0,1,1.0
2025-09-04T09:47:22.514953,0,10615,1.0,1,1.5
2025-09-04T09:47:23.020317,0,10615,1.0,1,1.2
2025-09-04T09:47:23.525661,0,10615,1.0,1,1.7
2025-09-04T09:47:24.031013,0,10615,1.0,1,1.0
2025-09-04T09:47:24.536345,0,10615,1.0,1,1.2
2025-09-04T09:47:25.041700,0,10615,1.0,1,1.7
2025-09-04T09:47:25.547112,0,10615,1.0,1,1.5
2025-09-04T09:47:26.051874,0,10615,1.0,1,1.5
2025-09-04T09:47:26.557236,0,10615,1.0,1,1.5
2025-09-04T09:47:27.062569,0,10615,1.0,1,2.9
2025-09-04T09:47:27.566410,0,10615,1.0,1,1.5
2025-09-04T09:47:28.071762,0,10615,1.0,1,1.5
2025-09-04T09:47:28.574169,0,10615,1.0,1,2.0
2025-09-04T09:47:29.076147,0,10615,1.0,1,1.0
2025-09-04T09:47:29.577205,0,10615,1.0,1,0.8
2025-09-04T09:47:30.082559,0,10615,1.0,1,1.5
2025-09-04T09:47:30.587951,0,10615,1.0,1,1.2
2025-09-04T09:47:31.091927,0,10615,1.0,1,0.7
2025-09-04T09:47:31.593258,0,10615,1.0,1,1.0
2025-09-04T09:47:32.094804,0,10615,1.0,1,1.5
2025-09-04T09:47:32.600141,0,10615,1.0,1,1.2
2025-09-04T09:47:33.105482,0,10615,1.0,1,1.5
2025-09-04T09:47:33.610860,0,10615,1.0,1,2.5
2025-09-04T09:47:34.116223,0,10615,1.0,1,1.2
2025-09-04T09:47:34.621622,0,10615,1.0,1,1.5
2025-09-04T09:47:35.126965,0,10615,1.0,1,1.2
2025-09-04T09:47:35.630375,0,10615,1.0,1,2.0
2025-09-04T09:47:36.133222,0,10615,1.0,1,1.0
2025-09-04T09:47:36.638595,0,10615,1.0,1,1.5
2025-09-04T09:47:37.144019,0,10615,1.0,1,1.5
2025-09-04T09:47:37.649386,0,10615,1.0,1,1.5
2025-09-04T09:47:38.151532,0,10615,1.0,1,1.0
2025-09-04T09:47:38.656025,0,10615,1.0,1,2.2
2025-09-04T09:47:39.158098,0,10615,1.0,1,1.3
2025-09-04T09:47:39.661824,0,10615,1.0,1,1.2
2025-09-04T09:47:40.166550,0,10615,1.0,1,1.0
2025-09-04T09:47:40.671919,0,10615,1.0,1,2.2
2025-09-04T09:47:41.177285,0,10615,1.0,1,1.2
2025-09-04T09:47:41.682645,0,10615,1.0,1,1.2
2025-09-04T09:47:42.187114,0,10615,1.0,1,2.0
2025-09-04T09:47:42.691085,0,10615,1.0,1,1.7
2025-09-04T09:47:43.196447,0,10615,1.0,1,3.7
2025-09-04T09:47:43.701859,0,10615,1.0,1,3.2
2025-09-04T09:47:44.207241,0,10615,1.0,1,3.4
2025-09-04T09:47:44.712429,0,10615,1.0,1,2.2
2025-09-04T09:47:45.216561,0,10615,1.0,1,1.2
2025-09-04T09:47:45.721912,0,10615,1.0,1,1.2
2025-09-04T09:47:46.223393,0,10615,1.0,1,0.8
2025-09-04T09:47:46.723973,0,10615,1.0,1,1.7
2025-09-04T09:47:47.229325,0,10615,1.0,1,1.0
2025-09-04T09:47:47.731982,0,10615,1.0,1,1.5
2025-09-04T09:47:48.233241,0,10615,1.0,1,1.0
2025-09-04T09:47:48.738681,0,10615,1.0,1,5.4
2025-09-04T09:47:49.244551,0,10615,1.0,1,1.7
2025-09-04T09:47:49.748018,0,10615,1.0,1,3.7
2025-09-04T09:47:50.253364,0,10615,1.0,1,1.0
2025-09-04T09:47:50.758693,0,10615,1.0,1,1.2
2025-09-04T09:47:51.264016,0,10615,1.0,1,1.0
2025-09-04T09:47:51.769370,0,10615,1.0,1,2.0
2025-09-04T09:47:52.270703,0,10615,1.0,1,0.8
2025-09-04T09:47:52.773435,0,10615,1.0,1,1.2
2025-09-04T09:47:53.278809,0,10615,1.0,1,2.0
2025-09-04T09:47:53.783074,0,10615,1.0,1,0.8
2025-09-04T09:47:54.286706,0,10615,1.0,1,1.5
2025-09-04T09:47:54.792094,0,10615,1.0,1,1.2
2025-09-04T09:47:55.294711,0,10615,1.0,1,1.0
2025-09-04T09:47:55.799907,0,10615,1.0,1,2.0
2025-09-04T09:47:56.305264,0,10615,1.0,1,1.0
2025-09-04T09:47:56.809410,0,10615,1.0,1,2.5
2025-09-04T09:47:57.314783,0,10615,1.0,1,1.0
2025-09-04T09:47:57.817352,0,10615,1.0,1,1.2
2025-09-04T09:47:58.318699,0,10615,1.0,1,1.7
2025-09-04T09:47:58.824047,0,10615,1.0,1,1.5
2025-09-04T09:47:59.329443,0,10615,1.0,1,4.5
2025-09-04T09:47:59.833361,0,10615,1.0,1,5.7
2025-09-04T09:48:00.338710,0,10615,1.0,1,3.7
2025-09-04T09:48:00.842079,0,10615,1.0,1,1.2
2025-09-04T09:48:01.343612,0,10615,1.0,1,0.8
2025-09-04T09:48:01.848981,0,10615,1.0,1,1.7
2025-09-04T09:48:02.349709,0,10615,1.0,1,1.2
2025-09-04T09:48:02.855044,0,10615,1.0,1,0.7
2025-09-04T09:48:03.360404,0,10615,1.0,1,1.7
2025-09-04T09:48:03.865381,0,10615,1.0,1,3.0
2025-09-04T09:48:04.366415,0,10615,1.0,1,1.2
2025-09-04T09:48:04.868037,0,10615,1.0,1,1.5
2025-09-04T09:48:05.373413,0,10615,1.0,1,3.7
2025-09-04T09:48:05.877397,0,10615,1.0,1,1.2
2025-09-04T09:48:06.382767,0,10615,1.0,1,1.2
2025-09-04T09:48:06.883217,0,10615,1.0,1,1.0
2025-09-04T09:48:07.388624,0,10615,1.0,1,1.0
2025-09-04T09:48:07.892083,0,10615,1.0,1,3.0
2025-09-04T09:48:08.397450,0,10615,1.0,1,2.5
2025-09-04T09:48:08.900153,0,10615,1.0,1,1.7
2025-09-04T09:48:09.401414,0,10615,1.0,1,1.2
2025-09-04T09:48:09.906571,0,10615,1.0,1,1.7
2025-09-04T09:48:10.411926,0,10615,1.0,1,1.5
2025-09-04T09:48:10.917280,0,10615,1.0,1,2.0
2025-09-04T09:48:11.422637,0,10615,1.0,1,1.2
2025-09-04T09:48:11.924808,0,10615,1.0,1,2.3
2025-09-04T09:48:12.430171,0,10615,1.0,1,1.2
2025-09-04T09:48:12.933127,0,10615,1.0,1,4.0
2025-09-04T09:48:13.438490,0,10615,1.0,1,1.2
2025-09-04T09:48:13.940775,0,10615,1.0,1,1.2
2025-09-04T09:48:14.441448,0,10615,1.0,1,1.0
2025-09-04T09:48:14.946815,0,10615,1.0,1,0.7
2025-09-04T09:48:15.449819,0,10615,1.0,1,1.2
2025-09-04T09:48:15.955188,0,10615,1.0,1,0.7
2025-09-04T09:48:16.457437,0,10615,1.0,1,1.0
2025-09-04T09:48:16.962806,0,10615,1.0,1,1.5
2025-09-04T09:48:17.465482,0,10615,1.0,1,1.0
2025-09-04T09:48:17.966508,0,10615,1.0,1,6.2
2025-09-04T09:48:18.467129,0,10615,1.0,1,13.0
2025-09-04T09:48:18.970836,0,10615,1.0,1,5.0
2025-09-04T09:48:19.476082,0,10615,1.0,1,2.5
2025-09-04T09:48:19.981468,0,10615,1.0,1,2.5
2025-09-04T09:48:20.486811,0,10615,1.0,1,1.5
2025-09-04T09:48:20.992179,0,10615,1.0,1,2.2
2025-09-04T09:48:21.497543,0,10615,1.0,1,1.2
2025-09-04T09:48:22.002881,0,10615,1.0,1,2.0
2025-09-04T09:48:22.508248,0,10615,1.0,1,1.2
2025-09-04T09:48:23.011198,0,10615,1.0,1,1.5
2025-09-04T09:48:23.516409,0,10615,1.0,1,1.2
2025-09-04T09:48:24.021759,0,10615,1.0,1,1.7
2025-09-04T09:48:24.526814,0,10615,1.0,1,0.7
2025-09-04T09:48:25.028124,0,10615,1.0,1,1.7
2025-09-04T09:48:25.533526,0,10615,1.0,1,1.0
2025-09-04T09:48:26.036148,0,10615,1.0,1,2.2
2025-09-04T09:48:26.538175,0,10615,1.0,1,1.0
2025-09-04T09:48:27.038930,0,10615,1.0,1,2.3
2025-09-04T09:48:27.540176,0,10615,1.0,1,1.8
2025-09-04T09:48:28.043889,0,10615,1.0,1,1.5
2025-09-04T09:48:28.549243,0,10615,1.0,1,1.5
2025-09-04T09:48:29.049799,0,10615,1.0,1,0.8
2025-09-04T09:48:29.550853,0,10615,1.0,1,2.5
2025-09-04T09:48:30.056197,0,10615,1.0,1,1.0
2025-09-04T09:48:30.560436,0,10615,1.0,1,0.8
2025-09-04T09:48:31.065790,0,10615,1.0,1,1.2
2025-09-04T09:48:31.566851,0,10615,1.0,1,1.0
2025-09-04T09:48:32.072221,0,10615,1.0,1,1.5
2025-09-04T09:48:32.574921,0,10615,1.0,1,1.7
2025-09-04T09:48:33.076177,0,10615,1.0,1,1.2
2025-09-04T09:48:33.577564,0,10615,1.0,1,2.3
2025-09-04T09:48:34.082915,0,10615,1.0,1,1.0
2025-09-04T09:48:34.585551,0,10615,1.0,1,1.2
2025-09-04T09:48:35.086199,0,10615,1.0,1,1.0
2025-09-04T09:48:35.588187,0,10615,1.0,1,1.3
2025-09-04T09:48:36.089536,0,10615,1.0,1,1.0
2025-09-04T09:48:36.594905,0,10615,1.0,1,1.5
2025-09-04T09:48:37.098654,0,10615,1.0,1,1.0
2025-09-04T09:48:37.604002,0,10615,1.0,1,1.0
2025-09-04T09:48:38.105536,0,10615,1.0,1,1.0
2025-09-04T09:48:38.606892,0,10615,1.0,1,1.7
2025-09-04T09:48:39.112214,0,10615,1.0,1,0.7
2025-09-04T09:48:39.616247,0,10615,1.0,1,1.5
2025-09-04T09:48:40.121548,0,10615,1.0,1,0.7
2025-09-04T09:48:40.626906,0,10615,1.0,1,1.7
2025-09-04T09:48:41.129554,0,10615,1.0,1,0.8
2025-09-04T09:48:41.632541,0,10615,1.0,1,1.5
2025-09-04T09:48:42.137895,0,10615,1.0,1,4.7
2025-09-04T09:48:42.643323,0,10615,1.0,1,2.0
2025-09-04T09:48:43.148686,0,10615,1.0,1,6.2
2025-09-04T09:48:43.654084,0,10615,1.0,1,3.0
2025-09-04T09:48:44.158380,0,10615,1.0,1,11.3
2025-09-04T09:48:44.663648,0,10615,1.0,1,2.2
2025-09-04T09:48:45.166609,0,10615,1.0,1,2.7
2025-09-04T09:48:45.671999,0,10615,1.0,1,1.2
2025-09-04T09:48:46.175166,0,10615,1.0,1,2.2
2025-09-04T09:48:46.676320,0,10615,1.0,1,4.2
2025-09-04T09:48:47.181716,0,10615,1.0,1,2.5
2025-09-04T09:48:47.683375,0,10615,1.0,1,0.7
2025-09-04T09:48:48.188720,0,10615,1.0,1,1.5
2025-09-04T09:48:48.694003,0,10615,1.0,1,21.4
2025-09-04T09:48:49.199599,0,10615,1.0,1,1.7
2025-09-04T09:48:49.703393,0,10615,1.0,1,2.7
2025-09-04T09:48:50.208735,0,10615,1.0,1,2.2
2025-09-04T09:48:50.714096,0,10615,1.0,1,2.0
2025-09-04T09:48:51.215002,0,10615,1.0,1,1.5
2025-09-04T09:48:51.716388,0,10615,1.0,1,1.5
2025-09-04T09:48:52.221790,0,10615,1.0,1,2.5
2025-09-04T09:48:52.724340,0,10615,1.0,1,1.5
2025-09-04T09:48:53.229693,0,10615,1.0,1,1.2
2025-09-04T09:48:53.733087,0,10615,1.0,1,2.0
2025-09-04T09:48:54.238438,0,10615,1.0,1,1.0
2025-09-04T09:48:54.740696,0,10615,1.0,1,1.5
2025-09-04T09:48:55.241641,0,10615,1.0,1,1.2
2025-09-04T09:48:55.742980,0,10615,1.0,1,1.2
2025-09-04T09:48:56.247901,0,10615,1.0,1,1.2
2025-09-04T09:48:56.748531,0,10615,1.0,1,3.7
2025-09-04T09:48:57.250244,0,10615,1.0,1,1.0
2025-09-04T09:48:57.755579,0,10615,1.0,1,1.5
2025-09-04T09:48:58.260319,0,10615,1.0,1,1.2
2025-09-04T09:48:58.761648,0,10615,1.0,1,1.3
2025-09-04T09:48:59.266970,0,10615,1.0,1,1.0
2025-09-04T09:48:59.770346,0,10615,1.0,1,1.0
2025-09-04T09:49:00.271003,0,10615,1.0,1,3.5
2025-09-04T09:49:00.772479,0,10615,1.0,1,1.2
2025-09-04T09:49:01.276892,0,10615,1.0,1,1.0
2025-09-04T09:49:01.780385,0,10615,1.0,1,1.0
2025-09-04T09:49:02.285748,0,10615,1.0,1,3.0
2025-09-04T09:49:02.791109,0,10615,1.0,1,10.4
2025-09-04T09:49:03.296419,0,10615,1.0,1,2.9
2025-09-04T09:49:03.801796,0,10615,1.0,1,3.5
2025-09-04T09:49:04.307162,0,10615,1.0,1,1.2
2025-09-04T09:49:04.809694,0,10615,1.0,1,1.5
2025-09-04T09:49:05.313680,0,10615,1.0,1,3.7
2025-09-04T09:49:05.816445,0,10615,1.0,1,1.7
2025-09-04T09:49:06.319023,0,10615,1.0,1,1.2
2025-09-04T09:49:06.824378,0,10615,1.0,1,1.0
2025-09-04T09:49:07.329735,0,10615,1.0,1,1.0
2025-09-04T09:49:07.835080,0,10615,1.0,1,1.2
2025-09-04T09:49:08.340371,0,10615,1.0,1,1.0
2025-09-04T09:49:08.845778,0,10615,1.0,1,2.0
2025-09-04T09:49:09.349803,0,10615,1.0,1,1.2
2025-09-04T09:49:09.855106,0,10615,1.0,1,1.7
2025-09-04T09:49:10.360427,0,10615,1.0,1,1.0
2025-09-04T09:49:10.865762,0,10615,1.0,1,2.0
2025-09-04T09:49:11.366486,0,10615,1.0,1,1.2
2025-09-04T09:49:11.870686,0,10615,1.0,1,1.3
2025-09-04T09:49:12.376039,0,10615,1.0,1,1.5
2025-09-04T09:49:12.881403,0,10615,1.0,1,4.2
2025-09-04T09:49:13.386761,0,10615,1.0,1,1.2
2025-09-04T09:49:13.887292,0,10615,1.0,1,1.0
2025-09-04T09:49:14.388417,0,10615,1.0,1,1.7
2025-09-04T09:49:14.893362,0,10615,1.0,1,1.0
2025-09-04T09:49:15.396437,0,10615,1.0,1,1.2
2025-09-04T09:49:15.901779,0,10615,1.0,1,0.5
2025-09-04T09:49:16.407127,0,10615,1.0,1,1.5
2025-09-04T09:49:16.912471,0,10615,1.0,1,1.0
2025-09-04T09:49:17.416549,0,10615,1.0,1,0.7
2025-09-04T09:49:17.921883,0,10615,1.0,1,1.0
2025-09-04T09:49:18.425137,0,10615,1.0,1,1.0
2025-09-04T09:49:18.930510,0,10615,1.0,1,9.4
2025-09-04T09:49:19.436036,0,10615,1.0,1,1.2
2025-09-04T09:49:19.941412,0,10615,1.0,1,3.7
2025-09-04T09:49:20.441829,0,10615,1.0,1,1.3
2025-09-04T09:49:20.947243,0,10615,1.0,1,3.0
2025-09-04T09:49:21.448416,0,10615,1.0,1,1.0
2025-09-04T09:49:21.951815,0,10615,1.0,1,1.5
2025-09-04T09:49:22.457209,0,10615,1.0,1,2.0
2025-09-04T09:49:22.961650,0,10615,1.0,1,1.7
2025-09-04T09:49:23.467046,0,10615,1.0,1,1.2
2025-09-04T09:49:23.972460,0,10615,1.0,1,2.0
2025-09-04T09:49:24.474337,0,10615,1.0,1,1.5
2025-09-04T09:49:24.974824,0,10615,1.0,1,2.8
2025-09-04T09:49:25.476777,0,10615,1.0,1,1.0
2025-09-04T09:49:25.977804,0,10615,1.0,1,2.0
2025-09-04T09:49:26.483156,0,10615,1.0,1,1.0
2025-09-04T09:49:26.988510,0,10615,1.0,1,2.5
2025-09-04T09:49:27.493852,0,10615,1.0,1,2.0
2025-09-04T09:49:27.999158,0,10615,1.0,1,2.2
2025-09-04T09:49:28.504528,0,10615,1.0,1,1.5
2025-09-04T09:49:29.009939,0,10615,1.0,1,2.0
2025-09-04T09:49:29.513822,0,10615,1.0,1,1.2
2025-09-04T09:49:30.016478,0,10615,1.0,1,1.2
2025-09-04T09:49:30.521838,0,10615,1.0,1,1.2
2025-09-04T09:49:31.026899,0,10615,1.0,1,1.0
2025-09-04T09:49:31.529857,0,10615,1.0,1,1.2
2025-09-04T09:49:32.030309,0,10615,1.0,1,1.5
2025-09-04T09:49:32.532692,0,10615,1.0,1,1.7
2025-09-04T09:49:33.033824,0,10615,1.0,1,1.2
2025-09-04T09:49:33.535186,0,10615,1.0,1,2.0
2025-09-04T09:49:34.036501,0,10615,1.0,1,1.0
2025-09-04T09:49:34.537851,0,10615,1.0,1,1.7
2025-09-04T09:49:35.043213,0,10615,1.0,1,0.5
2025-09-04T09:49:35.548630,0,10615,1.0,1,1.0
2025-09-04T09:49:36.050227,0,10615,1.0,1,1.3
2025-09-04T09:49:36.553853,0,10615,1.0,1,1.5
2025-09-04T09:49:37.059204,0,10615,1.0,1,1.0
2025-09-04T09:49:37.564543,0,10615,1.0,1,1.7
2025-09-04T09:49:38.066560,0,10615,1.0,1,0.7
2025-09-04T09:49:38.571942,0,10615,1.0,1,2.0
2025-09-04T09:49:39.076518,0,10615,1.0,1,0.7
2025-09-04T09:49:39.577945,0,10615,1.0,1,1.5
2025-09-04T09:49:40.083290,0,10615,1.0,1,1.0
2025-09-04T09:49:40.587636,0,10615,1.0,1,1.2
2025-09-04T09:49:41.092533,0,10615,1.0,1,1.2
2025-09-04T09:49:41.597887,0,10615,1.0,1,1.5
2025-09-04T09:49:42.100604,0,10615,1.0,1,1.7
2025-09-04T09:49:42.604899,0,10615,1.0,1,1.5
2025-09-04T09:49:43.108580,0,10615,1.0,1,3.7
2025-09-04T09:49:43.609900,0,10615,1.0,1,2.8
2025-09-04T09:49:44.115282,0,10615,1.0,1,3.2
2025-09-04T09:49:44.620549,0,10615,1.0,1,3.2
2025-09-04T09:49:45.125780,0,10615,1.0,1,1.0
2025-09-04T09:49:45.631109,0,10615,1.0,1,1.7
2025-09-04T09:49:46.132556,0,10615,1.0,1,1.2
2025-09-04T09:49:46.633316,0,10615,1.0,1,1.0
2025-09-04T09:49:47.135919,0,10615,1.0,1,1.7
2025-09-04T09:49:47.641319,0,10615,1.0,1,3.0
2025-09-04T09:49:48.143233,0,10615,1.0,1,1.7
2025-09-04T09:49:48.644529,0,10615,1.0,1,1.5
2025-09-04T09:49:49.149915,0,10615,1.0,1,8.0
2025-09-04T09:49:49.655819,0,10615,1.0,1,2.0
2025-09-04T09:49:50.158818,0,10615,1.0,1,4.5
2025-09-04T09:49:50.664200,0,10615,1.0,1,1.7
2025-09-04T09:49:51.166459,0,10615,1.0,1,1.2
2025-09-04T09:49:51.671823,0,10615,1.0,1,1.7
2025-09-04T09:49:52.175322,0,10615,1.0,1,1.5
2025-09-04T09:49:52.680690,0,10615,1.0,1,1.5
2025-09-04T09:49:53.183163,0,10615,1.0,1,1.5
2025-09-04T09:49:53.684596,0,10615,1.0,1,2.3
2025-09-04T09:49:54.189947,0,10615,1.0,1,1.5
2025-09-04T09:49:54.695390,0,10615,1.0,1,4.0
2025-09-04T09:49:55.200739,0,10615,1.0,1,2.0
2025-09-04T09:49:55.706158,0,10615,1.0,1,1.5
2025-09-04T09:49:56.209463,0,10615,1.0,1,1.0
2025-09-04T09:49:56.712788,0,10615,1.0,1,5.7
2025-09-04T09:49:57.218452,0,10615,1.0,1,6.2
2025-09-04T09:49:57.722026,0,10615,1.0,1,3.5
2025-09-04T09:49:58.222403,0,10615,1.0,1,4.5
2025-09-04T09:49:58.727740,0,10615,1.0,1,2.0
2025-09-04T09:49:59.233117,0,10615,1.0,1,3.5
2025-09-04T09:49:59.738486,0,10615,1.0,1,1.5
2025-09-04T09:50:00.243877,0,10615,1.0,1,5.4
2025-09-04T09:50:00.745966,0,10615,1.0,1,1.7
2025-09-04T09:50:01.247332,0,10615,1.0,1,1.0
2025-09-04T09:50:01.752720,0,10615,1.0,1,1.0
2025-09-04T09:50:02.256937,0,10615,1.0,1,1.5
2025-09-04T09:50:02.761330,0,10615,1.0,1,1.5
2025-09-04T09:50:03.266671,0,10615,1.0,1,1.2
2025-09-04T09:50:03.772069,0,10615,1.0,1,2.2
2025-09-04T09:50:04.273841,0,10615,1.0,1,4.7
2025-09-04T09:50:04.774753,0,10615,1.0,1,1.7
2025-09-04T09:50:05.278767,0,10615,1.0,1,1.7
2025-09-04T09:50:05.784116,0,10615,1.0,1,1.2
2025-09-04T09:50:06.289433,0,10615,1.0,1,1.2
2025-09-04T09:50:06.794783,0,10615,1.0,1,1.5
2025-09-04T09:50:07.299855,0,10615,1.0,1,1.0
2025-09-04T09:50:07.805238,0,10615,1.0,1,1.7
2025-09-04T09:50:08.310642,0,10615,1.0,1,1.0
2025-09-04T09:50:08.816003,0,10615,1.0,1,2.2
2025-09-04T09:50:09.317551,0,10615,1.0,1,1.0
2025-09-04T09:50:09.817994,0,10615,1.0,1,1.5
2025-09-04T09:50:10.319973,0,10615,1.0,1,1.0
2025-09-04T09:50:10.825380,0,10615,1.0,1,1.7
2025-09-04T09:50:11.330795,0,10615,1.0,1,1.2
2025-09-04T09:50:11.833204,0,10615,1.0,1,2.0
2025-09-04T09:50:12.338557,0,10615,1.0,1,1.2
2025-09-04T09:50:12.843942,0,10615,1.0,1,6.9
2025-09-04T09:50:13.349757,0,10615,1.0,1,1.5
2025-09-04T09:50:13.850709,0,10615,1.0,1,1.8
2025-09-04T09:50:14.360557,0,10615,1.0,1,1.0
2025-09-04T09:50:14.867620,0,10615,1.0,1,9.6
2025-09-04T09:50:15.378030,0,10615,1.0,1,23.8
2025-09-04T09:50:15.884224,0,10615,1.0,1,9.9
2025-09-04T09:50:16.389398,0,10615,1.0,1,1.5
2025-09-04T09:50:16.890586,0,10615,1.0,1,1.0
2025-09-04T09:50:17.398124,0,10615,1.0,1,1.5
2025-09-04T09:50:17.900911,0,10615,1.0,1,1.7
2025-09-04T09:50:18.411252,0,10615,1.0,1,1.7
2025-09-04T09:50:18.914976,0,10615,1.0,1,21.6
2025-09-04T09:50:19.425504,0,10615,1.0,1,6.6
2025-09-04T09:50:19.926403,0,10615,1.0,1,2.0
2025-09-04T09:50:20.436649,0,10615,1.0,1,5.1
2025-09-04T09:50:20.943512,0,10615,1.0,1,3.0
2025-09-04T09:50:21.445275,0,10615,1.0,1,1.2
2025-09-04T09:50:21.950829,0,10615,1.0,1,2.0
2025-09-04T09:50:22.458707,0,10615,1.0,1,1.5
2025-09-04T09:50:22.969067,0,10615,1.0,1,1.2
2025-09-04T09:50:23.472072,0,10615,1.0,1,1.2
2025-09-04T09:50:23.979705,0,10615,1.0,1,1.5
2025-09-04T09:50:24.486223,0,10615,1.0,1,1.5
2025-09-04T09:50:24.996573,0,10615,1.0,1,4.6
2025-09-04T09:50:25.499553,0,10615,1.0,1,1.2
2025-09-04T09:50:26.009928,0,10615,1.0,1,2.0
2025-09-04T09:50:26.518806,0,10615,1.0,1,1.0
2025-09-04T09:50:27.029195,0,10615,1.0,1,6.1
2025-09-04T09:50:27.536230,0,10615,1.0,1,1.0
2025-09-04T09:50:28.037462,0,10615,1.0,1,1.5
2025-09-04T09:50:28.547796,0,10615,1.0,1,0.7
2025-09-04T09:50:29.050436,0,10615,1.0,1,1.7
2025-09-04T09:50:29.560781,0,10615,1.0,1,1.2
2025-09-04T09:50:30.071114,0,10615,1.0,1,1.2
2025-09-04T09:50:30.581218,0,10615,1.0,1,0.5
2025-09-04T09:50:31.089795,0,10615,1.0,1,1.2
2025-09-04T09:50:31.600167,0,10615,1.0,1,1.0
2025-09-04T09:50:32.106785,0,10615,1.0,1,2.2
2025-09-04T09:50:32.613296,0,10615,1.0,1,1.2
2025-09-04T09:50:33.123646,0,10615,1.0,1,6.9
2025-09-04T09:50:33.634058,0,10615,1.0,1,2.9
2025-09-04T09:50:34.139519,0,10615,1.0,1,2.5
2025-09-04T09:50:34.640194,0,10615,1.0,1,2.0
2025-09-04T09:50:35.150542,0,10615,1.0,1,1.2
2025-09-04T09:50:35.660876,0,10615,1.0,1,1.2
2025-09-04T09:50:36.170517,0,10615,1.0,1,0.7
2025-09-04T09:50:36.672158,0,10615,1.0,1,1.5
2025-09-04T09:50:37.182494,0,10615,1.0,1,1.2
2025-09-04T09:50:37.684297,0,10615,1.0,1,1.0
2025-09-04T09:50:38.186794,0,10615,1.0,1,1.0
2025-09-04T09:50:38.693828,0,10615,1.0,1,1.7
2025-09-04T09:50:39.194796,0,10615,1.0,1,3.0
2025-09-04T09:50:39.701029,0,10615,1.0,1,5.9
2025-09-04T09:50:40.211411,0,10615,1.0,1,1.7
2025-09-04T09:50:40.714686,0,10615,1.0,1,1.5
2025-09-04T09:50:41.216084,0,10615,1.0,1,1.7
2025-09-04T09:50:41.717825,0,10615,1.0,1,2.8
2025-09-04T09:50:42.228252,0,10615,1.0,1,2.9
2025-09-04T09:50:42.731765,0,10615,1.0,1,11.0
2025-09-04T09:50:43.233413,0,10615,1.0,1,11.6
2025-09-04T09:50:43.738882,0,10615,1.0,1,15.6
2025-09-04T09:50:44.244723,0,10615,1.0,1,11.7
2025-09-04T09:50:44.749794,0,10615,1.0,1,16.9
2025-09-04T09:50:45.251148,0,10615,1.0,1,19.0
2025-09-04T09:50:45.756552,0,10615,1.0,1,5.4
2025-09-04T09:50:46.260905,0,10615,1.0,1,14.0
2025-09-04T09:50:46.766102,0,10615,1.0,1,13.0
2025-09-04T09:50:47.270351,0,10615,1.0,1,18.3
2025-09-04T09:50:47.775696,0,10615,1.0,1,12.5
2025-09-04T09:50:48.276743,0,10615,1.0,1,10.6
2025-09-04T09:50:48.778217,0,10615,1.0,1,11.5
2025-09-04T09:50:49.283174,0,10615,1.0,1,23.3
2025-09-04T09:50:49.788966,0,10615,1.0,1,12.9
2025-09-04T09:50:50.293363,0,10615,1.0,1,16.0
2025-09-04T09:50:50.798800,0,10615,1.0,1,13.9
2025-09-04T09:50:51.301668,0,10615,1.0,1,10.0
2025-09-04T09:50:51.807089,0,10615,1.0,1,12.5
2025-09-04T09:50:52.312475,0,10615,1.0,1,11.2
2025-09-04T09:50:52.816495,0,10615,1.0,1,10.5
2025-09-04T09:50:53.317290,0,10615,1.0,1,7.2
2025-09-04T09:50:53.819978,0,10615,1.0,1,15.0
2025-09-04T09:50:54.323749,0,10615,1.0,1,15.3
2025-09-04T09:50:54.829133,0,10615,1.0,1,11.6
2025-09-04T09:50:55.330625,0,10615,1.0,1,12.6
2025-09-04T09:50:55.835147,0,10615,1.0,1,14.2
2025-09-04T09:50:56.340489,0,10615,1.0,1,16.3
2025-09-04T09:50:56.845825,0,10615,1.0,1,11.1
2025-09-04T09:50:57.348945,0,10615,1.0,1,1.7
2025-09-04T09:50:57.851465,0,10615,1.0,1,2.2
2025-09-04T09:50:58.356800,0,10615,1.0,1,9.0
2025-09-04T09:50:58.859049,0,10615,1.0,1,15.6
2025-09-04T09:50:59.364433,0,10615,1.0,1,14.9
2025-09-04T09:50:59.868848,0,10615,1.0,1,15.5
2025-09-04T09:51:00.371152,0,10615,1.0,1,16.5
2025-09-04T09:51:00.876517,0,10615,1.0,1,13.1
2025-09-04T09:51:01.380938,0,10615,1.0,1,14.9
2025-09-04T09:51:01.882101,0,10615,1.0,1,11.2
2025-09-04T09:51:02.387472,0,10615,1.0,1,2.5
2025-09-04T09:51:02.892856,0,10615,1.0,1,12.0
2025-09-04T09:51:03.395127,0,10615,1.0,1,15.2
2025-09-04T09:51:03.900513,0,10615,1.0,1,10.7
2025-09-04T09:51:04.406932,0,10615,1.0,1,7.4
2025-09-04T09:51:04.909112,0,10615,1.0,1,11.2
2025-09-04T09:51:05.414528,0,10615,1.0,1,18.5
2025-09-04T09:51:05.919877,0,10615,1.0,1,12.7
2025-09-04T09:51:06.422626,0,10615,1.0,1,9.2
2025-09-04T09:51:06.925784,0,10615,1.0,1,9.6
2025-09-04T09:51:07.431155,0,10615,1.0,1,13.9
2025-09-04T09:51:07.936574,0,10615,1.0,1,12.1
2025-09-04T09:51:08.441999,0,10615,1.0,1,16.5
2025-09-04T09:51:08.947388,0,10615,1.0,1,3.2
2025-09-04T09:51:09.451337,0,10615,1.0,1,2.0
2025-09-04T09:51:09.951756,0,10615,1.0,1,3.3
2025-09-04T09:51:10.457171,0,10615,1.0,1,2.5
2025-09-04T09:51:10.961842,0,10615,1.0,1,2.2
2025-09-04T09:51:11.467229,0,10615,1.0,1,3.5
2025-09-04T09:51:11.969072,0,10615,1.0,1,5.3
2025-09-04T09:51:12.470387,0,10615,1.0,1,4.5
2025-09-04T09:51:12.975836,0,10615,1.0,1,9.0
2025-09-04T09:51:13.477480,0,10615,1.0,1,5.7
2025-09-04T09:51:13.982873,0,10615,1.0,1,12.7
2025-09-04T09:51:14.488304,0,10615,1.0,1,11.2
2025-09-04T09:51:14.992702,0,10615,1.0,1,2.2
2025-09-04T09:51:15.498017,0,10615,1.0,1,11.4
2025-09-04T09:51:15.999784,0,10615,1.0,1,10.3
2025-09-04T09:51:16.500340,0,10615,1.0,1,12.5
2025-09-04T09:51:17.005797,0,10615,1.0,1,12.5
2025-09-04T09:51:17.510043,0,10615,1.0,1,13.2
2025-09-04T09:51:18.015432,0,10615,1.0,1,11.2
2025-09-04T09:51:18.517044,0,10615,1.0,1,8.0
2025-09-04T09:51:19.022499,0,10615,1.0,1,9.7
2025-09-04T09:51:19.523497,0,10615,1.0,1,15.7
2025-09-04T09:51:20.028777,0,10615,1.0,1,11.7
2025-09-04T09:51:20.534151,0,10615,1.0,1,8.4
2025-09-04T09:51:21.039566,0,10615,1.0,1,10.5
2025-09-04T09:51:21.544948,0,10615,1.0,1,15.7
2025-09-04T09:51:22.048698,0,10615,1.0,1,6.9
2025-09-04T09:51:22.551737,0,10615,1.0,1,13.8
2025-09-04T09:51:23.057125,0,10615,1.0,1,8.4
2025-09-04T09:51:23.562405,0,10615,1.0,1,1.5
2025-09-04T09:51:24.066481,0,10615,1.0,1,2.2
2025-09-04T09:51:24.570318,0,10615,1.0,1,1.5
2025-09-04T09:51:25.075727,0,10615,1.0,1,4.5
2025-09-04T09:51:25.576804,0,10615,1.0,1,13.8
2025-09-04T09:51:26.082184,0,10615,1.0,1,10.2
2025-09-04T09:51:26.583229,0,10615,1.0,1,3.0
2025-09-04T09:51:27.088667,0,10615,1.0,1,7.6
2025-09-04T09:51:27.590700,0,10615,1.0,1,11.5
2025-09-04T09:51:28.096066,0,10615,1.0,1,12.4
2025-09-04T09:51:28.601458,0,10615,1.0,1,4.7
2025-09-04T09:51:29.106757,0,10615,1.0,1,19.0
2025-09-04T09:51:29.610071,0,10615,1.0,1,12.5
2025-09-04T09:51:30.115461,0,10615,1.0,1,10.2
2025-09-04T09:51:30.620396,0,10615,1.0,1,12.4
2025-09-04T09:51:31.125617,0,10615,1.0,1,9.8
2025-09-04T09:51:31.631089,0,10615,1.0,1,6.2
2025-09-04T09:51:32.132428,0,10615,1.0,1,2.2
2025-09-04T09:51:32.637811,0,10615,1.0,1,4.0
2025-09-04T09:51:33.143184,0,10615,1.0,1,2.0
2025-09-04T09:51:33.648588,0,10615,1.0,1,2.2
2025-09-04T09:51:34.151709,0,10615,1.0,1,2.5
2025-09-04T09:51:34.657026,0,10615,1.0,1,1.0
2025-09-04T09:51:35.160032,0,10615,1.0,1,1.0
2025-09-04T09:51:35.665395,0,10615,1.0,1,1.5
2025-09-04T09:51:36.167138,0,10615,1.0,1,1.2
2025-09-04T09:51:36.672487,0,10615,1.0,1,1.2
2025-09-04T09:51:37.176689,0,10615,1.0,1,1.0
2025-09-04T09:51:37.682036,0,10615,1.0,1,1.2
2025-09-04T09:51:38.186492,0,10615,1.0,1,1.2
2025-09-04T09:51:38.687018,0,10615,1.0,1,8.7
2025-09-04T09:51:39.192400,0,10615,1.0,1,11.2
2025-09-04T09:51:39.695923,0,10615,1.0,1,7.5
2025-09-04T09:51:40.199966,0,10615,1.0,1,10.7
2025-09-04T09:51:40.703385,0,10615,1.0,1,9.8
2025-09-04T09:51:41.208732,0,10615,1.0,1,18.6
2025-09-04T09:51:41.711965,0,10615,1.0,1,8.0
2025-09-04T09:51:42.213124,0,10615,1.0,1,12.5
2025-09-04T09:51:42.717612,0,10615,1.0,1,10.9
2025-09-04T09:51:43.219415,0,10615,1.0,1,18.6
2025-09-04T09:51:43.721255,0,10615,1.0,1,15.5
2025-09-04T09:51:44.226735,0,10615,1.0,1,13.4
2025-09-04T09:51:44.732058,0,10615,1.0,1,3.5
2025-09-04T09:51:45.237201,0,10615,1.0,1,5.7
2025-09-04T09:51:45.737842,0,10615,1.0,1,12.9
2025-09-04T09:51:46.243209,0,10615,1.0,1,12.0
2025-09-04T09:51:46.748561,0,10615,1.0,1,21.1
2025-09-04T09:51:47.253199,0,10615,1.0,1,11.7
2025-09-04T09:51:47.757166,0,10615,1.0,1,11.8
2025-09-04T09:51:48.260182,0,10615,1.0,1,15.2
2025-09-04T09:51:48.765532,0,10615,1.0,1,10.0
2025-09-04T09:51:49.266156,0,10615,1.0,1,34.5
2025-09-04T09:51:49.771422,0,10615,1.0,1,12.4
2025-09-04T09:51:50.276670,0,10615,1.0,1,9.2
2025-09-04T09:51:50.781995,0,10615,1.0,1,5.9
2025-09-04T09:51:51.285060,0,10615,1.0,1,3.2
2025-09-04T09:51:51.786547,0,10615,1.0,1,2.5
2025-09-04T09:51:52.290495,0,10615,1.0,1,1.2
2025-09-04T09:51:52.794507,0,10615,1.0,1,2.7
2025-09-04T09:51:53.294859,0,10615,1.0,1,2.7
2025-09-04T09:51:53.800227,0,10615,1.0,1,1.5
2025-09-04T09:51:54.300890,0,10615,1.0,1,1.5
2025-09-04T09:51:54.806234,0,10615,1.0,1,1.5
2025-09-04T09:51:55.311567,0,10615,1.0,1,0.7
2025-09-04T09:51:55.813195,0,10615,1.0,1,1.7
2025-09-04T09:51:56.318553,0,10615,1.0,1,11.4
2025-09-04T09:51:56.823779,0,10615,1.0,1,10.7
2025-09-04T09:51:57.329362,0,10615,1.0,1,17.2
2025-09-04T09:51:57.835349,0,10615,1.0,1,11.7
2025-09-04T09:51:58.340757,0,10615,1.0,1,14.1
2025-09-04T09:51:58.846117,0,10615,1.0,1,9.5
2025-09-04T09:51:59.350976,0,10615,1.0,1,13.2
2025-09-04T09:51:59.855901,0,10615,1.0,1,17.4
2025-09-04T09:52:00.360702,0,10615,1.0,1,14.5
2025-09-04T09:52:00.862230,0,10615,1.0,1,11.8
2025-09-04T09:52:01.368570,0,10615,1.0,1,8.0
2025-09-04T09:52:01.873587,0,10615,1.0,1,15.2
2025-09-04T09:52:02.376190,0,10615,1.0,1,13.3
2025-09-04T09:52:02.881581,0,10615,1.0,1,9.7
2025-09-04T09:52:03.386969,0,10615,1.0,1,4.0
2025-09-04T09:52:03.890475,0,10615,1.0,1,18.1
2025-09-04T09:52:04.394580,0,10615,1.0,1,7.8
2025-09-04T09:52:04.900575,0,10615,1.0,1,7.4
2025-09-04T09:52:05.403229,0,10615,1.0,1,10.3
2025-09-04T09:52:05.908711,0,10615,1.0,1,6.0
2025-09-04T09:52:06.409872,0,10615,1.0,1,8.7
2025-09-04T09:52:06.911393,0,10615,1.0,1,12.6
2025-09-04T09:52:07.417367,0,10615,1.0,1,12.4
2025-09-04T09:52:07.920222,0,10615,1.0,1,15.9
2025-09-04T09:52:08.424131,0,10615,1.0,1,12.0
2025-09-04T09:52:08.926014,0,10615,1.0,1,15.5
2025-09-04T09:52:09.431240,0,10615,1.0,1,11.1
2025-09-04T09:52:09.933212,0,10615,1.0,1,9.9
2025-09-04T09:52:10.438599,0,10615,1.0,1,2.9
2025-09-04T09:52:10.943514,0,10615,1.0,1,3.7
2025-09-04T09:52:11.448209,0,10615,1.0,1,0.7
2025-09-04T09:52:11.951863,0,10615,1.0,1,3.7
2025-09-04T09:52:12.457186,0,10615,1.0,1,1.2
2025-09-04T09:52:12.960150,0,10615,1.0,1,4.0
2025-09-04T09:52:13.465499,0,10615,1.0,1,0.5
2025-09-04T09:52:13.970834,0,10615,1.0,1,1.7
2025-09-04T09:52:14.476189,0,10615,1.0,1,1.5
2025-09-04T09:52:14.981512,0,10615,1.0,1,0.5
2025-09-04T09:52:15.486832,0,10615,1.0,1,1.2
2025-09-04T09:52:15.992161,0,10615,1.0,1,1.5
2025-09-04T09:52:16.497497,0,10615,1.0,1,4.7
2025-09-04T09:52:16.999853,0,10615,1.0,1,7.5
2025-09-04T09:52:17.502055,0,10615,1.0,1,12.5
2025-09-04T09:52:18.007159,0,10615,1.0,1,9.2
2025-09-04T09:52:18.509210,0,10615,1.0,1,15.7
2025-09-04T09:52:19.014608,0,10615,1.0,1,6.6
2025-09-04T09:52:19.515339,0,10615,1.0,1,16.7
2025-09-04T09:52:20.019622,0,10615,1.0,1,11.9
2025-09-04T09:52:20.521295,0,10615,1.0,1,3.5
2025-09-04T09:52:21.026671,0,10615,1.0,1,2.7
2025-09-04T09:52:21.529141,0,10615,1.0,1,16.1
2025-09-04T09:52:22.034236,0,10615,1.0,1,11.2
2025-09-04T09:52:22.539566,0,10615,1.0,1,10.7
2025-09-04T09:52:23.044828,0,10615,1.0,1,14.9
2025-09-04T09:52:23.549890,0,10615,1.0,1,10.9
2025-09-04T09:52:24.053408,0,10615,1.0,1,2.5
2025-09-04T09:52:24.558894,0,10615,1.0,1,4.7
2025-09-04T09:52:25.064254,0,10615,1.0,1,0.7
2025-09-04T09:52:25.569600,0,10615,1.0,1,1.7
2025-09-04T09:52:26.071172,0,10615,1.0,1,7.7
2025-09-04T09:52:26.576568,0,10615,1.0,1,8.2
2025-09-04T09:52:27.081951,0,10615,1.0,1,7.0
2025-09-04T09:52:27.587340,0,10615,1.0,1,8.9
2025-09-04T09:52:28.092762,0,10615,1.0,1,8.4
2025-09-04T09:52:28.598082,0,10615,1.0,1,5.5
2025-09-04T09:52:29.103408,0,10615,1.0,1,4.0
2025-09-04T09:52:29.608739,0,10615,1.0,1,13.6
2025-09-04T09:52:30.113813,0,10615,1.0,1,27.2
2025-09-04T09:52:30.618512,0,10615,1.0,1,13.3
2025-09-04T09:52:31.123872,0,10615,1.0,1,11.2
2025-09-04T09:52:31.629271,0,10615,1.0,1,5.0
2025-09-04T09:52:32.133189,0,10615,1.0,1,10.9
2025-09-04T09:52:32.635408,0,10615,1.0,1,10.1
2025-09-04T09:52:33.140565,0,10615,1.0,1,15.4
2025-09-04T09:52:33.646876,0,10615,1.0,1,10.2
2025-09-04T09:52:34.147776,0,10615,1.0,1,6.7
2025-09-04T09:52:34.653167,0,10615,1.0,1,10.4
2025-09-04T09:52:35.158567,0,10615,1.0,1,5.9
2025-09-04T09:52:35.664239,0,10615,1.0,1,11.0
2025-09-04T09:52:36.169682,0,10615,1.0,1,10.0
2025-09-04T09:52:36.675066,0,10615,1.0,1,6.7
2025-09-04T09:52:37.176147,0,10615,1.0,1,7.8
2025-09-04T09:52:37.681535,0,10615,1.0,1,2.5
2025-09-04T09:52:38.186880,0,10615,1.0,1,2.7
2025-09-04T09:52:38.689489,0,10615,1.0,1,1.2
2025-09-04T09:52:39.194849,0,10615,1.0,1,3.2
2025-09-04T09:52:39.696592,0,10615,1.0,1,10.5
2025-09-04T09:52:40.199885,0,10615,1.0,1,14.7
2025-09-04T09:52:40.703068,0,10615,1.0,1,9.5
2025-09-04T09:52:41.205402,0,10615,1.0,1,14.8
2025-09-04T09:52:41.710763,0,10615,1.0,1,6.5
2025-09-04T09:52:42.216103,0,10615,1.0,1,1.0
2025-09-04T09:52:42.721474,0,10615,1.0,1,2.7
2025-09-04T09:52:43.226755,0,10615,1.0,1,3.2
2025-09-04T09:52:43.730203,0,10615,1.0,1,2.7
2025-09-04T09:52:44.235576,0,10615,1.0,1,13.9
2025-09-04T09:52:44.740981,0,10615,1.0,1,9.5
2025-09-04T09:52:45.246419,0,10615,1.0,1,3.0
2025-09-04T09:52:45.751778,0,10615,1.0,1,6.0
2025-09-04T09:52:46.254071,0,10615,1.0,1,1.8
2025-09-04T09:52:46.759499,0,10615,1.0,1,12.4
2025-09-04T09:52:47.264904,0,10615,1.0,1,16.3
2025-09-04T09:52:47.770316,0,10615,1.0,1,8.9
2025-09-04T09:52:48.275739,0,10615,1.0,1,9.5
2025-09-04T09:52:48.778801,0,10615,1.0,1,6.5
2025-09-04T09:52:49.283234,0,10615,1.0,1,6.4
2025-09-04T09:52:49.787520,0,10615,1.0,1,18.9
2025-09-04T09:52:50.293346,0,10615,1.0,1,10.0
2025-09-04T09:52:50.798713,0,10615,1.0,1,4.0
2025-09-04T09:52:51.301832,0,10615,1.0,1,13.2
2025-09-04T09:52:51.807229,0,10615,1.0,1,13.0
2025-09-04T09:52:52.312664,0,10615,1.0,1,10.3
2025-09-04T09:52:52.817015,0,10615,1.0,1,7.4
2025-09-04T09:52:53.318547,0,10615,1.0,1,10.8
2025-09-04T09:52:53.820598,0,10615,1.0,1,9.8
2025-09-04T09:52:54.325874,0,10615,1.0,1,12.0
2025-09-04T09:52:54.826926,0,10615,1.0,1,6.0
2025-09-04T09:52:55.332299,0,10615,1.0,1,15.0
2025-09-04T09:52:55.836426,0,10615,1.0,1,7.3
2025-09-04T09:52:56.341832,0,10615,1.0,1,3.7
2025-09-04T09:52:56.844835,0,10615,1.0,1,7.4
2025-09-04T09:52:57.349943,0,10615,1.0,1,8.5
2025-09-04T09:52:57.851852,0,10615,1.0,1,14.7
2025-09-04T09:52:58.357228,0,10615,1.0,1,9.2
2025-09-04T09:52:58.858889,0,10615,1.0,1,9.5
2025-09-04T09:52:59.364800,0,10615,1.0,1,10.0
2025-09-04T09:52:59.870189,0,10615,1.0,1,10.2
2025-09-04T09:53:00.375546,0,10615,1.0,1,14.1
2025-09-04T09:53:00.880907,0,10615,1.0,1,8.9
2025-09-04T09:53:01.386245,0,10615,1.0,1,12.7
2025-09-04T09:53:01.890046,0,10615,1.0,1,13.4
2025-09-04T09:53:02.395409,0,10615,1.0,1,16.6
2025-09-04T09:53:02.899925,0,10615,1.0,1,4.7
2025-09-04T09:53:03.405327,0,10615,1.0,1,1.5
2025-09-04T09:53:03.910709,0,10615,1.0,1,2.0
2025-09-04T09:53:04.416053,0,10615,1.0,1,1.0
2025-09-04T09:53:04.921415,0,10615,1.0,1,2.5
2025-09-04T09:53:05.425781,0,10615,1.0,1,0.7
2025-09-04T09:53:05.930007,0,10615,1.0,1,1.2
2025-09-04T09:53:06.435419,0,10615,1.0,1,1.2
2025-09-04T09:53:06.938948,0,10615,1.0,1,1.0
2025-09-04T09:53:07.444320,0,10615,1.0,1,2.5
2025-09-04T09:53:07.949685,0,10615,1.0,1,1.7
2025-09-04T09:53:08.455030,0,10615,1.0,1,1.2
2025-09-04T09:53:08.960375,0,10615,1.0,1,2.0
2025-09-04T09:53:09.465728,0,10615,1.0,1,1.0
2025-09-04T09:53:09.967569,0,10615,1.0,1,2.7
2025-09-04T09:53:10.472926,0,10615,1.0,1,0.7
2025-09-04T09:53:10.978291,0,10615,1.0,1,3.0
2025-09-04T09:53:11.483651,0,10615,1.0,1,1.0
2025-09-04T09:53:11.988994,0,10615,1.0,1,8.4
2025-09-04T09:53:12.494358,0,10615,1.0,1,16.2
2025-09-04T09:53:12.999711,0,10615,1.0,1,9.2
2025-09-04T09:53:13.504240,0,10615,1.0,1,5.9
2025-09-04T09:53:14.005717,0,10615,1.0,1,8.0
2025-09-04T09:53:14.508681,0,10615,1.0,1,22.7
2025-09-04T09:53:15.013902,0,10615,1.0,1,2.0
2025-09-04T09:53:15.515022,0,10615,1.0,1,3.5
2025-09-04T09:53:16.016291,0,10615,1.0,1,5.3
2025-09-04T09:53:16.518265,0,10615,1.0,1,11.5
2025-09-04T09:53:17.023533,0,10615,1.0,1,20.0
2025-09-04T09:53:17.527118,0,10615,1.0,1,14.5
2025-09-04T09:53:18.030384,0,10615,1.0,1,17.3
2025-09-04T09:53:18.533677,0,10615,1.0,1,9.0
2025-09-04T09:53:19.039032,0,10615,1.0,1,19.7
2025-09-04T09:53:19.541456,0,10615,1.0,1,36.4
2025-09-04T09:53:20.044445,0,10615,1.0,1,30.6
2025-09-04T09:53:20.547981,0,10615,1.0,1,14.3
2025-09-04T09:53:21.053272,0,10615,1.0,1,14.1
2025-09-04T09:53:21.557173,0,10615,1.0,1,17.8
2025-09-04T09:53:22.061418,0,10615,1.0,1,23.0
2025-09-04T09:53:22.562615,0,10615,1.0,1,16.3
2025-09-04T09:53:23.068000,0,10615,1.0,1,17.7
2025-09-04T09:53:23.571443,0,10615,1.0,1,41.0
2025-09-04T09:53:24.076137,0,10615,1.0,1,27.5
2025-09-04T09:53:24.576995,0,10615,1.0,1,31.6
2025-09-04T09:53:25.082383,0,10615,1.0,1,24.2
2025-09-04T09:53:25.587726,0,10615,1.0,1,10.4
2025-09-04T09:53:26.092429,0,10615,1.0,1,9.2
2025-09-04T09:53:26.597852,0,10615,1.0,1,13.9
2025-09-04T09:53:27.103270,0,10615,1.0,1,9.5
2025-09-04T09:53:27.608705,0,10615,1.0,1,10.0
2025-09-04T09:53:28.114127,0,10615,1.0,1,6.9
2025-09-04T09:53:28.618542,0,10615,1.0,1,6.9
2025-09-04T09:53:29.123962,0,10615,1.0,1,11.0
2025-09-04T09:53:29.629369,0,10615,1.0,1,9.7
2025-09-04T09:53:30.134783,0,10615,1.0,1,9.7
2025-09-04T09:53:30.637289,0,10615,1.0,1,13.2
2025-09-04T09:53:31.142700,0,10615,1.0,1,14.8
2025-09-04T09:53:31.643482,0,10615,1.0,1,12.6
2025-09-04T09:53:32.148891,0,10615,1.0,1,11.3
2025-09-04T09:53:32.652392,0,10615,1.0,1,9.5
2025-09-04T09:53:33.155360,0,10615,1.0,1,11.6
2025-09-04T09:53:33.660768,0,10615,1.0,1,16.5
2025-09-04T09:53:34.165609,0,10615,1.0,1,6.1
2025-09-04T09:53:34.668561,0,10615,1.0,1,14.1
2025-09-04T09:53:35.174994,0,10615,1.0,1,9.2
2025-09-04T09:53:35.680381,0,10615,1.0,1,14.0
2025-09-04T09:53:36.184231,0,10615,1.0,1,11.9
2025-09-04T09:53:36.688561,0,10615,1.0,1,7.7
2025-09-04T09:53:37.193877,0,10615,1.0,1,9.4
2025-09-04T09:53:37.699277,0,10615,1.0,1,17.5
2025-09-04T09:53:38.204672,0,10615,1.0,1,15.0
2025-09-04T09:53:38.709769,0,10615,1.0,1,7.4
2025-09-04T09:53:39.215192,0,10615,1.0,1,8.2
2025-09-04T09:53:39.718503,0,10615,1.0,1,7.2
2025-09-04T09:53:40.223904,0,10615,1.0,1,4.7
2025-09-04T09:53:40.725009,0,10615,1.0,1,4.3
2025-09-04T09:53:41.230422,0,10615,1.0,1,7.5
2025-09-04T09:53:41.735157,0,10615,1.0,1,11.2
2025-09-04T09:53:42.240545,0,10615,1.0,1,17.3
2025-09-04T09:53:42.744110,0,10615,1.0,1,13.0
2025-09-04T09:53:43.249440,0,10615,1.0,1,17.1
2025-09-04T09:53:43.755609,0,10615,1.0,1,9.2
2025-09-04T09:53:44.260173,0,10615,1.0,1,10.7
2025-09-04T09:53:44.765557,0,10615,1.0,1,10.0
2025-09-04T09:53:45.267207,0,10615,1.0,1,1.7
2025-09-04T09:53:45.771074,0,10615,1.0,1,3.0
2025-09-04T09:53:46.276402,0,10615,1.0,1,0.7
2025-09-04T09:53:46.779087,0,10615,1.0,1,5.0
2025-09-04T09:53:47.284477,0,10615,1.0,1,6.2
2025-09-04T09:53:47.789827,0,10615,1.0,1,14.3
2025-09-04T09:53:48.290547,0,10615,1.0,1,13.9
2025-09-04T09:53:48.795915,0,10615,1.0,1,8.6
2025-09-04T09:53:49.301259,0,10615,1.0,1,7.7
2025-09-04T09:53:49.803418,0,10615,1.0,1,28.6
2025-09-04T09:53:50.308795,0,10615,1.0,1,4.9
2025-09-04T09:53:50.811792,0,10615,1.0,1,2.7
2025-09-04T09:53:51.317164,0,10615,1.0,1,3.0
2025-09-04T09:53:51.822517,0,10615,1.0,1,3.0
2025-09-04T09:53:52.327847,0,10615,1.0,1,14.5
2025-09-04T09:53:52.832924,0,10615,1.0,1,13.0
2025-09-04T09:53:53.338320,0,10615,1.0,1,6.2
2025-09-04T09:53:53.842145,0,10615,1.0,1,4.7
2025-09-04T09:53:54.342742,0,10615,1.0,1,7.3
2025-09-04T09:53:54.848135,0,10615,1.0,1,8.9
2025-09-04T09:53:55.349844,0,10615,1.0,1,9.0
2025-09-04T09:53:55.855299,0,10615,1.0,1,2.0
2025-09-04T09:53:56.360149,0,10615,1.0,1,1.2
2025-09-04T09:53:56.865523,0,10615,1.0,1,1.5
2025-09-04T09:53:57.367532,0,10615,1.0,1,1.2
2025-09-04T09:53:57.867992,0,10615,1.0,1,1.0
2025-09-04T09:53:58.373378,0,10615,1.0,1,1.0
2025-09-04T09:53:58.876847,0,10615,1.0,1,0.7
2025-09-04T09:53:59.379936,0,10615,1.0,1,1.2
2025-09-04T09:53:59.885205,0,10615,1.0,1,3.7
2025-09-04T09:54:00.390602,0,10615,1.0,1,11.0
2025-09-04T09:54:00.896005,0,10615,1.0,1,9.6
2025-09-04T09:54:01.399962,0,10615,1.0,1,3.5
2025-09-04T09:54:01.905367,0,10615,1.0,1,8.2
2025-09-04T09:54:02.407376,0,10615,1.0,1,12.7
2025-09-04T09:54:02.912720,0,10615,1.0,1,12.2
2025-09-04T09:54:03.417643,0,10615,1.0,1,14.7
2025-09-04T09:54:03.923645,0,10615,1.0,1,13.9
2025-09-04T09:54:04.430142,0,10615,1.0,1,7.2
2025-09-04T09:54:04.933845,0,10615,1.0,1,1.7
2025-09-04T09:54:05.434445,0,10615,1.0,1,3.5
2025-09-04T09:54:05.940014,0,10615,1.0,1,6.2
2025-09-04T09:54:06.445416,0,10615,1.0,1,17.0
2025-09-04T09:54:06.950424,0,10615,1.0,1,5.0
2025-09-04T09:54:07.452313,0,10615,1.0,1,2.0
2025-09-04T09:54:07.953901,0,10615,1.0,1,5.5
2025-09-04T09:54:08.459302,0,10615,1.0,1,8.2
2025-09-04T09:54:08.964716,0,10615,1.0,1,6.7
2025-09-04T09:54:09.470091,0,10615,1.0,1,1.5
2025-09-04T09:54:09.971226,0,10615,1.0,1,1.8
2025-09-04T09:54:10.476540,0,10615,1.0,1,3.0
2025-09-04T09:54:10.981913,0,10615,1.0,1,1.0
2025-09-04T09:54:11.487271,0,10615,1.0,1,1.8
2025-09-04T09:54:11.992696,0,10615,1.0,1,4.9
2025-09-04T09:54:12.494009,0,10615,1.0,1,1.8
2025-09-04T09:54:12.999366,0,10615,1.0,1,3.7
2025-09-04T09:54:13.504748,0,10615,1.0,1,1.2
2025-09-04T09:54:14.010136,0,10615,1.0,1,1.7
2025-09-04T09:54:14.515492,0,10615,1.0,1,1.7
2025-09-04T09:54:15.018476,0,10615,1.0,1,0.5
2025-09-04T09:54:15.523815,0,10615,1.0,1,1.7
2025-09-04T09:54:16.029082,0,10615,1.0,1,0.5
2025-09-04T09:54:16.534395,0,10615,1.0,1,1.2
2025-09-04T09:54:17.039673,0,10615,1.0,1,1.0
2025-09-04T09:54:17.545058,0,10615,1.0,1,1.7
2025-09-04T09:54:18.049735,0,10615,1.0,1,0.5
2025-09-04T09:54:18.555104,0,10615,1.0,1,1.7
2025-09-04T09:54:19.060537,0,10615,1.0,1,2.7
2025-09-04T09:54:19.563257,0,10615,1.0,1,1.2
2025-09-04T09:54:20.068625,0,10615,1.0,1,6.6
2025-09-04T09:54:20.573841,0,10615,1.0,1,11.8
2025-09-04T09:54:21.079646,0,10615,1.0,1,13.9
2025-09-04T09:54:21.583303,0,10615,1.0,1,5.0
2025-09-04T09:54:22.085228,0,10615,1.0,1,5.5
2025-09-04T09:54:22.590498,0,10615,1.0,1,11.7
2025-09-04T09:54:23.093062,0,10615,1.0,1,13.8
2025-09-04T09:54:23.595284,0,10615,1.0,1,12.8
2025-09-04T09:54:24.099633,0,10615,1.0,1,10.9
2025-09-04T09:54:24.603845,0,10615,1.0,1,16.1
2025-09-04T09:54:25.109213,0,10615,1.0,1,11.5
2025-09-04T09:54:25.614585,0,10615,1.0,1,12.2
2025-09-04T09:54:26.119979,0,10615,1.0,1,14.4
2025-09-04T09:54:26.625380,0,10615,1.0,1,4.0
2025-09-04T09:54:27.130776,0,10615,1.0,1,7.2
2025-09-04T09:54:27.636143,0,10615,1.0,1,13.6
2025-09-04T09:54:28.138864,0,10615,1.0,1,9.9
2025-09-04T09:54:28.641247,0,10615,1.0,1,11.7
2025-09-04T09:54:29.146625,0,10615,1.0,1,10.6
2025-09-04T09:54:29.652078,0,10615,1.0,1,11.9
2025-09-04T09:54:30.157510,0,10615,1.0,1,4.7
2025-09-04T09:54:30.661024,0,10615,1.0,1,8.2
2025-09-04T09:54:31.166445,0,10615,1.0,1,8.8
2025-09-04T09:54:31.667769,0,10615,1.0,1,10.5
2025-09-04T09:54:32.173202,0,10615,1.0,1,5.0
2025-09-04T09:54:32.677067,0,10615,1.0,1,5.5
2025-09-04T09:54:33.182301,0,10615,1.0,1,6.2
2025-09-04T09:54:33.685193,0,10615,1.0,1,12.8
2025-09-04T09:54:34.190586,0,10615,1.0,1,4.2
2025-09-04T09:54:34.695962,0,10615,1.0,1,4.7
2025-09-04T09:54:35.201365,0,10615,1.0,1,2.7
2025-09-04T09:54:35.706792,0,10615,1.0,1,9.4
2025-09-04T09:54:36.210175,0,10615,1.0,1,10.9
2025-09-04T09:54:36.715553,0,10615,1.0,1,8.0
2025-09-04T09:54:37.218557,0,10615,1.0,1,10.1
2025-09-04T09:54:37.723951,0,10615,1.0,1,2.0
2025-09-04T09:54:38.224469,0,10615,1.0,1,8.5
2025-09-04T09:54:38.725634,0,10615,1.0,1,11.9
2025-09-04T09:54:39.231180,0,10615,1.0,1,10.9
2025-09-04T09:54:39.735938,0,10615,1.0,1,8.9
2025-09-04T09:54:40.238878,0,10615,1.0,1,14.8
2025-09-04T09:54:40.744276,0,10615,1.0,1,16.7
2025-09-04T09:54:41.249686,0,10615,1.0,1,6.3
2025-09-04T09:54:41.755211,0,10615,1.0,1,4.7
2025-09-04T09:54:42.260620,0,10615,1.0,1,14.3
2025-09-04T09:54:42.765959,0,10615,1.0,1,34.2
2025-09-04T09:54:43.270070,0,10615,1.0,1,15.1
2025-09-04T09:54:43.775442,0,10615,1.0,1,2.5
2025-09-04T09:54:44.280820,0,10615,1.0,1,3.2
2025-09-04T09:54:44.783286,0,10615,1.0,1,7.2
2025-09-04T09:54:45.288783,0,10615,1.0,1,6.7
2025-09-04T09:54:45.791372,0,10615,1.0,1,12.0
2025-09-04T09:54:46.294081,0,10615,1.0,1,5.0
2025-09-04T09:54:46.799485,0,10615,1.0,1,3.7
2025-09-04T09:54:47.304896,0,10615,1.0,1,2.0
2025-09-04T09:54:47.808734,0,10615,1.0,1,4.2
2025-09-04T09:54:48.310076,0,10615,1.0,1,5.5
2025-09-04T09:54:48.811408,0,10615,1.0,1,6.5
2025-09-04T09:54:49.314627,0,10615,1.0,1,1.0
2025-09-04T09:54:49.815590,0,10615,1.0,1,3.5
2025-09-04T09:54:50.320960,0,10615,1.0,1,5.7
2025-09-04T09:54:50.823161,0,10615,1.0,1,2.0
2025-09-04T09:54:51.328519,0,10615,1.0,1,3.5
2025-09-04T09:54:51.833804,0,10615,1.0,1,2.7
2025-09-04T09:54:52.339217,0,10615,1.0,1,0.7
2025-09-04T09:54:52.840569,0,10615,1.0,1,2.5
2025-09-04T09:54:53.344736,0,10615,1.0,1,0.7
2025-09-04T09:54:53.850083,0,10615,1.0,1,1.5
2025-09-04T09:54:54.354689,0,10615,1.0,1,1.0
2025-09-04T09:54:54.855272,0,10615,1.0,1,1.7
2025-09-04T09:54:55.360609,0,10615,1.0,1,0.7
2025-09-04T09:54:55.862071,0,10615,1.0,1,1.0
2025-09-04T09:54:56.367401,0,10615,1.0,1,1.0
2025-09-04T09:54:56.872774,0,10615,1.0,1,0.7
2025-09-04T09:54:57.376736,0,10615,1.0,1,0.7
2025-09-04T09:54:57.882074,0,10615,1.0,1,1.2
2025-09-04T09:54:58.384752,0,10615,1.0,1,0.7
2025-09-04T09:54:58.886139,0,10615,1.0,1,1.3
2025-09-04T09:54:59.387421,0,10615,1.0,1,1.2
2025-09-04T09:54:59.892755,0,10615,1.0,1,1.2
2025-09-04T09:55:00.398124,0,10615,1.0,1,2.5
2025-09-04T09:55:00.902117,0,10615,1.0,1,0.8
2025-09-04T09:55:01.407457,0,10615,1.0,1,0.7
2025-09-04T09:55:01.910126,0,10615,1.0,1,1.0
2025-09-04T09:55:02.412316,0,10615,1.0,1,1.2
2025-09-04T09:55:02.912790,0,10615,1.0,1,1.0
2025-09-04T09:55:03.414347,0,10615,1.0,1,6.5
2025-09-04T09:55:03.919619,0,10615,1.0,1,2.5
2025-09-04T09:55:04.422137,0,10615,1.0,1,0.7
2025-09-04T09:55:04.923471,0,10615,1.0,1,2.0
2025-09-04T09:55:05.426881,0,10615,1.0,1,0.5
2025-09-04T09:55:05.932217,0,10615,1.0,1,1.0
2025-09-04T09:55:06.436925,0,10615,1.0,1,0.5
2025-09-04T09:55:06.939469,0,10615,1.0,1,1.2
2025-09-04T09:55:07.440828,0,10615,1.0,1,1.0
2025-09-04T09:55:07.946149,0,10615,1.0,1,1.2
2025-09-04T09:55:08.451448,0,10615,1.0,1,0.7
2025-09-04T09:55:08.955488,0,10615,1.0,1,1.0
2025-09-04T09:55:09.457707,0,10615,1.0,1,1.2
2025-09-04T09:55:09.958152,0,10615,1.0,1,1.2
2025-09-04T09:55:10.458738,0,10615,1.0,1,0.3
2025-09-04T09:55:10.964063,0,10615,1.0,1,2.2
2025-09-04T09:55:11.467504,0,10615,1.0,1,1.2
2025-09-04T09:55:11.968857,0,10615,1.0,1,1.8
2025-09-04T09:55:12.471817,0,10615,1.0,1,3.0
2025-09-04T09:55:12.977167,0,10615,1.0,1,4.2
2025-09-04T09:55:13.482535,0,10615,1.0,1,0.7
2025-09-04T09:55:13.987866,0,10615,1.0,1,1.2
2025-09-04T09:55:14.491540,0,10615,1.0,1,1.2
2025-09-04T09:55:14.996888,0,10615,1.0,1,1.5
2025-09-04T09:55:15.502212,0,10615,1.0,1,0.5
2025-09-04T09:55:16.007374,0,10615,1.0,1,7.5
2025-09-04T09:55:16.513472,0,10615,1.0,1,12.6
2025-09-04T09:55:17.018926,0,10615,1.0,1,4.5
2025-09-04T09:55:17.524343,0,10615,1.0,1,1.2
2025-09-04T09:55:18.029735,0,10615,1.0,1,1.5
2025-09-04T09:55:18.535120,0,10615,1.0,1,1.7
2025-09-04T09:55:19.040520,0,10615,1.0,1,1.0
2025-09-04T09:55:19.545225,0,10615,1.0,1,1.7
2025-09-04T09:55:20.047184,0,10615,1.0,1,17.2
2025-09-04T09:55:20.552453,0,10615,1.0,1,2.7
2025-09-04T09:55:21.056846,0,10615,1.0,1,2.5
2025-09-04T09:55:21.562115,0,10615,1.0,1,3.2
2025-09-04T09:55:22.067484,0,10615,1.0,1,2.2
2025-09-04T09:55:22.568319,0,10615,1.0,1,1.7
2025-09-04T09:55:23.072883,0,10615,1.0,1,0.7
2025-09-04T09:55:23.574223,0,10615,1.0,1,1.0
2025-09-04T09:55:24.079555,0,10615,1.0,1,1.2
2025-09-04T09:55:24.584920,0,10615,1.0,1,1.0
2025-09-04T09:55:25.088901,0,10615,1.0,1,1.0
2025-09-04T09:55:25.592912,0,10615,1.0,1,6.2
2025-09-04T09:55:26.098282,0,10615,1.0,1,13.5
2025-09-04T09:55:26.599247,0,10615,1.0,1,11.5
2025-09-04T09:55:27.101294,0,10615,1.0,1,6.0
2025-09-04T09:55:27.606674,0,10615,1.0,1,1.7
2025-09-04T09:55:28.110284,0,10615,1.0,1,1.7
2025-09-04T09:55:28.615630,0,10615,1.0,1,1.0
2025-09-04T09:55:29.120923,0,10615,1.0,1,1.0
2025-09-04T09:55:29.626266,0,10615,1.0,1,1.5
2025-09-04T09:55:30.128905,0,10615,1.0,1,1.2
2025-09-04T09:55:30.632418,0,10615,1.0,1,1.2
2025-09-04T09:55:31.137748,0,10615,1.0,1,1.0
2025-09-04T09:55:31.641311,0,10615,1.0,1,1.5
2025-09-04T09:55:32.146657,0,10615,1.0,1,1.7
2025-09-04T09:55:32.652005,0,10615,1.0,1,1.5
2025-09-04T09:55:33.157079,0,10615,1.0,1,1.2
2025-09-04T09:55:33.660326,0,10615,1.0,1,3.2
2025-09-04T09:55:34.165721,0,10615,1.0,1,1.2
2025-09-04T09:55:34.668632,0,10615,1.0,1,1.7
2025-09-04T09:55:35.173998,0,10615,1.0,1,0.7
2025-09-04T09:55:35.679356,0,10615,1.0,1,2.0
2025-09-04T09:55:36.182127,0,10615,1.0,1,1.2
2025-09-04T09:55:36.685348,0,10615,1.0,1,1.7
2025-09-04T09:55:37.190712,0,10615,1.0,1,1.5
2025-09-04T09:55:37.693644,0,10615,1.0,1,0.5
2025-09-04T09:55:38.198351,0,10615,1.0,1,1.0
2025-09-04T09:55:38.703682,0,10615,1.0,1,1.0
2025-09-04T09:55:39.209004,0,10615,1.0,1,0.7
2025-09-04T09:55:39.714336,0,10615,1.0,1,2.0
2025-09-04T09:55:40.219665,0,10615,1.0,1,0.7
2025-09-04T09:55:40.725027,0,10615,1.0,1,1.5
2025-09-04T09:55:41.230390,0,10615,1.0,1,1.0
2025-09-04T09:55:41.733516,0,10615,1.0,1,2.5
2025-09-04T09:55:42.238864,0,10615,1.0,1,1.2
2025-09-04T09:55:42.743638,0,10615,1.0,1,4.5
2025-09-04T09:55:43.249021,0,10615,1.0,1,3.7
2025-09-04T09:55:43.754379,0,10615,1.0,1,2.5
2025-09-04T09:55:44.259744,0,10615,1.0,1,1.7
2025-09-04T09:55:44.765144,0,10615,1.0,1,3.0
2025-09-04T09:55:45.270322,0,10615,1.0,1,1.0
2025-09-04T09:55:45.774095,0,10615,1.0,1,1.7
2025-09-04T09:55:46.276138,0,10615,1.0,1,0.5
2025-09-04T09:55:46.781474,0,10615,1.0,1,1.5
2025-09-04T09:55:47.286797,0,10615,1.0,1,0.5
2025-09-04T09:55:47.790771,0,10615,1.0,1,1.5
2025-09-04T09:55:48.296097,0,10615,1.0,1,2.5
2025-09-04T09:55:48.801407,0,10615,1.0,1,1.5
2025-09-04T09:55:49.302049,0,10615,1.0,1,0.8
2025-09-04T09:55:49.804033,0,10615,1.0,1,3.3
2025-09-04T09:55:50.307811,0,10615,1.0,1,4.5
2025-09-04T09:55:50.813574,0,10615,1.0,1,2.2
2025-09-04T09:55:51.316748,0,10615,1.0,1,2.5
2025-09-04T09:55:51.819693,0,10615,1.0,1,2.7
2025-09-04T09:55:52.321089,0,10615,1.0,1,2.0
2025-09-04T09:55:52.824856,0,10615,1.0,1,7.9
2025-09-04T09:55:53.329081,0,10615,1.0,1,6.7
2025-09-04T09:55:53.834454,0,10615,1.0,1,1.5
2025-09-04T09:55:54.339876,0,10615,1.0,1,5.0
2025-09-04T09:55:54.845236,0,10615,1.0,1,1.7
2025-09-04T09:55:55.350377,0,10615,1.0,1,1.0
2025-09-04T09:55:55.852737,0,10615,1.0,1,1.2
2025-09-04T09:55:56.358083,0,10615,1.0,1,0.7
2025-09-04T09:55:56.859789,0,10615,1.0,1,1.5
2025-09-04T09:55:57.365177,0,10615,1.0,1,0.5
2025-09-04T09:55:57.870527,0,10615,1.0,1,2.2
2025-09-04T09:55:58.375870,0,10615,1.0,1,0.5
2025-09-04T09:55:58.881062,0,10615,1.0,1,1.5
2025-09-04T09:55:59.386421,0,10615,1.0,1,3.0
2025-09-04T09:55:59.889067,0,10615,1.0,1,2.5
2025-09-04T09:56:00.390417,0,10615,1.0,1,2.0
2025-09-04T09:56:00.891745,0,10615,1.0,1,0.7
2025-09-04T09:56:01.397137,0,10615,1.0,1,1.7
2025-09-04T09:56:01.902527,0,10615,1.0,1,1.2
2025-09-04T09:56:02.407884,0,10615,1.0,1,1.2
2025-09-04T09:56:02.913068,0,10615,1.0,1,1.2
2025-09-04T09:56:03.414472,0,10615,1.0,1,0.5
2025-09-04T09:56:03.919839,0,10615,1.0,1,1.5
2025-09-04T09:56:04.422458,0,10615,1.0,1,1.0
2025-09-04T09:56:04.927781,0,10615,1.0,1,1.5
2025-09-04T09:56:05.431134,0,10615,1.0,1,0.5
2025-09-04T09:56:05.931734,0,10615,1.0,1,1.2
2025-09-04T09:56:06.437060,0,10615,1.0,1,0.7
2025-09-04T09:56:06.939771,0,10615,1.0,1,1.8
2025-09-04T09:56:07.445122,0,10615,1.0,1,1.7
2025-09-04T09:56:07.950464,0,10615,1.0,1,1.2
2025-09-04T09:56:08.455797,0,10615,1.0,1,0.2
2025-09-04T09:56:08.961113,0,10615,1.0,1,1.2
2025-09-04T09:56:09.462586,0,10615,1.0,1,0.7
2025-09-04T09:56:09.967974,0,10615,1.0,1,2.2
2025-09-04T09:56:10.473329,0,10615,1.0,1,6.2
2025-09-04T09:56:10.977126,0,10615,1.0,1,2.3
2025-09-04T09:56:11.479537,0,10615,1.0,1,1.2
2025-09-04T09:56:11.983737,0,10615,1.0,1,2.7
2025-09-04T09:56:12.488834,0,10615,1.0,1,1.7
2025-09-04T09:56:12.993164,0,10615,1.0,1,3.7
2025-09-04T09:56:13.498534,0,10615,1.0,1,2.5
2025-09-04T09:56:14.003866,0,10615,1.0,1,0.7
2025-09-04T09:56:14.507357,0,10615,1.0,1,1.5
2025-09-04T09:56:15.009708,0,10615,1.0,1,1.7
2025-09-04T09:56:15.513899,0,10615,1.0,1,1.0
2025-09-04T09:56:16.017187,0,10615,1.0,1,0.7
2025-09-04T09:56:16.520043,0,10615,1.0,1,1.7
2025-09-04T09:56:17.025178,0,10615,1.0,1,1.5
2025-09-04T09:56:17.530516,0,10615,1.0,1,1.0
2025-09-04T09:56:18.035806,0,10615,1.0,1,1.2
2025-09-04T09:56:18.541130,0,10615,1.0,1,0.2
2025-09-04T09:56:19.046454,0,10615,1.0,1,1.7
2025-09-04T09:56:19.547801,0,10615,1.0,1,1.5
2025-09-04T09:56:20.052031,0,10615,1.0,1,1.0
2025-09-04T09:56:20.552977,0,10615,1.0,1,12.1
2025-09-04T09:56:21.058778,0,10615,1.0,1,1.7
2025-09-04T09:56:21.564169,0,10615,1.0,1,3.5
2025-09-04T09:56:22.069527,0,10615,1.0,1,2.0
2025-09-04T09:56:22.571873,0,10615,1.0,1,11.4
2025-09-04T09:56:23.075361,0,10615,1.0,1,0.5
2025-09-04T09:56:23.580737,0,10615,1.0,1,1.5
2025-09-04T09:56:24.081220,0,10615,1.0,1,0.8
2025-09-04T09:56:24.582655,0,10615,1.0,1,8.5
2025-09-04T09:56:25.087934,0,10615,1.0,1,2.3
2025-09-04T09:56:25.588926,0,10615,1.0,1,1.0
2025-09-04T09:56:26.092077,0,10615,1.0,1,2.2
2025-09-04T09:56:26.593216,0,10615,1.0,1,1.0
2025-09-04T09:56:27.098545,0,10615,1.0,1,0.7
2025-09-04T09:56:27.603854,0,10615,1.0,1,1.5
2025-09-04T09:56:28.108560,0,10615,1.0,1,0.7
2025-09-04T09:56:28.613907,0,10615,1.0,1,2.0
2025-09-04T09:56:29.119258,0,10615,1.0,1,0.7
2025-09-04T09:56:29.620963,0,10615,1.0,1,1.7
2025-09-04T09:56:30.126316,0,10615,1.0,1,0.7
2025-09-04T09:56:30.630572,0,10615,1.0,1,1.2
2025-09-04T09:56:31.134903,0,10615,1.0,1,0.2
2025-09-04T09:56:31.640187,0,10615,1.0,1,2.0
2025-09-04T09:56:32.145278,0,10615,1.0,1,2.0
2025-09-04T09:56:32.650613,0,10615,1.0,1,1.5
2025-09-04T09:56:33.156210,0,10615,1.0,1,1.0
2025-09-04T09:56:33.660510,0,10615,1.0,1,3.5
2025-09-04T09:56:34.161702,0,10615,1.0,1,0.8
2025-09-04T09:56:34.667373,0,10615,1.0,1,1.5
2025-09-04T09:56:35.169330,0,10615,1.0,1,1.0
2025-09-04T09:56:35.672445,0,10615,1.0,1,1.5
2025-09-04T09:56:36.178086,0,10615,1.0,1,1.0
2025-09-04T09:56:36.681042,0,10615,1.0,1,1.2
2025-09-04T09:56:37.182670,0,10615,1.0,1,1.0
2025-09-04T09:56:37.688234,0,10615,1.0,1,9.7
2025-09-04T09:56:38.194198,0,10615,1.0,1,13.5
2025-09-04T09:56:38.696658,0,10615,1.0,1,12.8
2025-09-04T09:56:39.202019,0,10615,1.0,1,18.8
2025-09-04T09:56:39.703057,0,10615,1.0,1,13.0
2025-09-04T09:56:40.207222,0,10615,1.0,1,12.5
2025-09-04T09:56:40.712817,0,10615,1.0,1,9.5
2025-09-04T09:56:41.215813,0,10615,1.0,1,9.5
2025-09-04T09:56:41.720564,0,10615,1.0,1,18.0
2025-09-04T09:56:42.226164,0,10615,1.0,1,8.7
2025-09-04T09:56:42.727980,0,10615,1.0,1,11.1
2025-09-04T09:56:43.233590,0,10615,1.0,1,12.6
2025-09-04T09:56:43.734970,0,10615,1.0,1,9.7
2025-09-04T09:56:44.240183,0,10615,1.0,1,7.5
2025-09-04T09:56:44.743422,0,10615,1.0,1,21.9
2025-09-04T09:56:45.248280,0,10615,1.0,1,22.7
2025-09-04T09:56:45.753758,0,10615,1.0,1,26.9
2025-09-04T09:56:46.256546,0,10615,1.0,1,12.2
2025-09-04T09:56:46.758958,0,10615,1.0,1,14.3
2025-09-04T09:56:47.263843,0,10615,1.0,1,23.9
2025-09-04T09:56:47.769286,0,10615,1.0,1,14.7
2025-09-04T09:56:48.273763,0,10615,1.0,1,9.0
2025-09-04T09:56:48.779284,0,10615,1.0,1,12.2
2025-09-04T09:56:49.281480,0,10615,1.0,1,14.4
2025-09-04T09:56:49.784448,0,10615,1.0,1,23.1
2025-09-04T09:56:50.289928,0,10615,1.0,1,31.3
2025-09-04T09:56:50.795396,0,10615,1.0,1,12.5
2025-09-04T09:56:51.301337,0,10615,1.0,1,12.4
2025-09-04T09:56:51.806836,0,10615,1.0,1,21.4
2025-09-04T09:56:52.308096,0,10615,1.0,1,25.7
2025-09-04T09:56:52.813550,0,10615,1.0,1,1.7
2025-09-04T09:56:53.316119,0,10615,1.0,1,5.5
2025-09-04T09:56:53.821573,0,10615,1.0,1,7.0
2025-09-04T09:56:54.326264,0,10615,1.0,1,4.7
2025-09-04T09:56:54.830285,0,10615,1.0,1,6.7
2025-09-04T09:56:55.332531,0,10615,1.0,1,17.4
2025-09-04T09:56:55.834362,0,10615,1.0,1,38.8
2025-09-04T09:56:56.338445,0,10615,1.0,1,36.1
2025-09-04T09:56:56.841259,0,10615,1.0,1,17.1
2025-09-04T09:56:57.346777,0,10615,1.0,1,31.5
2025-09-04T09:56:57.849457,0,10615,1.0,1,17.2
2025-09-04T09:56:58.354924,0,10615,1.0,1,11.2
2025-09-04T09:56:58.860430,0,10615,1.0,1,11.9
2025-09-04T09:56:59.365906,0,10615,1.0,1,12.2
2025-09-04T09:56:59.871397,0,10615,1.0,1,13.9
2025-09-04T09:57:00.376862,0,10615,1.0,1,8.7
2025-09-04T09:57:00.882281,0,10615,1.0,1,4.7
2025-09-04T09:57:01.387693,0,10615,1.0,1,2.2
2025-09-04T09:57:01.893133,0,10615,1.0,1,4.7
2025-09-04T09:57:02.397132,0,10615,1.0,1,2.5
2025-09-04T09:57:02.901731,0,10615,1.0,1,3.5
2025-09-04T09:57:03.403093,0,10615,1.0,1,2.0
2025-09-04T09:57:03.908501,0,10615,1.0,1,1.7
2025-09-04T09:57:04.413903,0,10615,1.0,1,1.5
2025-09-04T09:57:04.919306,0,10615,1.0,1,4.0
2025-09-04T09:57:05.424678,0,10615,1.0,1,9.0
2025-09-04T09:57:05.929725,0,10615,1.0,1,6.4
2025-09-04T09:57:06.435139,0,10615,1.0,1,2.0
2025-09-04T09:57:06.936709,0,10615,1.0,1,2.8
2025-09-04T09:57:07.440776,0,10615,1.0,1,3.4
2025-09-04T09:57:07.941392,0,10615,1.0,1,2.0
2025-09-04T09:57:08.446753,0,10615,1.0,1,0.5
2025-09-04T09:57:08.952137,0,10615,1.0,1,2.0
2025-09-04T09:57:09.456919,0,10615,1.0,1,0.5
2025-09-04T09:57:09.957717,0,10615,1.0,1,2.5
2025-09-04T09:57:10.463087,0,10615,1.0,1,1.2
2025-09-04T09:57:10.963617,0,10615,1.0,1,1.5
2025-09-04T09:57:11.468999,0,10615,1.0,1,1.7
2025-09-04T09:57:11.974417,0,10615,1.0,1,4.9
2025-09-04T09:57:12.479868,0,10615,1.0,1,1.5
2025-09-04T09:57:12.985248,0,10615,1.0,1,5.0
2025-09-04T09:57:13.490638,0,10615,1.0,1,0.7
2025-09-04T09:57:13.995998,0,10615,1.0,1,2.0
2025-09-04T09:57:14.499075,0,10615,1.0,1,0.7
2025-09-04T09:57:15.004210,0,10615,1.0,1,1.7
2025-09-04T09:57:15.505330,0,10615,1.0,1,1.5
2025-09-04T09:57:16.011144,0,10615,1.0,1,1.5
2025-09-04T09:57:16.516543,0,10615,1.0,1,1.2
2025-09-04T09:57:17.020086,0,10615,1.0,1,2.5
2025-09-04T09:57:17.525826,0,10615,1.0,1,1.0
2025-09-04T09:57:18.028172,0,10615,1.0,1,1.5
2025-09-04T09:57:18.533531,0,10615,1.0,1,0.7
2025-09-04T09:57:19.036152,0,10615,1.0,1,1.5
2025-09-04T09:57:19.541492,0,10615,1.0,1,1.0
2025-09-04T09:57:20.046852,0,10615,1.0,1,1.5
2025-09-04T09:57:20.550879,0,10615,1.0,1,25.8
2025-09-04T09:57:21.056280,0,10615,1.0,1,6.7
2025-09-04T09:57:21.558916,0,10615,1.0,1,3.2
2025-09-04T09:57:22.064466,0,10615,1.0,1,6.4
2025-09-04T09:57:22.567231,0,10615,1.0,1,1.2
2025-09-04T09:57:23.070689,0,10615,1.0,1,1.5
2025-09-04T09:57:23.575014,0,10615,1.0,1,1.5
2025-09-04T09:57:24.079072,0,10615,1.0,1,1.0
2025-09-04T09:57:24.579505,0,10615,1.0,1,1.2
2025-09-04T09:57:25.084433,0,10615,1.0,1,2.2
2025-09-04T09:57:25.589013,0,10615,1.0,1,5.7
2025-09-04T09:57:26.093903,0,10615,1.0,1,2.7
2025-09-04T09:57:26.599048,0,10615,1.0,1,4.5
2025-09-04T09:57:27.100420,0,10615,1.0,1,1.0
2025-09-04T09:57:27.601816,0,10615,1.0,1,1.2
2025-09-04T09:57:28.107192,0,10615,1.0,1,1.2
2025-09-04T09:57:28.611972,0,10615,1.0,1,0.8
2025-09-04T09:57:29.114138,0,10615,1.0,1,1.2
2025-09-04T09:57:29.619516,0,10615,1.0,1,1.5
2025-09-04T09:57:30.124866,0,10615,1.0,1,1.5
2025-09-04T09:57:30.630282,0,10615,1.0,1,0.5
2025-09-04T09:57:31.132615,0,10615,1.0,1,1.2
2025-09-04T09:57:31.637990,0,10615,1.0,1,2.0
2025-09-04T09:57:32.143356,0,10615,1.0,1,2.5
2025-09-04T09:57:32.648736,0,10615,1.0,1,2.0
2025-09-04T09:57:33.149427,0,10615,1.0,1,2.0
2025-09-04T09:57:33.654822,0,10615,1.0,1,1.7
2025-09-04T09:57:34.160222,0,10615,1.0,1,1.7
2025-09-04T09:57:34.665585,0,10615,1.0,1,1.2
2025-09-04T09:57:35.170015,0,10615,1.0,1,2.0
2025-09-04T09:57:35.671363,0,10615,1.0,1,1.3
2025-09-04T09:57:36.172205,0,10615,1.0,1,1.5
2025-09-04T09:57:36.674688,0,10615,1.0,1,1.0
2025-09-04T09:57:37.180045,0,10615,1.0,1,1.2
2025-09-04T09:57:37.685421,0,10615,1.0,1,1.5
2025-09-04T09:57:38.189707,0,10615,1.0,1,1.5
2025-09-04T09:57:38.695064,0,10615,1.0,1,1.0
2025-09-04T09:57:39.196816,0,10615,1.0,1,1.2
2025-09-04T09:57:39.702176,0,10615,1.0,1,1.2
2025-09-04T09:57:40.207540,0,10615,1.0,1,2.0
2025-09-04T09:57:40.709919,0,10615,1.0,1,1.7
2025-09-04T09:57:41.215296,0,10615,1.0,1,0.5
2025-09-04T09:57:41.719466,0,10615,1.0,1,2.5
2025-09-04T09:57:42.223601,0,10615,1.0,1,1.2
2025-09-04T09:57:42.728056,0,10615,1.0,1,1.5
2025-09-04T09:57:43.233420,0,10615,1.0,1,3.9
2025-09-04T09:57:43.738810,0,10615,1.0,1,3.2
2025-09-04T09:57:44.244145,0,10615,1.0,1,3.0
2025-09-04T09:57:44.748851,0,10615,1.0,1,2.5
2025-09-04T09:57:45.254248,0,10615,1.0,1,1.0
2025-09-04T09:57:45.756846,0,10615,1.0,1,2.0
2025-09-04T09:57:46.258209,0,10615,1.0,1,1.5
2025-09-04T09:57:46.759763,0,10615,1.0,1,1.0
2025-09-04T09:57:47.260871,0,10615,1.0,1,1.0
2025-09-04T09:57:47.766200,0,10615,1.0,1,1.5
2025-09-04T09:57:48.271525,0,10615,1.0,1,1.0
2025-09-04T09:57:48.776869,0,10615,1.0,1,0.5
2025-09-04T09:57:49.282263,0,10615,1.0,1,1.7
2025-09-04T09:57:49.783583,0,10615,1.0,1,1.5
2025-09-04T09:57:50.288923,0,10615,1.0,1,0.2
2025-09-04T09:57:50.794269,0,10615,1.0,1,14.0
2025-09-04T09:57:51.297703,0,10615,1.0,1,1.2
2025-09-04T09:57:51.803097,0,10615,1.0,1,3.5
2025-09-04T09:57:52.308467,0,10615,1.0,1,2.5
2025-09-04T09:57:52.812952,0,10615,1.0,1,1.7
2025-09-04T09:57:53.314273,0,10615,1.0,1,1.0
2025-09-04T09:57:53.819650,0,10615,1.0,1,1.5
2025-09-04T09:57:54.325012,0,10615,1.0,1,0.5
2025-09-04T09:57:54.828974,0,10615,1.0,1,1.5
2025-09-04T09:57:55.331356,0,10615,1.0,1,1.0
2025-09-04T09:57:55.832424,0,10615,1.0,1,1.8
2025-09-04T09:57:56.333229,0,10615,1.0,1,0.5
2025-09-04T09:57:56.838639,0,10615,1.0,1,1.2
2025-09-04T09:57:57.341038,0,10615,1.0,1,0.5
2025-09-04T09:57:57.846371,0,10615,1.0,1,2.2
2025-09-04T09:57:58.351690,0,10615,1.0,1,0.5
2025-09-04T09:57:58.857034,0,10615,1.0,1,1.5
2025-09-04T09:57:59.359144,0,10615,1.0,1,5.5
2025-09-04T09:57:59.864469,0,10615,1.0,1,5.0
2025-09-04T09:58:00.369844,0,10615,1.0,1,2.7
2025-09-04T09:58:00.875185,0,10615,1.0,1,4.4
2025-09-04T09:58:01.378443,0,10615,1.0,1,0.5
2025-09-04T09:58:01.883834,0,10615,1.0,1,1.7
2025-09-04T09:58:02.386383,0,10615,1.0,1,1.2
2025-09-04T09:58:02.891760,0,10615,1.0,1,1.0
2025-09-04T09:58:03.397075,0,10615,1.0,1,1.0
2025-09-04T09:58:03.901076,0,10615,1.0,1,1.5
2025-09-04T09:58:04.406389,0,10615,1.0,1,1.0
2025-09-04T09:58:04.911771,0,10615,1.0,1,1.5
2025-09-04T09:58:05.417098,0,10615,1.0,1,0.2
2025-09-04T09:58:05.922451,0,10615,1.0,1,2.0
2025-09-04T09:58:06.426052,0,10615,1.0,1,1.2
2025-09-04T09:58:06.930922,0,10615,1.0,1,1.2
2025-09-04T09:58:07.436240,0,10615,1.0,1,0.5
2025-09-04T09:58:07.941580,0,10615,1.0,1,2.0
2025-09-04T09:58:08.444849,0,10615,1.0,1,0.7
2025-09-04T09:58:08.950192,0,10615,1.0,1,0.7
2025-09-04T09:58:09.455520,0,10615,1.0,1,1.2
2025-09-04T09:58:09.960551,0,10615,1.0,1,1.2
2025-09-04T09:58:10.461115,0,10615,1.0,1,1.2
2025-09-04T09:58:10.966449,0,10615,1.0,1,2.0
2025-09-04T09:58:11.471305,0,10615,1.0,1,0.2
2025-09-04T09:58:11.976652,0,10615,1.0,1,1.5
2025-09-04T09:58:12.477160,0,10615,1.0,1,1.7
2025-09-04T09:58:12.978525,0,10615,1.0,1,4.0
2025-09-04T09:58:13.483880,0,10615,1.0,1,1.0
2025-09-04T09:58:13.989242,0,10615,1.0,1,1.0
2025-09-04T09:58:14.494556,0,10615,1.0,1,0.2
2025-09-04T09:58:14.999876,0,10615,1.0,1,1.5
2025-09-04T09:58:15.505193,0,10615,1.0,1,0.7
2025-09-04T09:58:16.007895,0,10615,1.0,1,1.5
2025-09-04T09:58:16.509270,0,10615,1.0,1,0.5
2025-09-04T09:58:17.014592,0,10615,1.0,1,1.0
2025-09-04T09:58:17.519948,0,10615,1.0,1,0.7
2025-09-04T09:58:18.023853,0,10615,1.0,1,1.7
2025-09-04T09:58:18.526136,0,10615,1.0,1,0.7
2025-09-04T09:58:19.031473,0,10615,1.0,1,1.2
2025-09-04T09:58:19.536835,0,10615,1.0,1,0.7
2025-09-04T09:58:20.042179,0,10615,1.0,1,2.0
2025-09-04T09:58:20.547516,0,10615,1.0,1,1.0
2025-09-04T09:58:21.047854,0,10615,1.0,1,17.3
2025-09-04T09:58:21.552685,0,10615,1.0,1,2.2
2025-09-04T09:58:22.056031,0,10615,1.0,1,5.2
2025-09-04T09:58:22.561442,0,10615,1.0,1,1.0
2025-09-04T09:58:23.064115,0,10615,1.0,1,1.7
2025-09-04T09:58:23.565555,0,10615,1.0,1,1.2
2025-09-04T09:58:24.070934,0,10615,1.0,1,1.0
2025-09-04T09:58:24.573257,0,10615,1.0,1,1.5
2025-09-04T09:58:25.074609,0,10615,1.0,1,1.0
2025-09-04T09:58:25.576536,0,10615,1.0,1,1.2
2025-09-04T09:58:26.081906,0,10615,1.0,1,1.2
2025-09-04T09:58:26.587295,0,10615,1.0,1,1.7
2025-09-04T09:58:27.090624,0,10615,1.0,1,1.2
2025-09-04T09:58:27.593905,0,10615,1.0,1,1.7
2025-09-04T09:58:28.099225,0,10615,1.0,1,1.5
2025-09-04T09:58:28.603901,0,10615,1.0,1,2.0
2025-09-04T09:58:29.109267,0,10615,1.0,1,1.2
2025-09-04T09:58:29.614675,0,10615,1.0,1,2.7
2025-09-04T09:58:30.120060,0,10615,1.0,1,13.6
2025-09-04T09:58:30.625429,0,10615,1.0,1,13.4
2025-09-04T09:58:31.129382,0,10615,1.0,1,2.0
2025-09-04T09:58:31.634226,0,10615,1.0,1,0.5
2025-09-04T09:58:32.135975,0,10615,1.0,1,1.5
2025-09-04T09:58:32.636603,0,10615,1.0,1,1.2
2025-09-04T09:58:33.139405,0,10615,1.0,1,1.2
2025-09-04T09:58:33.644801,0,10615,1.0,1,1.2
2025-09-04T09:58:34.146878,0,10615,1.0,1,1.5
2025-09-04T09:58:34.652228,0,10615,1.0,1,1.7
2025-09-04T09:58:35.152657,0,10615,1.0,1,0.8
2025-09-04T09:58:35.658044,0,10615,1.0,1,0.7
2025-09-04T09:58:36.163381,0,10615,1.0,1,1.2
2025-09-04T09:58:36.668695,0,10615,1.0,1,1.0
2025-09-04T09:58:37.171442,0,10615,1.0,1,0.8
2025-09-04T09:58:37.676793,0,10615,1.0,1,1.2
2025-09-04T09:58:38.182165,0,10615,1.0,1,0.5
2025-09-04T09:58:38.685413,0,10615,1.0,1,1.2
2025-09-04T09:58:39.190723,0,10615,1.0,1,0.5
2025-09-04T09:58:39.696081,0,10615,1.0,1,0.7
2025-09-04T09:58:40.200617,0,10615,1.0,1,1.2
2025-09-04T09:58:40.705936,0,10615,1.0,1,1.2
2025-09-04T09:58:41.208110,0,10615,1.0,1,0.8
2025-09-04T09:58:41.713426,0,10615,1.0,1,1.5
2025-09-04T09:58:42.213942,0,10615,1.0,1,4.5
2025-09-04T09:58:42.718849,0,10615,1.0,1,2.0
2025-09-04T09:58:43.220610,0,10615,1.0,1,6.2
2025-09-04T09:58:43.726022,0,10615,1.0,1,2.2
2025-09-04T09:58:44.231388,0,10615,1.0,1,2.5
2025-09-04T09:58:44.733460,0,10615,1.0,1,3.5
2025-09-04T09:58:45.238824,0,10615,1.0,1,1.2
2025-09-04T09:58:45.744146,0,10615,1.0,1,0.5
2025-09-04T09:58:46.249454,0,10615,1.0,1,1.2
2025-09-04T09:58:46.754799,0,10615,1.0,1,1.2
2025-09-04T09:58:47.260124,0,10615,1.0,1,1.0
2025-09-04T09:58:47.765525,0,10615,1.0,1,9.0
2025-09-04T09:58:48.270881,0,10615,1.0,1,3.4
2025-09-04T09:58:48.776243,0,10615,1.0,1,2.5
2025-09-04T09:58:49.277177,0,10615,1.0,1,0.7
2025-09-04T09:58:49.782236,0,10615,1.0,1,1.2
2025-09-04T09:58:50.287629,0,10615,1.0,1,1.2
2025-09-04T09:58:50.790975,0,10615,1.0,1,7.7
2025-09-04T09:58:51.294330,0,10615,1.0,1,7.5
2025-09-04T09:58:51.800031,0,10615,1.0,1,4.2
2025-09-04T09:58:52.305305,0,10615,1.0,1,4.5
2025-09-04T09:58:52.808177,0,10615,1.0,1,2.5
2025-09-04T09:58:53.313558,0,10615,1.0,1,1.0
2025-09-04T09:58:53.817980,0,10615,1.0,1,1.7
2025-09-04T09:58:54.322853,0,10615,1.0,1,1.0
2025-09-04T09:58:54.827905,0,10615,1.0,1,1.5
2025-09-04T09:58:55.330855,0,10615,1.0,1,1.2
2025-09-04T09:58:55.832292,0,10615,1.0,1,1.5
2025-09-04T09:58:56.337655,0,10615,1.0,1,1.2
2025-09-04T09:58:56.842991,0,10615,1.0,1,0.7
2025-09-04T09:58:57.346054,0,10615,1.0,1,1.0
2025-09-04T09:58:57.848196,0,10615,1.0,1,0.8
2025-09-04T09:58:58.353515,0,10615,1.0,1,0.7
2025-09-04T09:58:58.854138,0,10615,1.0,1,1.7
2025-09-04T09:58:59.356699,0,10615,1.0,1,0.5
2025-09-04T09:58:59.862034,0,10615,1.0,1,1.0
2025-09-04T09:59:00.363033,0,10615,1.0,1,3.0
2025-09-04T09:59:00.863648,0,10615,1.0,1,3.5
2025-09-04T09:59:01.369024,0,10615,1.0,1,1.2
2025-09-04T09:59:01.874393,0,10615,1.0,1,2.2
2025-09-04T09:59:02.374910,0,10615,1.0,1,1.2
2025-09-04T09:59:02.880257,0,10615,1.0,1,1.2
2025-09-04T09:59:03.385580,0,10615,1.0,1,0.7
2025-09-04T09:59:03.890716,0,10615,1.0,1,1.0
2025-09-04T09:59:04.396059,0,10615,1.0,1,1.0
2025-09-04T09:59:04.898969,0,10615,1.0,1,4.8
2025-09-04T09:59:05.400997,0,10615,1.0,1,1.2
2025-09-04T09:59:05.906330,0,10615,1.0,1,1.0
2025-09-04T09:59:06.407963,0,10615,1.0,1,0.8
2025-09-04T09:59:06.913286,0,10615,1.0,1,0.7
2025-09-04T09:59:07.418622,0,10615,1.0,1,1.0
2025-09-04T09:59:07.923069,0,10615,1.0,1,7.4
2025-09-04T09:59:08.428502,0,10615,1.0,1,11.1
2025-09-04T09:59:08.933879,0,10615,1.0,1,1.0
2025-09-04T09:59:09.435093,0,10615,1.0,1,0.7
2025-09-04T09:59:09.939749,0,10615,1.0,1,1.2
2025-09-04T09:59:10.445106,0,10615,1.0,1,0.5
2025-09-04T09:59:10.950456,0,10615,1.0,1,2.2
2025-09-04T09:59:11.455791,0,10615,1.0,1,0.7
2025-09-04T09:59:11.961147,0,10615,1.0,1,1.5
2025-09-04T09:59:12.466523,0,10615,1.0,1,1.7
2025-09-04T09:59:12.968338,0,10615,1.0,1,3.8
2025-09-04T09:59:13.469870,0,10615,1.0,1,0.5
2025-09-04T09:59:13.975244,0,10615,1.0,1,1.0
2025-09-04T09:59:14.480588,0,10615,1.0,1,1.0
2025-09-04T09:59:14.984355,0,10615,1.0,1,2.0
2025-09-04T09:59:15.488715,0,10615,1.0,1,0.0
2025-09-04T09:59:15.993012,0,10615,1.0,1,1.2
2025-09-04T09:59:16.498348,0,10615,1.0,1,0.5
2025-09-04T09:59:17.000598,0,10615,1.0,1,1.2
2025-09-04T09:59:17.505976,0,10615,1.0,1,2.7
2025-09-04T09:59:18.008396,0,10615,1.0,1,1.0
2025-09-04T09:59:18.513708,0,10615,1.0,1,0.7
2025-09-04T09:59:19.019024,0,10615,1.0,1,1.2
2025-09-04T09:59:19.523062,0,10615,1.0,1,0.7
2025-09-04T09:59:20.028422,0,10615,1.0,1,1.5
2025-09-04T09:59:20.533833,0,10615,1.0,1,1.5
2025-09-04T09:59:21.038692,0,10615,1.0,1,16.4
2025-09-04T09:59:21.544125,0,10615,1.0,1,2.7
2025-09-04T09:59:22.045766,0,10615,1.0,1,2.5
2025-09-04T09:59:22.551238,0,10615,1.0,1,4.9
2025-09-04T09:59:23.053751,0,10615,1.0,1,1.5
2025-09-04T09:59:23.559142,0,10615,1.0,1,1.0
2025-09-04T09:59:24.061769,0,10615,1.0,1,0.8
2025-09-04T09:59:24.566753,0,10615,1.0,1,1.7
2025-09-04T09:59:25.072101,0,10615,1.0,1,2.0
2025-09-04T09:59:25.577510,0,10615,1.0,1,0.7
2025-09-04T09:59:26.082588,0,10615,1.0,1,2.0
2025-09-04T09:59:26.584764,0,10615,1.0,1,0.8
2025-09-04T09:59:27.085809,0,10615,1.0,1,1.7
2025-09-04T09:59:27.591157,0,10615,1.0,1,0.5
2025-09-04T09:59:28.096506,0,10615,1.0,1,1.5
2025-09-04T09:59:28.600476,0,10615,1.0,1,1.0
2025-09-04T09:59:29.105817,0,10615,1.0,1,1.0
2025-09-04T09:59:29.608557,0,10615,1.0,1,1.2
2025-09-04T09:59:30.113955,0,10615,1.0,1,1.0
2025-09-04T09:59:30.616539,0,10615,1.0,1,1.0
2025-09-04T09:59:31.121887,0,10615,1.0,1,1.5
2025-09-04T09:59:31.627240,0,10615,1.0,1,0.7
2025-09-04T09:59:32.131195,0,10615,1.0,1,2.0
2025-09-04T09:59:32.636550,0,10615,1.0,1,1.0
2025-09-04T09:59:33.141893,0,10615,1.0,1,1.5
2025-09-04T09:59:33.647282,0,10615,1.0,1,3.9
2025-09-04T09:59:34.150417,0,10615,1.0,1,0.5
2025-09-04T09:59:34.653848,0,10615,1.0,1,1.5
2025-09-04T09:59:35.155216,0,10615,1.0,1,2.5
2025-09-04T09:59:35.656541,0,10615,1.0,1,0.7
2025-09-04T09:59:36.157855,0,10615,1.0,1,1.7
2025-09-04T09:59:36.659265,0,10615,1.0,1,1.3
2025-09-04T09:59:37.160543,0,10615,1.0,1,4.8
2025-09-04T09:59:37.661918,0,10615,1.0,1,1.2
2025-09-04T09:59:38.163223,0,10615,1.0,1,1.2
2025-09-04T09:59:38.667019,0,10615,1.0,1,1.0
2025-09-04T09:59:39.171209,0,10615,1.0,1,0.2
2025-09-04T09:59:39.672161,0,10615,1.0,1,1.2
2025-09-04T09:59:40.173397,0,10615,1.0,1,1.0
2025-09-04T09:59:40.678716,0,10615,1.0,1,1.2
2025-09-04T09:59:41.184084,0,10615,1.0,1,0.7
2025-09-04T09:59:41.688576,0,10615,1.0,1,1.0
2025-09-04T09:59:42.189990,0,10615,1.0,1,1.0
2025-09-04T09:59:42.691254,0,10615,1.0,1,2.0
2025-09-04T09:59:43.192616,0,10615,1.0,1,4.0
2025-09-04T09:59:43.693931,0,10615,1.0,1,11.1
2025-09-04T09:59:44.199155,0,10615,1.0,1,9.3
2025-09-04T09:59:44.704788,0,10615,1.0,1,13.7
2025-09-04T09:59:45.210173,0,10615,1.0,1,4.7
2025-09-04T09:59:45.712788,0,10615,1.0,1,5.5
2025-09-04T09:59:46.218126,0,10615,1.0,1,3.5
2025-09-04T09:59:46.723455,0,10615,1.0,1,6.2
2025-09-04T09:59:47.228806,0,10615,1.0,1,4.0
2025-09-04T09:59:47.734117,0,10615,1.0,1,0.7
2025-09-04T09:59:48.234713,0,10615,1.0,1,1.7
2025-09-04T09:59:48.740061,0,10615,1.0,1,1.0
2025-09-04T09:59:49.245387,0,10615,1.0,1,2.7
2025-09-04T09:59:49.750707,0,10615,1.0,1,1.2
2025-09-04T09:59:50.256007,0,10615,1.0,1,1.2
2025-09-04T09:59:50.761335,0,10615,1.0,1,1.5
2025-09-04T09:59:51.264864,0,10615,1.0,1,17.6
2025-09-04T09:59:51.768645,0,10615,1.0,1,1.7
2025-09-04T09:59:52.275124,0,10615,1.0,1,5.4
2025-09-04T09:59:52.776719,0,10615,1.0,1,3.5
2025-09-04T09:59:53.278017,0,10615,1.0,1,1.8
2025-09-04T09:59:53.783406,0,10615,1.0,1,1.7
2025-09-04T09:59:54.288747,0,10615,1.0,1,1.0
2025-09-04T09:59:54.794077,0,10615,1.0,1,1.7
2025-09-04T09:59:55.299411,0,10615,1.0,1,1.5
2025-09-04T09:59:55.802111,0,10615,1.0,1,1.2
2025-09-04T09:59:56.306420,0,10615,1.0,1,1.0
2025-09-04T09:59:56.808735,0,10615,1.0,1,1.3
2025-09-04T09:59:57.310069,0,10615,1.0,1,4.0
2025-09-04T09:59:57.811645,0,10615,1.0,1,1.0
2025-09-04T09:59:58.312724,0,10615,1.0,1,1.0
2025-09-04T09:59:58.818066,0,10615,1.0,1,1.5
2025-09-04T09:59:59.322854,0,10615,1.0,1,1.0
2025-09-04T09:59:59.827394,0,10615,1.0,1,1.5
2025-09-04T10:00:00.328007,0,10615,1.0,1,3.3
2025-09-04T10:00:00.833406,0,10615,1.0,1,5.7
2025-09-04T10:00:01.336775,0,10615,1.0,1,0.7
2025-09-04T10:00:01.840285,0,10615,1.0,1,1.0
2025-09-04T10:00:02.344735,0,10615,1.0,1,2.0
2025-09-04T10:00:02.846127,0,10615,1.0,1,1.3
2025-09-04T10:00:03.351504,0,10615,1.0,1,1.2
2025-09-04T10:00:03.856872,0,10615,1.0,1,1.5
2025-09-04T10:00:04.360772,0,10615,1.0,1,0.7
2025-09-04T10:00:04.862197,0,10615,1.0,1,1.5
2025-09-04T10:00:05.363442,0,10615,1.0,1,1.2
2025-09-04T10:00:05.868786,0,10615,1.0,1,1.0
2025-09-04T10:00:06.371450,0,10615,1.0,1,0.7
2025-09-04T10:00:06.876787,0,10615,1.0,1,1.5
2025-09-04T10:00:07.378463,0,10615,1.0,1,1.7
2025-09-04T10:00:07.880783,0,10615,1.0,1,0.7
2025-09-04T10:00:08.386155,0,10615,1.0,1,0.7
2025-09-04T10:00:08.891478,0,10615,1.0,1,0.7
2025-09-04T10:00:09.396816,0,10615,1.0,1,0.7
2025-09-04T10:00:09.902155,0,10615,1.0,1,1.2
2025-09-04T10:00:10.407472,0,10615,1.0,1,4.0
2025-09-04T10:00:10.910189,0,10615,1.0,1,8.7
2025-09-04T10:00:11.415546,0,10615,1.0,1,0.7
2025-09-04T10:00:11.917505,0,10615,1.0,1,3.7
2025-09-04T10:00:12.422842,0,10615,1.0,1,0.7
2025-09-04T10:00:12.923706,0,10615,1.0,1,4.7
2025-09-04T10:00:13.429045,0,10615,1.0,1,1.0
2025-09-04T10:00:13.934375,0,10615,1.0,1,1.7
2025-09-04T10:00:14.435509,0,10615,1.0,1,0.5
2025-09-04T10:00:14.936837,0,10615,1.0,1,0.5
2025-09-04T10:00:15.440213,0,10615,1.0,1,1.0
2025-09-04T10:00:15.944955,0,10615,1.0,1,1.5
2025-09-04T10:00:16.447557,0,10615,1.0,1,0.8
2025-09-04T10:00:16.951901,0,10615,1.0,1,1.2
2025-09-04T10:00:17.457234,0,10615,1.0,1,0.7
2025-09-04T10:00:17.962556,0,10615,1.0,1,1.5
2025-09-04T10:00:18.467547,0,10615,1.0,1,0.7
2025-09-04T10:00:18.968866,0,10615,1.0,1,1.5
2025-09-04T10:00:19.474187,0,10615,1.0,1,0.2
2025-09-04T10:00:19.976927,0,10615,1.0,1,1.2
2025-09-04T10:00:20.482290,0,10615,1.0,1,1.2
2025-09-04T10:00:20.987647,0,10615,1.0,1,1.0
2025-09-04T10:00:21.491576,0,10615,1.0,1,10.6
2025-09-04T10:00:21.992918,0,10615,1.0,1,2.5
2025-09-04T10:00:22.494622,0,10615,1.0,1,5.7
2025-09-04T10:00:22.999970,0,10615,1.0,1,2.0
2025-09-04T10:00:23.505297,0,10615,1.0,1,1.7
2025-09-04T10:00:24.008917,0,10615,1.0,1,2.2
2025-09-04T10:00:24.510682,0,10615,1.0,1,0.7
2025-09-04T10:00:25.016024,0,10615,1.0,1,1.2
2025-09-04T10:00:25.518227,0,10615,1.0,1,1.5
2025-09-04T10:00:26.023579,0,10615,1.0,1,1.7
2025-09-04T10:00:26.526700,0,10615,1.0,1,0.7
2025-09-04T10:00:27.032070,0,10615,1.0,1,1.7
2025-09-04T10:00:27.534459,0,10615,1.0,1,1.0
2025-09-04T10:00:28.039751,0,10615,1.0,1,1.2
2025-09-04T10:00:28.545170,0,10615,1.0,1,1.5
2025-09-04T10:00:29.049023,0,10615,1.0,1,2.2
2025-09-04T10:00:29.554421,0,10615,1.0,1,1.0
2025-09-04T10:00:30.056971,0,10615,1.0,1,0.7
2025-09-04T10:00:30.558312,0,10615,1.0,1,1.3
2025-09-04T10:00:31.059674,0,10615,1.0,1,1.0
2025-09-04T10:00:31.563265,0,10615,1.0,1,1.0
2025-09-04T10:00:32.063695,0,10615,1.0,1,1.5
2025-09-04T10:00:32.565387,0,10615,1.0,1,0.7
2025-09-04T10:00:33.070334,0,10615,1.0,1,1.5
2025-09-04T10:00:33.572244,0,10615,1.0,1,2.5
2025-09-04T10:00:34.072999,0,10615,1.0,1,1.2
2025-09-04T10:00:34.578354,0,10615,1.0,1,1.2
2025-09-04T10:00:35.080930,0,10615,1.0,1,0.8
2025-09-04T10:00:35.582353,0,10615,1.0,1,1.7
2025-09-04T10:00:36.087737,0,10615,1.0,1,1.0
2025-09-04T10:00:36.592655,0,10615,1.0,1,1.0
2025-09-04T10:00:37.097042,0,10615,1.0,1,1.5
2025-09-04T10:00:37.602454,0,10615,1.0,1,1.2
2025-09-04T10:00:38.105085,0,10615,1.0,1,2.0
2025-09-04T10:00:38.606455,0,10615,1.0,1,1.5
2025-09-04T10:00:39.111790,0,10615,1.0,1,0.7
2025-09-04T10:00:39.617111,0,10615,1.0,1,1.2
2025-09-04T10:00:40.122444,0,10615,1.0,1,1.0
2025-09-04T10:00:40.627702,0,10615,1.0,1,0.7
2025-09-04T10:00:41.133057,0,10615,1.0,1,1.2
2025-09-04T10:00:41.635785,0,10615,1.0,1,0.5
2025-09-04T10:00:42.141131,0,10615,1.0,1,1.5
2025-09-04T10:00:42.644093,0,10615,1.0,1,1.2
2025-09-04T10:00:43.149428,0,10615,1.0,1,3.7
2025-09-04T10:00:43.654314,0,10615,1.0,1,3.7
2025-09-04T10:00:44.155513,0,10615,1.0,1,0.5
2025-09-04T10:00:44.659807,0,10615,1.0,1,4.9
2025-09-04T10:00:45.165117,0,10615,1.0,1,1.0
2025-09-04T10:00:45.669389,0,10615,1.0,1,1.0
2025-09-04T10:00:46.174734,0,10615,1.0,1,1.2
2025-09-04T10:00:46.680617,0,10615,1.0,1,1.0
2025-09-04T10:00:47.182534,0,10615,1.0,1,1.7
2025-09-04T10:00:47.687874,0,10615,1.0,1,1.0
2025-09-04T10:00:48.193213,0,10615,1.0,1,3.7
2025-09-04T10:00:48.698553,0,10615,1.0,1,1.0
2025-09-04T10:00:49.203863,0,10615,1.0,1,0.7
2025-09-04T10:00:49.709174,0,10615,1.0,1,1.2
2025-09-04T10:00:50.214490,0,10615,1.0,1,1.0
2025-09-04T10:00:50.719782,0,10615,1.0,1,1.0
2025-09-04T10:00:51.225050,0,10615,1.0,1,0.0
2025-09-04T10:00:51.727360,0,10615,1.0,1,7.3
2025-09-04T10:00:52.231200,0,10615,1.0,1,2.7
2025-09-04T10:00:52.736543,0,10615,1.0,1,4.5
2025-09-04T10:00:53.241894,0,10615,1.0,1,1.7
2025-09-04T10:00:53.747214,0,10615,1.0,1,1.0
2025-09-04T10:00:54.252514,0,10615,1.0,1,0.7
2025-09-04T10:00:54.753268,0,10615,1.0,1,1.7
2025-09-04T10:00:55.257183,0,10615,1.0,1,1.2
2025-09-04T10:00:55.758554,0,10615,1.0,1,0.8
2025-09-04T10:00:56.258960,0,10615,1.0,1,1.7
2025-09-04T10:00:56.764305,0,10615,1.0,1,1.2
2025-09-04T10:00:57.269634,0,10615,1.0,1,0.7
2025-09-04T10:00:57.774949,0,10615,1.0,1,1.0
2025-09-04T10:00:58.280288,0,10615,1.0,1,1.7
2025-09-04T10:00:58.785622,0,10615,1.0,1,1.2
2025-09-04T10:00:59.289783,0,10615,1.0,1,0.5
2025-09-04T10:00:59.794667,0,10615,1.0,1,0.7
2025-09-04T10:01:00.297985,0,10615,1.0,1,3.5
2025-09-04T10:01:00.803467,0,10615,1.0,1,1.5
2025-09-04T10:01:01.308844,0,10615,1.0,1,1.2
2025-09-04T10:01:01.814222,0,10615,1.0,1,1.0
2025-09-04T10:01:02.318579,0,10615,1.0,1,1.2
2025-09-04T10:01:02.820459,0,10615,1.0,1,2.2
2025-09-04T10:01:03.321299,0,10615,1.0,1,1.0
2025-09-04T10:01:03.825370,0,10615,1.0,1,1.0
2025-09-04T10:01:04.326723,0,10615,1.0,1,1.0
2025-09-04T10:01:04.830596,0,10615,1.0,1,0.8
2025-09-04T10:01:05.331930,0,10615,1.0,1,2.5
2025-09-04T10:01:05.833356,0,10615,1.0,1,0.5
2025-09-04T10:01:06.334614,0,10615,1.0,1,1.5
2025-09-04T10:01:06.840028,0,10615,1.0,1,1.0
2025-09-04T10:01:07.340405,0,10615,1.0,1,0.5
2025-09-04T10:01:07.845754,0,10615,1.0,1,2.5
2025-09-04T10:01:08.351101,0,10615,1.0,1,1.2
2025-09-04T10:01:08.856470,0,10615,1.0,1,0.7
2025-09-04T10:01:09.361804,0,10615,1.0,1,1.0
2025-09-04T10:01:09.867130,0,10615,1.0,1,0.7
2025-09-04T10:01:10.372479,0,10615,1.0,1,1.7
2025-09-04T10:01:10.877121,0,10615,1.0,1,2.0
2025-09-04T10:01:11.379986,0,10615,1.0,1,1.0
2025-09-04T10:01:11.881389,0,10615,1.0,1,2.5
2025-09-04T10:01:12.382659,0,10615,1.0,1,0.7
2025-09-04T10:01:12.884177,0,10615,1.0,1,7.0
2025-09-04T10:01:13.389543,0,10615,1.0,1,7.1
2025-09-04T10:01:13.894917,0,10615,1.0,1,0.7
2025-09-04T10:01:14.397108,0,10615,1.0,1,5.7
2025-09-04T10:01:14.902484,0,10615,1.0,1,1.0
2025-09-04T10:01:15.407835,0,10615,1.0,1,1.5
2025-09-04T10:01:15.910260,0,10615,1.0,1,1.2
2025-09-04T10:01:16.415597,0,10615,1.0,1,0.2
2025-09-04T10:01:16.920926,0,10615,1.0,1,0.7
2025-09-04T10:01:17.422690,0,10615,1.0,1,1.0
2025-09-04T10:01:17.928035,0,10615,1.0,1,1.2
2025-09-04T10:01:18.433390,0,10615,1.0,1,0.5
2025-09-04T10:01:18.937390,0,10615,1.0,1,1.5
2025-09-04T10:01:19.440758,0,10615,1.0,1,1.2
2025-09-04T10:01:19.945457,0,10615,1.0,1,0.5
2025-09-04T10:01:20.450801,0,10615,1.0,1,1.2
2025-09-04T10:01:20.956136,0,10615,1.0,1,1.5
2025-09-04T10:01:21.461558,0,10615,1.0,1,17.3
2025-09-04T10:01:21.967303,0,10615,1.0,1,3.4
2025-09-04T10:01:22.468665,0,10615,1.0,1,2.3
2025-09-04T10:01:22.973962,0,10615,1.0,1,2.7
2025-09-04T10:01:23.479347,0,10615,1.0,1,1.0
2025-09-04T10:01:23.982796,0,10615,1.0,1,2.7
2025-09-04T10:01:24.485604,0,10615,1.0,1,1.2
2025-09-04T10:01:24.990034,0,10615,1.0,1,1.2
2025-09-04T10:01:25.495391,0,10615,1.0,1,0.7
2025-09-04T10:01:25.996601,0,10615,1.0,1,1.5
2025-09-04T10:01:26.501937,0,10615,1.0,1,1.2
2025-09-04T10:01:27.007278,0,10615,1.0,1,1.5
2025-09-04T10:01:27.508101,0,10615,1.0,1,1.0
2025-09-04T10:01:28.013448,0,10615,1.0,1,1.5
2025-09-04T10:01:28.518771,0,10615,1.0,1,1.0
2025-09-04T10:01:29.022843,0,10615,1.0,1,1.2
2025-09-04T10:01:29.528160,0,10615,1.0,1,0.7
2025-09-04T10:01:30.033524,0,10615,1.0,1,1.2
2025-09-04T10:01:30.538879,0,10615,1.0,1,1.7
2025-09-04T10:01:31.044157,0,10615,1.0,1,2.7
2025-09-04T10:01:31.549505,0,10615,1.0,1,0.7
2025-09-04T10:01:32.054894,0,10615,1.0,1,1.2
2025-09-04T10:01:32.560252,0,10615,1.0,1,1.5
2025-09-04T10:01:33.065628,0,10615,1.0,1,1.5
2025-09-04T10:01:33.571011,0,10615,1.0,1,2.0
2025-09-04T10:01:34.076375,0,10615,1.0,1,1.2
2025-09-04T10:01:34.581755,0,10615,1.0,1,1.7
2025-09-04T10:01:35.087091,0,10615,1.0,1,1.2
2025-09-04T10:01:35.592449,0,10615,1.0,1,1.7
2025-09-04T10:01:36.097840,0,10615,1.0,1,0.5
2025-09-04T10:01:36.603185,0,10615,1.0,1,1.0
2025-09-04T10:01:37.108517,0,10615,1.0,1,1.2
2025-09-04T10:01:37.613862,0,10615,1.0,1,0.7
2025-09-04T10:01:38.119195,0,10615,1.0,1,1.2
2025-09-04T10:01:38.624553,0,10615,1.0,1,2.2
2025-09-04T10:01:39.129560,0,10615,1.0,1,1.0
2025-09-04T10:01:39.634910,0,10615,1.0,1,0.7
2025-09-04T10:01:40.140243,0,10615,1.0,1,1.0
2025-09-04T10:01:40.644226,0,10615,1.0,1,1.0
2025-09-04T10:01:41.148695,0,10615,1.0,1,1.0
2025-09-04T10:01:41.649859,0,10615,1.0,1,1.2
2025-09-04T10:01:42.155194,0,10615,1.0,1,1.2
2025-09-04T10:01:42.660792,0,10615,1.0,1,1.7
2025-09-04T10:01:43.166135,0,10615,1.0,1,4.0
2025-09-04T10:01:43.668279,0,10615,1.0,1,2.5
2025-09-04T10:01:44.173609,0,10615,1.0,1,1.2
2025-09-04T10:01:44.678924,0,10615,1.0,1,5.9
2025-09-04T10:01:45.184144,0,10615,1.0,1,0.7
2025-09-04T10:01:45.689515,0,10615,1.0,1,1.2
2025-09-04T10:01:46.190983,0,10615,1.0,1,1.0
2025-09-04T10:01:46.696308,0,10615,1.0,1,1.5
2025-09-04T10:01:47.201648,0,10615,1.0,1,2.0
2025-09-04T10:01:47.706958,0,10615,1.0,1,1.0
2025-09-04T10:01:48.212296,0,10615,1.0,1,1.5
2025-09-04T10:01:48.717686,0,10615,1.0,1,1.5
2025-09-04T10:01:49.223031,0,10615,1.0,1,0.7
2025-09-04T10:01:49.728377,0,10615,1.0,1,0.7
2025-09-04T10:01:50.233622,0,10615,1.0,1,0.7
2025-09-04T10:01:50.735522,0,10615,1.0,1,1.7
2025-09-04T10:01:51.236298,0,10615,1.0,1,0.8
2025-09-04T10:01:51.741646,0,10615,1.0,1,6.1
2025-09-04T10:01:52.244327,0,10615,1.0,1,2.0
2025-09-04T10:01:52.749693,0,10615,1.0,1,3.5
2025-09-04T10:01:53.255055,0,10615,1.0,1,2.2
2025-09-04T10:01:53.760425,0,10615,1.0,1,1.5
2025-09-04T10:01:54.265703,0,10615,1.0,1,0.5
2025-09-04T10:01:54.771069,0,10615,1.0,1,1.7
2025-09-04T10:01:55.272471,0,10615,1.0,1,4.5
2025-09-04T10:01:55.775070,0,10615,1.0,1,3.2
2025-09-04T10:01:56.280479,0,10615,1.0,1,2.5
2025-09-04T10:01:56.785901,0,10615,1.0,1,1.0
2025-09-04T10:01:57.291213,0,10615,1.0,1,1.5
2025-09-04T10:01:57.796355,0,10615,1.0,1,1.2
2025-09-04T10:01:58.297710,0,10615,1.0,1,1.2
2025-09-04T10:01:58.803092,0,10615,1.0,1,1.5
2025-09-04T10:01:59.308421,0,10615,1.0,1,0.5
2025-09-04T10:01:59.812395,0,10615,1.0,1,3.3
2025-09-04T10:02:00.317745,0,10615,1.0,1,7.1
2025-09-04T10:02:00.821561,0,10615,1.0,1,2.0
2025-09-04T10:02:01.322518,0,10615,1.0,1,2.5
2025-09-04T10:02:01.824471,0,10615,1.0,1,2.2
2025-09-04T10:02:02.329774,0,10615,1.0,1,1.2
2025-09-04T10:02:02.835107,0,10615,1.0,1,1.5
2025-09-04T10:02:03.340420,0,10615,1.0,1,1.2
2025-09-04T10:02:03.845757,0,10615,1.0,1,0.7
2025-09-04T10:02:04.351131,0,10615,1.0,1,1.2
2025-09-04T10:02:04.856561,0,10615,1.0,1,2.0
2025-09-04T10:02:05.361898,0,10615,1.0,1,1.2
2025-09-04T10:02:05.867303,0,10615,1.0,1,12.1
2025-09-04T10:02:06.373596,0,10615,1.0,1,13.5
2025-09-04T10:02:06.879956,0,10615,1.0,1,3.2
2025-09-04T10:02:07.386499,0,10615,1.0,1,1.0
2025-09-04T10:02:07.896912,0,10615,1.0,1,5.4
2025-09-04T10:02:08.399809,0,10615,1.0,1,1.2
2025-09-04T10:02:08.910127,0,10615,1.0,1,1.2
2025-09-04T10:02:09.413258,0,10615,1.0,1,1.0
2025-09-04T10:02:09.920360,0,10615,1.0,1,0.7
2025-09-04T10:02:10.426682,0,10615,1.0,1,5.9
2025-09-04T10:02:10.927978,0,10615,1.0,1,2.7
2025-09-04T10:02:11.429549,0,10615,1.0,1,1.2
2025-09-04T10:02:11.939917,0,10615,1.0,1,2.7
2025-09-04T10:02:12.442251,0,10615,1.0,1,1.0
2025-09-04T10:02:12.951041,0,10615,1.0,1,5.2
2025-09-04T10:02:13.454476,0,10615,1.0,1,1.7
2025-09-04T10:02:13.964856,0,10615,1.0,1,1.2
2025-09-04T10:02:14.472816,0,10615,1.0,1,0.5
2025-09-04T10:02:14.983151,0,10615,1.0,1,1.2
2025-09-04T10:02:15.493479,0,10615,1.0,1,1.5
2025-09-04T10:02:15.994601,0,10615,1.0,1,1.2
2025-09-04T10:02:16.495089,0,10615,1.0,1,1.0
2025-09-04T10:02:17.002570,0,10615,1.0,1,1.5
2025-09-04T10:02:17.503903,0,10615,1.0,1,0.8
2025-09-04T10:02:18.014240,0,10615,1.0,1,1.5
2025-09-04T10:02:18.522505,0,10615,1.0,1,1.0
2025-09-04T10:02:19.032865,0,10615,1.0,1,1.0
2025-09-04T10:02:19.543189,0,10615,1.0,1,1.0
2025-09-04T10:02:20.053242,0,10615,1.0,1,1.0
2025-09-04T10:02:20.554542,0,10615,1.0,1,1.0
2025-09-04T10:02:21.064910,0,10615,1.0,1,1.0
2025-09-04T10:02:21.573304,0,10615,1.0,1,2.5
2025-09-04T10:02:22.078218,0,10615,1.0,1,6.0
2025-09-04T10:02:22.583446,0,10615,1.0,1,2.5
2025-09-04T10:02:23.093763,0,10615,1.0,1,13.0
2025-09-04T10:02:23.597900,0,10615,1.0,1,7.5
2025-09-04T10:02:24.103389,0,10615,1.0,1,16.7
2025-09-04T10:02:24.608756,0,10615,1.0,1,13.0
2025-09-04T10:02:25.110510,0,10615,1.0,1,8.2
2025-09-04T10:02:25.611920,0,10615,1.0,1,17.2
2025-09-04T10:02:26.112498,0,10615,1.0,1,15.8
2025-09-04T10:02:26.617482,0,10615,1.0,1,5.7
2025-09-04T10:02:27.119378,0,10615,1.0,1,3.5
2025-09-04T10:02:27.624441,0,10615,1.0,1,3.7
2025-09-04T10:02:28.126178,0,10615,1.0,1,10.8
2025-09-04T10:02:28.631044,0,10615,1.0,1,3.2
2025-09-04T10:02:29.132729,0,10615,1.0,1,13.5
2025-09-04T10:02:29.638092,0,10615,1.0,1,12.7
2025-09-04T10:02:30.143177,0,10615,1.0,1,2.7
2025-09-04T10:02:30.648598,0,10615,1.0,1,2.5
2025-09-04T10:02:31.151806,0,10615,1.0,1,1.7
2025-09-04T10:02:31.655661,0,10615,1.0,1,1.2
2025-09-04T10:02:32.161078,0,10615,1.0,1,9.2
2025-09-04T10:02:32.666438,0,10615,1.0,1,1.2
2025-09-04T10:02:33.171741,0,10615,1.0,1,1.0
2025-09-04T10:02:33.674016,0,10615,1.0,1,4.9
2025-09-04T10:02:34.174884,0,10615,1.0,1,0.5
2025-09-04T10:02:34.680254,0,10615,1.0,1,1.5
2025-09-04T10:02:35.183447,0,10615,1.0,1,1.2
2025-09-04T10:02:35.688811,0,10615,1.0,1,2.2
2025-09-04T10:02:36.194215,0,10615,1.0,1,1.2
2025-09-04T10:02:36.699576,0,10615,1.0,1,2.2
2025-09-04T10:02:37.201936,0,10615,1.0,1,2.2
2025-09-04T10:02:37.707285,0,10615,1.0,1,1.2
2025-09-04T10:02:38.207679,0,10615,1.0,1,0.8
2025-09-04T10:02:38.712977,0,10615,1.0,1,0.7
2025-09-04T10:02:39.218287,0,10615,1.0,1,1.2
2025-09-04T10:02:39.723602,0,10615,1.0,1,0.7
2025-09-04T10:02:40.228925,0,10615,1.0,1,1.0
2025-09-04T10:02:40.730140,0,10615,1.0,1,6.0
2025-09-04T10:02:41.231404,0,10615,1.0,1,4.5
2025-09-04T10:02:41.736746,0,10615,1.0,1,1.0
2025-09-04T10:02:42.239424,0,10615,1.0,1,1.5
2025-09-04T10:02:42.740733,0,10615,1.0,1,1.0
2025-09-04T10:02:43.246047,0,10615,1.0,1,4.2
2025-09-04T10:02:43.751452,0,10615,1.0,1,2.2
2025-09-04T10:02:44.252591,0,10615,1.0,1,2.0
2025-09-04T10:02:44.757945,0,10615,1.0,1,3.0
2025-09-04T10:02:45.263331,0,10615,1.0,1,1.5
2025-09-04T10:02:45.768685,0,10615,1.0,1,1.7
2025-09-04T10:02:46.274008,0,10615,1.0,1,0.7
2025-09-04T10:02:46.779340,0,10615,1.0,1,1.5
2025-09-04T10:02:47.279680,0,10615,1.0,1,1.0
2025-09-04T10:02:47.780782,0,10615,1.0,1,0.8
2025-09-04T10:02:48.282152,0,10615,1.0,1,1.0
2025-09-04T10:02:48.783439,0,10615,1.0,1,1.2
2025-09-04T10:02:49.288765,0,10615,1.0,1,0.7
2025-09-04T10:02:49.791501,0,10615,1.0,1,1.0
2025-09-04T10:02:50.292833,0,10615,1.0,1,1.2
2025-09-04T10:02:50.798174,0,10615,1.0,1,1.7
2025-09-04T10:02:51.303487,0,10615,1.0,1,1.0
2025-09-04T10:02:51.808862,0,10615,1.0,1,25.8
2025-09-04T10:02:52.314410,0,10615,1.0,1,3.5
2025-09-04T10:02:52.816566,0,10615,1.0,1,3.7
2025-09-04T10:02:53.321926,0,10615,1.0,1,5.2
2025-09-04T10:02:53.823507,0,10615,1.0,1,2.7
2025-09-04T10:02:54.328842,0,10615,1.0,1,1.0
2025-09-04T10:02:54.834192,0,10615,1.0,1,2.0
2025-09-04T10:02:55.338240,0,10615,1.0,1,0.7
2025-09-04T10:02:55.838923,0,10615,1.0,1,2.0
2025-09-04T10:02:56.344273,0,10615,1.0,1,1.0
2025-09-04T10:02:56.848507,0,10615,1.0,1,2.5
2025-09-04T10:02:57.353859,0,10615,1.0,1,1.0
2025-09-04T10:02:57.855598,0,10615,1.0,1,2.0
2025-09-04T10:02:58.356887,0,10615,1.0,1,2.5
2025-09-04T10:02:58.860768,0,10615,1.0,1,1.0
2025-09-04T10:02:59.366097,0,10615,1.0,1,1.2
2025-09-04T10:02:59.869796,0,10615,1.0,1,1.0
2025-09-04T10:03:00.371515,0,10615,1.0,1,3.0
2025-09-04T10:03:00.872127,0,10615,1.0,1,3.8
2025-09-04T10:03:01.377713,0,10615,1.0,1,1.0
2025-09-04T10:03:01.880589,0,10615,1.0,1,1.5
2025-09-04T10:03:02.383665,0,10615,1.0,1,1.2
2025-09-04T10:03:02.888034,0,10615,1.0,1,2.0
2025-09-04T10:03:03.391589,0,10615,1.0,1,1.2
2025-09-04T10:03:03.896939,0,10615,1.0,1,1.5
2025-09-04T10:03:04.402283,0,10615,1.0,1,1.0
2025-09-04T10:03:04.906515,0,10615,1.0,1,1.0
2025-09-04T10:03:05.406899,0,10615,1.0,1,1.0
2025-09-04T10:03:05.910299,0,10615,1.0,1,2.0
2025-09-04T10:03:06.415631,0,10615,1.0,1,1.0
2025-09-04T10:03:06.920963,0,10615,1.0,1,1.0
2025-09-04T10:03:07.423605,0,10615,1.0,1,0.7
2025-09-04T10:03:07.928931,0,10615,1.0,1,1.0
2025-09-04T10:03:08.434283,0,10615,1.0,1,0.5
2025-09-04T10:03:08.939611,0,10615,1.0,1,1.5
2025-09-04T10:03:09.441710,0,10615,1.0,1,0.7
2025-09-04T10:03:09.946342,0,10615,1.0,1,1.2
2025-09-04T10:03:10.451716,0,10615,1.0,1,2.0
2025-09-04T10:03:10.956994,0,10615,1.0,1,12.8
2025-09-04T10:03:11.462290,0,10615,1.0,1,2.7
2025-09-04T10:03:11.967673,0,10615,1.0,1,1.7
2025-09-04T10:03:12.469009,0,10615,1.0,1,2.5
2025-09-04T10:03:12.969634,0,10615,1.0,1,4.3
2025-09-04T10:03:13.471654,0,10615,1.0,1,1.0
2025-09-04T10:03:13.976970,0,10615,1.0,1,1.0
2025-09-04T10:03:14.482281,0,10615,1.0,1,0.5
2025-09-04T10:03:14.987594,0,10615,1.0,1,0.7
2025-09-04T10:03:15.492932,0,10615,1.0,1,1.0
2025-09-04T10:03:15.998324,0,10615,1.0,1,1.7
2025-09-04T10:03:16.501070,0,10615,1.0,1,0.5
2025-09-04T10:03:17.006406,0,10615,1.0,1,1.5
2025-09-04T10:03:17.509069,0,10615,1.0,1,1.0
2025-09-04T10:03:18.014399,0,10615,1.0,1,0.2
2025-09-04T10:03:18.519759,0,10615,1.0,1,0.7
2025-09-04T10:03:19.022047,0,10615,1.0,1,2.0
2025-09-04T10:03:19.525266,0,10615,1.0,1,0.7
2025-09-04T10:03:20.026488,0,10615,1.0,1,0.7
2025-09-04T10:03:20.527723,0,10615,1.0,1,0.7
2025-09-04T10:03:21.029056,0,10615,1.0,1,2.0
2025-09-04T10:03:21.530405,0,10615,1.0,1,1.0
2025-09-04T10:03:22.032264,0,10615,1.0,1,16.0
2025-09-04T10:03:22.533840,0,10615,1.0,1,2.5
2025-09-04T10:03:23.039245,0,10615,1.0,1,4.9
2025-09-04T10:03:23.543326,0,10615,1.0,1,3.7
2025-09-04T10:03:24.048668,0,10615,1.0,1,1.5
2025-09-04T10:03:24.554430,0,10615,1.0,1,0.7
2025-09-04T10:03:25.055793,0,10615,1.0,1,1.0
2025-09-04T10:03:25.561191,0,10615,1.0,1,1.2
2025-09-04T10:03:26.066606,0,10615,1.0,1,1.5
2025-09-04T10:03:26.570456,0,10615,1.0,1,1.5
2025-09-04T10:03:27.075788,0,10615,1.0,1,1.2
2025-09-04T10:03:27.578477,0,10615,1.0,1,1.2
2025-09-04T10:03:28.083843,0,10615,1.0,1,1.0
2025-09-04T10:03:28.586593,0,10615,1.0,1,1.7
2025-09-04T10:03:29.087810,0,10615,1.0,1,1.5
2025-09-04T10:03:29.593148,0,10615,1.0,1,1.2
2025-09-04T10:03:30.095789,0,10615,1.0,1,0.7
2025-09-04T10:03:30.597288,0,10615,1.0,1,1.5
2025-09-04T10:03:31.102643,0,10615,1.0,1,1.5
2025-09-04T10:03:31.605009,0,10615,1.0,1,1.0
2025-09-04T10:03:32.109294,0,10615,1.0,1,2.0
2025-09-04T10:03:32.613232,0,10615,1.0,1,1.2
2025-09-04T10:03:33.114498,0,10615,1.0,1,1.5
2025-09-04T10:03:33.619896,0,10615,1.0,1,2.0
2025-09-04T10:03:34.122575,0,10615,1.0,1,1.5
2025-09-04T10:03:34.627954,0,10615,1.0,1,1.5
2025-09-04T10:03:35.130524,0,10615,1.0,1,1.0
2025-09-04T10:03:35.631911,0,10615,1.0,1,1.5
2025-09-04T10:03:36.133941,0,10615,1.0,1,1.5
2025-09-04T10:03:36.639300,0,10615,1.0,1,1.2
2025-09-04T10:03:37.141030,0,10615,1.0,1,1.0
2025-09-04T10:03:37.646389,0,10615,1.0,1,1.2
2025-09-04T10:03:38.149233,0,10615,1.0,1,0.5
2025-09-04T10:03:38.654621,0,10615,1.0,1,1.0
2025-09-04T10:03:39.159948,0,10615,1.0,1,0.7
2025-09-04T10:03:39.665289,0,10615,1.0,1,0.7
2025-09-04T10:03:40.170559,0,10615,1.0,1,1.5
2025-09-04T10:03:40.673055,0,10615,1.0,1,3.5
2025-09-04T10:03:41.175414,0,10615,1.0,1,1.5
2025-09-04T10:03:41.679900,0,10615,1.0,1,1.5
2025-09-04T10:03:42.185298,0,10615,1.0,1,4.9
2025-09-04T10:03:42.687924,0,10615,1.0,1,3.0
2025-09-04T10:03:43.189197,0,10615,1.0,1,14.4
2025-09-04T10:03:43.694439,0,10615,1.0,1,3.0
2025-09-04T10:03:44.197958,0,10615,1.0,1,0.7
2025-09-04T10:03:44.703327,0,10615,1.0,1,12.4
2025-09-04T10:03:45.209115,0,10615,1.0,1,1.0
2025-09-04T10:03:45.715555,0,10615,1.0,1,1.2
2025-09-04T10:03:46.218647,0,10615,1.0,1,0.7
2025-09-04T10:03:46.719952,0,10615,1.0,1,1.7
2025-09-04T10:03:47.222397,0,10615,1.0,1,0.7
2025-09-04T10:03:47.727766,0,10615,1.0,1,1.0
2025-09-04T10:03:48.230339,0,10615,1.0,1,0.8
2025-09-04T10:03:48.735669,0,10615,1.0,1,1.0
2025-09-04T10:03:49.241016,0,10615,1.0,1,10.4
2025-09-04T10:03:49.746340,0,10615,1.0,1,1.0
2025-09-04T10:03:50.250652,0,10615,1.0,1,1.5
2025-09-04T10:03:50.751982,0,10615,1.0,1,1.8
2025-09-04T10:03:51.257385,0,10615,1.0,1,1.7
2025-09-04T10:03:51.762745,0,10615,1.0,1,0.8
2025-09-04T10:03:52.265833,0,10615,1.0,1,12.3
2025-09-04T10:03:52.771698,0,10615,1.0,1,1.5
2025-09-04T10:03:53.274769,0,10615,1.0,1,5.0
2025-09-04T10:03:53.775990,0,10615,1.0,1,2.0
2025-09-04T10:03:54.281324,0,10615,1.0,1,1.0
2025-09-04T10:03:54.786651,0,10615,1.0,1,3.0
2025-09-04T10:03:55.291949,0,10615,1.0,1,2.2
2025-09-04T10:03:55.797318,0,10615,1.0,1,1.5
2025-09-04T10:03:56.302684,0,10615,1.0,1,1.2
2025-09-04T10:03:56.805816,0,10615,1.0,1,2.7
2025-09-04T10:03:57.306713,0,10615,1.0,1,1.0
2025-09-04T10:03:57.812059,0,10615,1.0,1,1.2
2025-09-04T10:03:58.317388,0,10615,1.0,1,1.0
2025-09-04T10:03:58.822720,0,10615,1.0,1,1.2
2025-09-04T10:03:59.328051,0,10615,1.0,1,1.0
2025-09-04T10:03:59.833385,0,10615,1.0,1,1.0
2025-09-04T10:04:00.338742,0,10615,1.0,1,2.5
2025-09-04T10:04:00.841706,0,10615,1.0,1,2.5
2025-09-04T10:04:01.347080,0,10615,1.0,1,3.5
2025-09-04T10:04:01.850743,0,10615,1.0,1,1.2
2025-09-04T10:04:02.356084,0,10615,1.0,1,1.2
2025-09-04T10:04:02.861418,0,10615,1.0,1,1.2
2025-09-04T10:04:03.366751,0,10615,1.0,1,1.5
2025-09-04T10:04:03.872066,0,10615,1.0,1,0.7
2025-09-04T10:04:04.372925,0,10615,1.0,1,0.5
2025-09-04T10:04:04.874797,0,10615,1.0,1,2.2
2025-09-04T10:04:05.380146,0,10615,1.0,1,0.5
2025-09-04T10:04:05.882781,0,10615,1.0,1,2.2
2025-09-04T10:04:06.386284,0,10615,1.0,1,0.5
2025-09-04T10:04:06.890442,0,10615,1.0,1,1.0
2025-09-04T10:04:07.395470,0,10615,1.0,1,1.0
2025-09-04T10:04:07.898781,0,10615,1.0,1,1.2
2025-09-04T10:04:08.400103,0,10615,1.0,1,0.7
2025-09-04T10:04:08.901449,0,10615,1.0,1,0.8
2025-09-04T10:04:09.406787,0,10615,1.0,1,1.2
2025-09-04T10:04:09.909468,0,10615,1.0,1,0.7
2025-09-04T10:04:10.414807,0,10615,1.0,1,0.7
2025-09-04T10:04:10.920180,0,10615,1.0,1,2.0
2025-09-04T10:04:11.425542,0,10615,1.0,1,1.5
2025-09-04T10:04:11.930821,0,10615,1.0,1,1.5
2025-09-04T10:04:12.432152,0,10615,1.0,1,0.7
2025-09-04T10:04:12.937469,0,10615,1.0,1,4.7
2025-09-04T10:04:13.442227,0,10615,1.0,1,0.5
2025-09-04T10:04:13.946799,0,10615,1.0,1,1.7
2025-09-04T10:04:14.452120,0,10615,1.0,1,1.0
2025-09-04T10:04:14.957438,0,10615,1.0,1,1.0
2025-09-04T10:04:15.458308,0,10615,1.0,1,0.5
2025-09-04T10:04:15.963634,0,10615,1.0,1,1.7
2025-09-04T10:04:16.464174,0,10615,1.0,1,0.5
2025-09-04T10:04:16.965521,0,10615,1.0,1,1.0
2025-09-04T10:04:17.466860,0,10615,1.0,1,0.5
2025-09-04T10:04:17.968190,0,10615,1.0,1,0.8
2025-09-04T10:04:18.469559,0,10615,1.0,1,1.5
2025-09-04T10:04:18.974930,0,10615,1.0,1,1.0
2025-09-04T10:04:19.477532,0,10615,1.0,1,0.7
2025-09-04T10:04:19.978915,0,10615,1.0,1,1.0
2025-09-04T10:04:20.484247,0,10615,1.0,1,0.7
2025-09-04T10:04:20.986319,0,10615,1.0,1,1.0
2025-09-04T10:04:21.491654,0,10615,1.0,1,1.0
2025-09-04T10:04:21.993232,0,10615,1.0,1,12.5
2025-09-04T10:04:22.496356,0,10615,1.0,1,5.7
2025-09-04T10:04:22.998013,0,10615,1.0,1,2.5
2025-09-04T10:04:23.503312,0,10615,1.0,1,3.0
2025-09-04T10:04:24.008654,0,10615,1.0,1,1.7
2025-09-04T10:04:24.514040,0,10615,1.0,1,4.2
2025-09-04T10:04:25.019417,0,10615,1.0,1,1.5
2025-09-04T10:04:25.524779,0,10615,1.0,1,0.5
2025-09-04T10:04:26.027646,0,10615,1.0,1,2.2
2025-09-04T10:04:26.529018,0,10615,1.0,1,0.3
2025-09-04T10:04:27.034365,0,10615,1.0,1,1.5
2025-09-04T10:04:27.539700,0,10615,1.0,1,1.5
2025-09-04T10:04:28.045022,0,10615,1.0,1,0.7
2025-09-04T10:04:28.550333,0,10615,1.0,1,0.5
2025-09-04T10:04:29.055698,0,10615,1.0,1,1.7
2025-09-04T10:04:29.561058,0,10615,1.0,1,1.0
2025-09-04T10:04:30.064299,0,10615,1.0,1,1.2
2025-09-04T10:04:30.564780,0,10615,1.0,1,0.5
2025-09-04T10:04:31.067168,0,10615,1.0,1,1.0
2025-09-04T10:04:31.572557,0,10615,1.0,1,0.7
2025-09-04T10:04:32.075014,0,10615,1.0,1,1.7
2025-09-04T10:04:32.580373,0,10615,1.0,1,1.5
2025-09-04T10:04:33.082985,0,10615,1.0,1,1.0
2025-09-04T10:04:33.588339,0,10615,1.0,1,2.2
2025-09-04T10:04:34.090973,0,10615,1.0,1,1.0
2025-09-04T10:04:34.596317,0,10615,1.0,1,1.0
2025-09-04T10:04:35.101641,0,10615,1.0,1,2.0
2025-09-04T10:04:35.605725,0,10615,1.0,1,1.5
2025-09-04T10:04:36.111109,0,10615,1.0,1,1.7
2025-09-04T10:04:36.616453,0,10615,1.0,1,0.7
2025-09-04T10:04:37.121791,0,10615,1.0,1,1.2
2025-09-04T10:04:37.627097,0,10615,1.0,1,1.2
2025-09-04T10:04:38.128361,0,10615,1.0,1,0.5
2025-09-04T10:04:38.631989,0,10615,1.0,1,1.0
2025-09-04T10:04:39.134129,0,10615,1.0,1,0.7
2025-09-04T10:04:39.639447,0,10615,1.0,1,0.7
2025-09-04T10:04:40.144772,0,10615,1.0,1,1.5
2025-09-04T10:04:40.645758,0,10615,1.0,1,1.0
2025-09-04T10:04:41.147775,0,10615,1.0,1,1.0
2025-09-04T10:04:41.650851,0,10615,1.0,1,1.2
2025-09-04T10:04:42.156187,0,10615,1.0,1,0.7
2025-09-04T10:04:42.661527,0,10615,1.0,1,0.7
2025-09-04T10:04:43.163087,0,10615,1.0,1,4.0
2025-09-04T10:04:43.664432,0,10615,1.0,1,4.0
2025-09-04T10:04:44.169824,0,10615,1.0,1,1.0
2025-09-04T10:04:44.672404,0,10615,1.0,1,3.5
2025-09-04T10:04:45.175954,0,10615,1.0,1,1.0
2025-09-04T10:04:45.681319,0,10615,1.0,1,2.0
2025-09-04T10:04:46.181881,0,10615,1.0,1,1.7
2025-09-04T10:04:46.683170,0,10615,1.0,1,0.5
2025-09-04T10:04:47.184440,0,10615,1.0,1,1.5
2025-09-04T10:04:47.685784,0,10615,1.0,1,1.0
2025-09-04T10:04:48.190197,0,10615,1.0,1,1.2
2025-09-04T10:04:48.695529,0,10615,1.0,1,0.7
2025-09-04T10:04:49.199613,0,10615,1.0,1,2.2
2025-09-04T10:04:49.704957,0,10615,1.0,1,1.5
2025-09-04T10:04:50.210281,0,10615,1.0,1,0.7
2025-09-04T10:04:50.715157,0,10615,1.0,1,0.7
2025-09-04T10:04:51.220530,0,10615,1.0,1,1.2
2025-09-04T10:04:51.725887,0,10615,1.0,1,1.2
2025-09-04T10:04:52.229933,0,10615,1.0,1,19.6
2025-09-04T10:04:52.735539,0,10615,1.0,1,2.7
2025-09-04T10:04:53.240865,0,10615,1.0,1,2.0
2025-09-04T10:04:53.746214,0,10615,1.0,1,2.7
2025-09-04T10:04:54.251190,0,10615,1.0,1,0.7
2025-09-04T10:04:54.756532,0,10615,1.0,1,1.0
2025-09-04T10:04:55.260578,0,10615,1.0,1,3.0
2025-09-04T10:04:55.765939,0,10615,1.0,1,1.5
2025-09-04T10:04:56.271354,0,10615,1.0,1,1.7
2025-09-04T10:04:56.776727,0,10615,1.0,1,1.0
2025-09-04T10:04:57.280517,0,10615,1.0,1,1.0
2025-09-04T10:04:57.785866,0,10615,1.0,1,1.2
2025-09-04T10:04:58.291239,0,10615,1.0,1,0.7
2025-09-04T10:04:58.795229,0,10615,1.0,1,1.2
2025-09-04T10:04:59.300556,0,10615,1.0,1,1.0
2025-09-04T10:04:59.805881,0,10615,1.0,1,1.2
2025-09-04T10:05:00.311222,0,10615,1.0,1,3.8
2025-09-04T10:05:00.816581,0,10615,1.0,1,2.0
2025-09-04T10:05:01.317939,0,10615,1.0,1,7.0
2025-09-04T10:05:01.823911,0,10615,1.0,1,1.0
2025-09-04T10:05:02.325969,0,10615,1.0,1,1.7
2025-09-04T10:05:02.831303,0,10615,1.0,1,1.0
2025-09-04T10:05:03.335704,0,10615,1.0,1,0.7
2025-09-04T10:05:03.841010,0,10615,1.0,1,1.5
2025-09-04T10:05:04.346316,0,10615,1.0,1,1.0
2025-09-04T10:05:04.851651,0,10615,1.0,1,0.7
2025-09-04T10:05:05.356965,0,10615,1.0,1,0.7
2025-09-04T10:05:05.862292,0,10615,1.0,1,1.5
2025-09-04T10:05:06.367663,0,10615,1.0,1,1.0
2025-09-04T10:05:06.872599,0,10615,1.0,1,1.2
2025-09-04T10:05:07.377946,0,10615,1.0,1,1.2
2025-09-04T10:05:07.883274,0,10615,1.0,1,1.0
2025-09-04T10:05:08.388576,0,10615,1.0,1,0.7
2025-09-04T10:05:08.893926,0,10615,1.0,1,0.5
2025-09-04T10:05:09.399275,0,10615,1.0,1,1.0
2025-09-04T10:05:09.904673,0,10615,1.0,1,2.2
2025-09-04T10:05:10.410001,0,10615,1.0,1,0.5
2025-09-04T10:05:10.913369,0,10615,1.0,1,2.0
2025-09-04T10:05:11.418763,0,10615,1.0,1,0.7
2025-09-04T10:05:11.920685,0,10615,1.0,1,1.0
2025-09-04T10:05:12.426084,0,10615,1.0,1,1.2
2025-09-04T10:05:12.927714,0,10615,1.0,1,3.8
2025-09-04T10:05:13.432036,0,10615,1.0,1,2.2
2025-09-04T10:05:13.936669,0,10615,1.0,1,1.0
2025-09-04T10:05:14.438214,0,10615,1.0,1,0.0
2025-09-04T10:05:14.940437,0,10615,1.0,1,1.7
2025-09-04T10:05:15.441355,0,10615,1.0,1,1.0
2025-09-04T10:05:15.942024,0,10615,1.0,1,1.5
2025-09-04T10:05:16.442722,0,10615,1.0,1,0.3
2025-09-04T10:05:16.944701,0,10615,1.0,1,1.5
2025-09-04T10:05:17.446017,0,10615,1.0,1,0.7
2025-09-04T10:05:17.947416,0,10615,1.0,1,1.2
2025-09-04T10:05:18.452739,0,10615,1.0,1,0.7
2025-09-04T10:05:18.958064,0,10615,1.0,1,1.0
2025-09-04T10:05:19.463372,0,10615,1.0,1,0.7
2025-09-04T10:05:19.968735,0,10615,1.0,1,1.0
2025-09-04T10:05:20.474050,0,10615,1.0,1,0.7
2025-09-04T10:05:20.979357,0,10615,1.0,1,1.0
2025-09-04T10:05:21.484669,0,10615,1.0,1,0.7
2025-09-04T10:05:21.986746,0,10615,1.0,1,1.0
2025-09-04T10:05:22.488939,0,10615,1.0,1,9.1
2025-09-04T10:05:22.994737,0,10615,1.0,1,1.7
2025-09-04T10:05:23.499393,0,10615,1.0,1,3.0
2025-09-04T10:05:24.004805,0,10615,1.0,1,2.5
2025-09-04T10:05:24.510197,0,10615,1.0,1,1.2
2025-09-04T10:05:25.014164,0,10615,1.0,1,1.2
2025-09-04T10:05:25.515437,0,10615,1.0,1,0.5
2025-09-04T10:05:26.020787,0,10615,1.0,1,1.2
2025-09-04T10:05:26.526117,0,10615,1.0,1,1.5
2025-09-04T10:05:27.031466,0,10615,1.0,1,1.0
2025-09-04T10:05:27.536816,0,10615,1.0,1,1.0
2025-09-04T10:05:28.042153,0,10615,1.0,1,0.7
2025-09-04T10:05:28.547401,0,10615,1.0,1,6.7
2025-09-04T10:05:29.052633,0,10615,1.0,1,1.2
2025-09-04T10:05:29.553934,0,10615,1.0,1,1.0
2025-09-04T10:05:30.059286,0,10615,1.0,1,1.2
2025-09-04T10:05:30.560979,0,10615,1.0,1,0.8
2025-09-04T10:05:31.062131,0,10615,1.0,1,1.0
2025-09-04T10:05:31.567181,0,10615,1.0,1,2.2
2025-09-04T10:05:32.067877,0,10615,1.0,1,1.3
2025-09-04T10:05:32.571508,0,10615,1.0,1,1.5
2025-09-04T10:05:33.072832,0,10615,1.0,1,0.5
2025-09-04T10:05:33.576132,0,10615,1.0,1,3.2
2025-09-04T10:05:34.080812,0,10615,1.0,1,1.2
2025-09-04T10:05:34.581501,0,10615,1.0,1,1.5
2025-09-04T10:05:35.086872,0,10615,1.0,1,0.7
2025-09-04T10:05:35.590195,0,10615,1.0,1,1.7
2025-09-04T10:05:36.095565,0,10615,1.0,1,1.5
2025-09-04T10:05:36.600188,0,10615,1.0,1,2.5
2025-09-04T10:05:37.101516,0,10615,1.0,1,1.3
2025-09-04T10:05:37.606883,0,10615,1.0,1,1.5
2025-09-04T10:05:38.107582,0,10615,1.0,1,1.3
2025-09-04T10:05:38.608892,0,10615,1.0,1,1.2
2025-09-04T10:05:39.110242,0,10615,1.0,1,0.5
2025-09-04T10:05:39.615590,0,10615,1.0,1,1.5
2025-09-04T10:05:40.116410,0,10615,1.0,1,0.5
2025-09-04T10:05:40.621483,0,10615,1.0,1,1.0
2025-09-04T10:05:41.126815,0,10615,1.0,1,1.2
2025-09-04T10:05:41.627551,0,10615,1.0,1,1.0
2025-09-04T10:05:42.132875,0,10615,1.0,1,0.7
2025-09-04T10:05:42.638278,0,10615,1.0,1,4.0
2025-09-04T10:05:43.142238,0,10615,1.0,1,4.2
2025-09-04T10:05:43.643014,0,10615,1.0,1,2.5
2025-09-04T10:05:44.148053,0,10615,1.0,1,0.7
2025-09-04T10:05:44.653331,0,10615,1.0,1,4.5
2025-09-04T10:05:45.158615,0,10615,1.0,1,0.7
2025-09-04T10:05:45.659593,0,10615,1.0,1,1.7
2025-09-04T10:05:46.164851,0,10615,1.0,1,1.0
2025-09-04T10:05:46.670252,0,10615,1.0,1,1.2
2025-09-04T10:05:47.174269,0,10615,1.0,1,0.7
2025-09-04T10:05:47.677231,0,10615,1.0,1,1.2
2025-09-04T10:05:48.181577,0,10615,1.0,1,2.7
2025-09-04T10:05:48.686930,0,10615,1.0,1,1.7
2025-09-04T10:05:49.190287,0,10615,1.0,1,0.5
2025-09-04T10:05:49.694473,0,10615,1.0,1,1.0
2025-09-04T10:05:50.198301,0,10615,1.0,1,0.5
2025-09-04T10:05:50.703629,0,10615,1.0,1,1.2
2025-09-04T10:05:51.206301,0,10615,1.0,1,1.0
2025-09-04T10:05:51.711682,0,10615,1.0,1,0.7
2025-09-04T10:05:52.214370,0,10615,1.0,1,1.0
2025-09-04T10:05:52.717196,0,10615,1.0,1,0.0
2025-09-04T10:05:53.223017,0,10615,1.0,1,4.1
2025-09-04T10:05:53.728392,0,10615,1.0,1,3.7
2025-09-04T10:05:54.233750,0,10615,1.0,1,1.5
2025-09-04T10:05:54.739157,0,10615,1.0,1,2.0
2025-09-04T10:05:55.243670,0,10615,1.0,1,1.0
2025-09-04T10:05:55.749004,0,10615,1.0,1,0.7
2025-09-04T10:05:56.254389,0,10615,1.0,1,1.5
2025-09-04T10:05:56.756595,0,10615,1.0,1,0.8
2025-09-04T10:05:57.261985,0,10615,1.0,1,1.2
2025-09-04T10:05:57.766429,0,10615,1.0,1,2.5
2025-09-04T10:05:58.271032,0,10615,1.0,1,0.7
2025-09-04T10:05:58.774356,0,10615,1.0,1,0.7
2025-09-04T10:05:59.276112,0,10615,1.0,1,1.7
2025-09-04T10:05:59.777048,0,10615,1.0,1,1.0
2025-09-04T10:06:00.282386,0,10615,1.0,1,2.7
2025-09-04T10:06:00.787772,0,10615,1.0,1,1.5
2025-09-04T10:06:01.291727,0,10615,1.0,1,2.0
2025-09-04T10:06:01.793079,0,10615,1.0,1,1.5
2025-09-04T10:06:02.296470,0,10615,1.0,1,0.8
2025-09-04T10:06:02.800782,0,10615,1.0,1,2.0
2025-09-04T10:06:03.306119,0,10615,1.0,1,0.7
2025-09-04T10:06:03.811455,0,10615,1.0,1,1.2
2025-09-04T10:06:04.316769,0,10615,1.0,1,1.2
2025-09-04T10:06:04.818797,0,10615,1.0,1,0.7
2025-09-04T10:06:05.324128,0,10615,1.0,1,1.0
2025-09-04T10:06:05.829477,0,10615,1.0,1,1.5
2025-09-04T10:06:06.334826,0,10615,1.0,1,1.0
2025-09-04T10:06:06.836763,0,10615,1.0,1,1.2
2025-09-04T10:06:07.342134,0,10615,1.0,1,1.0
2025-09-04T10:06:07.846434,0,10615,1.0,1,1.7
2025-09-04T10:06:08.347779,0,10615,1.0,1,0.5
2025-09-04T10:06:08.853161,0,10615,1.0,1,1.5
2025-09-04T10:06:09.354138,0,10615,1.0,1,0.7
2025-09-04T10:06:09.856975,0,10615,1.0,1,1.0
2025-09-04T10:06:10.358447,0,10615,1.0,1,1.0
2025-09-04T10:06:10.863769,0,10615,1.0,1,0.7
2025-09-04T10:06:11.369106,0,10615,1.0,1,2.0
2025-09-04T10:06:11.873182,0,10615,1.0,1,0.7
2025-09-04T10:06:12.378515,0,10615,1.0,1,1.5
2025-09-04T10:06:12.881170,0,10615,1.0,1,5.0
2025-09-04T10:06:13.386507,0,10615,1.0,1,1.2
2025-09-04T10:06:13.891866,0,10615,1.0,1,1.0
2025-09-04T10:06:14.392461,0,10615,1.0,1,0.8
2025-09-04T10:06:14.897813,0,10615,1.0,1,1.5
2025-09-04T10:06:15.398513,0,10615,1.0,1,1.5
2025-09-04T10:06:15.899853,0,10615,1.0,1,1.0
2025-09-04T10:06:16.404111,0,10615,1.0,1,1.7
2025-09-04T10:06:16.909454,0,10615,1.0,1,0.7
2025-09-04T10:06:17.414806,0,10615,1.0,1,0.5
2025-09-04T10:06:17.915848,0,10615,1.0,1,1.5
2025-09-04T10:06:18.421161,0,10615,1.0,1,1.2
2025-09-04T10:06:18.926212,0,10615,1.0,1,0.7
2025-09-04T10:06:19.430530,0,10615,1.0,1,0.7
2025-09-04T10:06:19.935871,0,10615,1.0,1,1.5
2025-09-04T10:06:20.441174,0,10615,1.0,1,0.7
2025-09-04T10:06:20.946481,0,10615,1.0,1,0.5
2025-09-04T10:06:21.451805,0,10615,1.0,1,1.2
2025-09-04T10:06:21.957140,0,10615,1.0,1,1.2
2025-09-04T10:06:22.462430,0,10615,1.0,1,17.9
2025-09-04T10:06:22.967727,0,10615,1.0,1,4.5
2025-09-04T10:06:23.473268,0,10615,1.0,1,2.0
2025-09-04T10:06:23.978535,0,10615,1.0,1,2.0
2025-09-04T10:06:24.481299,0,10615,1.0,1,2.0
2025-09-04T10:06:24.986683,0,10615,1.0,1,1.2
2025-09-04T10:06:25.489260,0,10615,1.0,1,1.0
2025-09-04T10:06:25.990009,0,10615,1.0,1,2.0
2025-09-04T10:06:26.495073,0,10615,1.0,1,0.7
2025-09-04T10:06:27.000427,0,10615,1.0,1,1.5
2025-09-04T10:06:27.505744,0,10615,1.0,1,1.2
2025-09-04T10:06:28.011055,0,10615,1.0,1,0.8
2025-09-04T10:06:28.516420,0,10615,1.0,1,0.7
2025-09-04T10:06:29.021744,0,10615,1.0,1,1.0
2025-09-04T10:06:29.527062,0,10615,1.0,1,1.0
2025-09-04T10:06:30.028007,0,10615,1.0,1,1.2
2025-09-04T10:06:30.530629,0,10615,1.0,1,0.8
2025-09-04T10:06:31.035981,0,10615,1.0,1,1.5
2025-09-04T10:06:31.539104,0,10615,1.0,1,1.2
2025-09-04T10:06:32.043987,0,10615,1.0,1,2.7
2025-09-04T10:06:32.549381,0,10615,1.0,1,1.2
2025-09-04T10:06:33.054706,0,10615,1.0,1,8.1
2025-09-04T10:06:33.560037,0,10615,1.0,1,8.9
2025-09-04T10:06:34.065345,0,10615,1.0,1,2.2
2025-09-04T10:06:34.570723,0,10615,1.0,1,2.5
2025-09-04T10:06:35.073347,0,10615,1.0,1,0.5
2025-09-04T10:06:35.578758,0,10615,1.0,1,2.0
2025-09-04T10:06:36.084132,0,10615,1.0,1,1.2
2025-09-04T10:06:36.588102,0,10615,1.0,1,1.7
2025-09-04T10:06:37.093520,0,10615,1.0,1,2.0
2025-09-04T10:06:37.598891,0,10615,1.0,1,1.0
2025-09-04T10:06:38.102969,0,10615,1.0,1,0.5
2025-09-04T10:06:38.608364,0,10615,1.0,1,1.7
2025-09-04T10:06:39.113708,0,10615,1.0,1,1.0
2025-09-04T10:06:39.615836,0,10615,1.0,1,0.5
2025-09-04T10:06:40.121263,0,10615,1.0,1,1.0
2025-09-04T10:06:40.625376,0,10615,1.0,1,1.0
2025-09-04T10:06:41.130408,0,10615,1.0,1,1.2
2025-09-04T10:06:41.635742,0,10615,1.0,1,0.7
2025-09-04T10:06:42.138397,0,10615,1.0,1,0.7
2025-09-04T10:06:42.643735,0,10615,1.0,1,1.5
2025-09-04T10:06:43.145716,0,10615,1.0,1,3.2
2025-09-04T10:06:43.647289,0,10615,1.0,1,2.7
2025-09-04T10:06:44.152630,0,10615,1.0,1,0.5
2025-09-04T10:06:44.657389,0,10615,1.0,1,7.4
2025-09-04T10:06:45.162622,0,10615,1.0,1,0.5
2025-09-04T10:06:45.667945,0,10615,1.0,1,1.5
2025-09-04T10:06:46.172133,0,10615,1.0,1,1.0
2025-09-04T10:06:46.677466,0,10615,1.0,1,1.7
2025-09-04T10:06:47.182792,0,10615,1.0,1,1.2
2025-09-04T10:06:47.688125,0,10615,1.0,1,1.0
2025-09-04T10:06:48.193466,0,10615,1.0,1,1.2
2025-09-04T10:06:48.698797,0,10615,1.0,1,1.0
2025-09-04T10:06:49.204106,0,10615,1.0,1,0.5
2025-09-04T10:06:49.709444,0,10615,1.0,1,1.7
2025-09-04T10:06:50.211853,0,10615,1.0,1,0.7
2025-09-04T10:06:50.716187,0,10615,1.0,1,1.2
2025-09-04T10:06:51.216901,0,10615,1.0,1,2.2
2025-09-04T10:06:51.722253,0,10615,1.0,1,0.5
2025-09-04T10:06:52.225465,0,10615,1.0,1,1.2
2025-09-04T10:06:52.731107,0,10615,1.0,1,26.0
2025-09-04T10:06:53.236904,0,10615,1.0,1,2.2
2025-09-04T10:06:53.740555,0,10615,1.0,1,4.5
2025-09-04T10:06:54.245956,0,10615,1.0,1,2.7
2025-09-04T10:06:54.751352,0,10615,1.0,1,1.5
2025-09-04T10:06:55.256024,0,10615,1.0,1,1.0
2025-09-04T10:06:55.761400,0,10615,1.0,1,1.7
2025-09-04T10:06:56.262878,0,10615,1.0,1,2.8
2025-09-04T10:06:56.768263,0,10615,1.0,1,1.5
2025-09-04T10:06:57.270861,0,10615,1.0,1,1.2
2025-09-04T10:06:57.772205,0,10615,1.0,1,1.5
2025-09-04T10:06:58.277575,0,10615,1.0,1,1.5
2025-09-04T10:06:58.782924,0,10615,1.0,1,1.0
2025-09-04T10:06:59.288256,0,10615,1.0,1,1.0
2025-09-04T10:06:59.793590,0,10615,1.0,1,0.7
2025-09-04T10:07:00.298986,0,10615,1.0,1,3.2
2025-09-04T10:07:00.801562,0,10615,1.0,1,2.8
2025-09-04T10:07:01.306953,0,10615,1.0,1,12.1
2025-09-04T10:07:01.812770,0,10615,1.0,1,1.0
2025-09-04T10:07:02.317640,0,10615,1.0,1,2.0
2025-09-04T10:07:02.822995,0,10615,1.0,1,1.0
2025-09-04T10:07:03.327006,0,10615,1.0,1,1.5
2025-09-04T10:07:03.830956,0,10615,1.0,1,2.0
2025-09-04T10:07:04.336319,0,10615,1.0,1,1.0
2025-09-04T10:07:04.841683,0,10615,1.0,1,1.5
2025-09-04T10:07:05.345594,0,10615,1.0,1,1.2
2025-09-04T10:07:05.850293,0,10615,1.0,1,1.0
2025-09-04T10:07:06.353604,0,10615,1.0,1,2.7
2025-09-04T10:07:06.854938,0,10615,1.0,1,1.5
2025-09-04T10:07:07.360345,0,10615,1.0,1,1.2
2025-09-04T10:07:07.862939,0,10615,1.0,1,1.0
2025-09-04T10:07:08.364282,0,10615,1.0,1,1.0
2025-09-04T10:07:08.869673,0,10615,1.0,1,1.2
2025-09-04T10:07:09.375013,0,10615,1.0,1,0.7
2025-09-04T10:07:09.878945,0,10615,1.0,1,1.0
2025-09-04T10:07:10.380264,0,10615,1.0,1,0.5
2025-09-04T10:07:10.881612,0,10615,1.0,1,1.2
2025-09-04T10:07:11.383005,0,10615,1.0,1,6.0
2025-09-04T10:07:11.888405,0,10615,1.0,1,1.5
2025-09-04T10:07:12.393816,0,10615,1.0,1,0.7
2025-09-04T10:07:12.897671,0,10615,1.0,1,4.5
2025-09-04T10:07:13.399030,0,10615,1.0,1,0.7
2025-09-04T10:07:13.904400,0,10615,1.0,1,1.0
2025-09-04T10:07:14.409803,0,10615,1.0,1,4.2
2025-09-04T10:07:14.913655,0,10615,1.0,1,7.7
2025-09-04T10:07:15.415059,0,10615,1.0,1,5.0
2025-09-04T10:07:15.920423,0,10615,1.0,1,0.5
2025-09-04T10:07:16.425772,0,10615,1.0,1,1.2
2025-09-04T10:07:16.931127,0,10615,1.0,1,1.5
2025-09-04T10:07:17.436477,0,10615,1.0,1,1.5
2025-09-04T10:07:17.941868,0,10615,1.0,1,3.2
2025-09-04T10:07:18.447204,0,10615,1.0,1,0.7
2025-09-04T10:07:18.947902,0,10615,1.0,1,0.5
2025-09-04T10:07:19.449718,0,10615,1.0,1,1.5
2025-09-04T10:07:19.955079,0,10615,1.0,1,1.0
2025-09-04T10:07:20.459834,0,10615,1.0,1,0.5
2025-09-04T10:07:20.965156,0,10615,1.0,1,0.7
2025-09-04T10:07:21.468392,0,10615,1.0,1,1.5
2025-09-04T10:07:21.970324,0,10615,1.0,1,1.5
2025-09-04T10:07:22.473574,0,10615,1.0,1,1.0
2025-09-04T10:07:22.978940,0,10615,1.0,1,8.8
2025-09-04T10:07:23.484398,0,10615,1.0,1,3.2
2025-09-04T10:07:23.989818,0,10615,1.0,1,6.2
2025-09-04T10:07:24.495257,0,10615,1.0,1,2.0
2025-09-04T10:07:24.999071,0,10615,1.0,1,1.0
2025-09-04T10:07:25.500566,0,10615,1.0,1,1.2
2025-09-04T10:07:26.002794,0,10615,1.0,1,1.8
2025-09-04T10:07:26.508158,0,10615,1.0,1,1.5
2025-09-04T10:07:27.012134,0,10615,1.0,1,1.0
2025-09-04T10:07:27.517188,0,10615,1.0,1,1.5
2025-09-04T10:07:28.022582,0,10615,1.0,1,1.2
2025-09-04T10:07:28.527984,0,10615,1.0,1,1.0
2025-09-04T10:07:29.031147,0,10615,1.0,1,1.0
2025-09-04T10:07:29.534152,0,10615,1.0,1,3.5
2025-09-04T10:07:30.044541,0,10615,1.0,1,1.2
2025-09-04T10:07:30.550755,0,10615,1.0,1,1.2
2025-09-04T10:07:31.053155,0,10615,1.0,1,0.7
2025-09-04T10:07:31.563555,0,10615,1.0,1,2.4
2025-09-04T10:07:32.071911,0,10615,1.0,1,13.1
2025-09-04T10:07:32.578529,0,10615,1.0,1,2.5
2025-09-04T10:07:33.079752,0,10615,1.0,1,1.7
2025-09-04T10:07:33.586978,0,10615,1.0,1,2.5
2025-09-04T10:07:34.087865,0,10615,1.0,1,6.0
2025-09-04T10:07:34.589516,0,10615,1.0,1,6.8
2025-09-04T10:07:35.090332,0,10615,1.0,1,1.5
2025-09-04T10:07:35.592499,0,10615,1.0,1,2.2
2025-09-04T10:07:36.102868,0,10615,1.0,1,1.2
2025-09-04T10:07:36.613206,0,10615,1.0,1,2.0
2025-09-04T10:07:37.123531,0,10615,1.0,1,0.7
2025-09-04T10:07:37.633894,0,10615,1.0,1,1.5
2025-09-04T10:07:38.144232,0,10615,1.0,1,0.7
2025-09-04T10:07:38.652032,0,10615,1.0,1,2.0
2025-09-04T10:07:39.158290,0,10615,1.0,1,0.7
2025-09-04T10:07:39.668627,0,10615,1.0,1,2.0
2025-09-04T10:07:40.178946,0,10615,1.0,1,0.7
2025-09-04T10:07:40.689330,0,10615,1.0,1,1.0
2025-09-04T10:07:41.194936,0,10615,1.0,1,1.2
2025-09-04T10:07:41.703929,0,10615,1.0,1,1.0
2025-09-04T10:07:42.210587,0,10615,1.0,1,1.5
2025-09-04T10:07:42.713434,0,10615,1.0,1,1.0
2025-09-04T10:07:43.218635,0,10615,1.0,1,4.2
2025-09-04T10:07:43.729009,0,10615,1.0,1,2.7
2025-09-04T10:07:44.231981,0,10615,1.0,1,1.2
2025-09-04T10:07:44.742319,0,10615,1.0,1,3.7
2025-09-04T10:07:45.252661,0,10615,1.0,1,1.0
2025-09-04T10:07:45.762191,0,10615,1.0,1,0.5
2025-09-04T10:07:46.268242,0,10615,1.0,1,1.7
2025-09-04T10:07:46.771771,0,10615,1.0,1,1.7
2025-09-04T10:07:47.280070,0,10615,1.0,1,1.0
2025-09-04T10:07:47.783993,0,10615,1.0,1,1.0
2025-09-04T10:07:48.294326,0,10615,1.0,1,1.0
2025-09-04T10:07:48.797341,0,10615,1.0,1,6.5
2025-09-04T10:07:49.307724,0,10615,1.0,1,8.8
2025-09-04T10:07:49.818495,0,10615,1.0,1,1.5
2025-09-04T10:07:50.321653,0,10615,1.0,1,1.0
2025-09-04T10:07:50.829327,0,10615,1.0,1,0.5
2025-09-04T10:07:51.339674,0,10615,1.0,1,1.5
2025-09-04T10:07:51.848002,0,10615,1.0,1,1.0
2025-09-04T10:07:52.358335,0,10615,1.0,1,1.5
2025-09-04T10:07:52.865076,0,10615,1.0,1,29.3
2025-09-04T10:07:53.375325,0,10615,1.0,1,13.9
2025-09-04T10:07:53.879989,0,10615,1.0,1,1.8
2025-09-04T10:07:54.390269,0,10615,1.0,1,9.0
2025-09-04T10:07:54.893044,0,10615,1.0,1,26.2
2025-09-04T10:07:55.394735,0,10615,1.0,1,3.5
2025-09-04T10:07:55.896053,0,10615,1.0,1,2.2
2025-09-04T10:07:56.406374,0,10615,1.0,1,6.4
2025-09-04T10:07:56.909321,0,10615,1.0,1,3.7
2025-09-04T10:07:57.415959,0,10615,1.0,1,0.5
2025-09-04T10:07:57.922685,0,10615,1.0,1,0.7
2025-09-04T10:07:58.424037,0,10615,1.0,1,0.7
2025-09-04T10:07:58.925419,0,10615,1.0,1,1.8
2025-09-04T10:07:59.431956,0,10615,1.0,1,8.1
2025-09-04T10:07:59.933284,0,10615,1.0,1,2.0
2025-09-04T10:08:00.443643,0,10615,1.0,1,3.2
2025-09-04T10:08:00.944336,0,10615,1.0,1,1.8
2025-09-04T10:08:01.454889,0,10615,1.0,1,5.6
2025-09-04T10:08:01.965242,0,10615,1.0,1,1.5
2025-09-04T10:08:02.475565,0,10615,1.0,1,1.5
2025-09-04T10:08:02.985878,0,10615,1.0,1,0.5
2025-09-04T10:08:03.492889,0,10615,1.0,1,0.7
2025-09-04T10:08:04.000974,0,10615,1.0,1,1.7
2025-09-04T10:08:04.511297,0,10615,1.0,1,1.0
2025-09-04T10:08:05.021628,0,10615,1.0,1,1.7
2025-09-04T10:08:05.531774,0,10615,1.0,1,8.4
2025-09-04T10:08:06.037929,0,10615,1.0,1,5.4
2025-09-04T10:08:06.548283,0,10615,1.0,1,1.7
2025-09-04T10:08:07.058655,0,10615,1.0,1,2.0
2025-09-04T10:08:07.569018,0,10615,1.0,1,1.2
2025-09-04T10:08:08.079359,0,10615,1.0,1,1.2
2025-09-04T10:08:08.589693,0,10615,1.0,1,0.7
2025-09-04T10:08:09.090788,0,10615,1.0,1,1.7
2025-09-04T10:08:09.601109,0,10615,1.0,1,1.0
2025-09-04T10:08:10.104164,0,10615,1.0,1,1.5
2025-09-04T10:08:10.605509,0,10615,1.0,1,0.5
2025-09-04T10:08:11.115877,0,10615,1.0,1,2.0
2025-09-04T10:08:11.626303,0,10615,1.0,1,2.9
2025-09-04T10:08:12.136204,0,10615,1.0,1,1.0
2025-09-04T10:08:12.638242,0,10615,1.0,1,1.5
2025-09-04T10:08:13.140868,0,10615,1.0,1,3.5
2025-09-04T10:08:13.650854,0,10615,1.0,1,2.0
2025-09-04T10:08:14.152309,0,10615,1.0,1,0.7
2025-09-04T10:08:14.653600,0,10615,1.0,1,1.3
2025-09-04T10:08:15.160123,0,10615,1.0,1,1.0
2025-09-04T10:08:15.661557,0,10615,1.0,1,0.5
2025-09-04T10:08:16.171902,0,10615,1.0,1,0.7
2025-09-04T10:08:16.680509,0,10615,1.0,1,1.5
2025-09-04T10:08:17.190844,0,10615,1.0,1,1.0
2025-09-04T10:08:17.698886,0,10615,1.0,1,0.7
2025-09-04T10:08:18.200126,0,10615,1.0,1,0.7
2025-09-04T10:08:18.706622,0,10615,1.0,1,1.0
2025-09-04T10:08:19.213531,0,10615,1.0,1,0.5
2025-09-04T10:08:19.721045,0,10615,1.0,1,13.9
2025-09-04T10:08:20.226886,0,10615,1.0,1,13.1
2025-09-04T10:08:20.729397,0,10615,1.0,1,1.2
2025-09-04T10:08:21.230424,0,10615,1.0,1,10.0
2025-09-04T10:08:21.735826,0,10615,1.0,1,6.0
2025-09-04T10:08:22.240669,0,10615,1.0,1,2.5
2025-09-04T10:08:22.743688,0,10615,1.0,1,1.0
2025-09-04T10:08:23.249067,0,10615,1.0,1,0.0
2025-09-04T10:08:23.751726,0,10615,1.0,1,7.9
2025-09-04T10:08:24.257120,0,10615,1.0,1,13.0
2025-09-04T10:08:24.762534,0,10615,1.0,1,11.7
2025-09-04T10:08:25.266103,0,10615,1.0,1,5.0
2025-09-04T10:08:25.771500,0,10615,1.0,1,1.5
2025-09-04T10:08:26.274256,0,10615,1.0,1,2.0
2025-09-04T10:08:26.779420,0,10615,1.0,1,1.5
2025-09-04T10:08:27.284780,0,10615,1.0,1,1.0
2025-09-04T10:08:27.790110,0,10615,1.0,1,2.2
2025-09-04T10:08:28.295412,0,10615,1.0,1,0.7
2025-09-04T10:08:28.800107,0,10615,1.0,1,26.1
2025-09-04T10:08:29.302504,0,10615,1.0,1,9.3
2025-09-04T10:08:29.807705,0,10615,1.0,1,44.4
2025-09-04T10:08:30.308921,0,10615,1.0,1,15.1
2025-09-04T10:08:30.812822,0,10615,1.0,1,9.5
2025-09-04T10:08:31.315694,0,10615,1.0,1,2.0
2025-09-04T10:08:31.820331,0,10615,1.0,1,3.2
2025-09-04T10:08:32.325608,0,10615,1.0,1,2.5
2025-09-04T10:08:32.830948,0,10615,1.0,1,2.0
2025-09-04T10:08:33.333503,0,10615,1.0,1,1.5
2025-09-04T10:08:33.836996,0,10615,1.0,1,6.0
2025-09-04T10:08:34.342335,0,10615,1.0,1,1.7
2025-09-04T10:08:34.847686,0,10615,1.0,1,5.0
2025-09-04T10:08:35.353017,0,10615,1.0,1,3.2
2025-09-04T10:08:35.857377,0,10615,1.0,1,2.9
2025-09-04T10:08:36.362119,0,10615,1.0,1,1.8
2025-09-04T10:08:36.866801,0,10615,1.0,1,3.0
2025-09-04T10:08:37.370599,0,10615,1.0,1,1.7
2025-09-04T10:08:37.875994,0,10615,1.0,1,3.2
2025-09-04T10:08:38.381352,0,10615,1.0,1,2.0
2025-09-04T10:08:38.885081,0,10615,1.0,1,2.7
2025-09-04T10:08:39.390430,0,10615,1.0,1,2.0
2025-09-04T10:08:39.895753,0,10615,1.0,1,2.2
2025-09-04T10:08:40.400100,0,10615,1.0,1,1.7
2025-09-04T10:08:40.905453,0,10615,1.0,1,7.0
2025-09-04T10:08:41.410749,0,10615,1.0,1,3.2
2025-09-04T10:08:41.911693,0,10615,1.0,1,5.0
2025-09-04T10:08:42.417006,0,10615,1.0,1,3.7
2025-09-04T10:08:42.922099,0,10615,1.0,1,4.5
2025-09-04T10:08:43.427502,0,10615,1.0,1,8.4
2025-09-04T10:08:43.929374,0,10615,1.0,1,3.3
2025-09-04T10:08:44.434691,0,10615,1.0,1,3.2
2025-09-04T10:08:44.940002,0,10615,1.0,1,4.2
2025-09-04T10:08:45.443474,0,10615,1.0,1,1.5
2025-09-04T10:08:45.948868,0,10615,1.0,1,5.0
2025-09-04T10:08:46.450197,0,10615,1.0,1,2.7
2025-09-04T10:08:46.955617,0,10615,1.0,1,2.2
2025-09-04T10:08:47.457889,0,10615,1.0,1,2.0
2025-09-04T10:08:47.963308,0,10615,1.0,1,1.7
2025-09-04T10:08:48.466475,0,10615,1.0,1,1.7
2025-09-04T10:08:48.971894,0,10615,1.0,1,2.5
2025-09-04T10:08:49.477316,0,10615,1.0,1,1.7
2025-09-04T10:08:49.982698,0,10615,1.0,1,2.5
2025-09-04T10:08:50.487899,0,10615,1.0,1,1.7
2025-09-04T10:08:50.993327,0,10615,1.0,1,3.2
2025-09-04T10:08:51.498689,0,10615,1.0,1,2.2
2025-09-04T10:08:52.000223,0,10615,1.0,1,4.0
2025-09-04T10:08:52.505624,0,10615,1.0,1,3.0
2025-09-04T10:08:53.011102,0,10615,1.0,1,20.0
2025-09-04T10:08:53.515124,0,10615,1.0,1,5.4
2025-09-04T10:08:54.020402,0,10615,1.0,1,18.3
2025-09-04T10:08:54.525802,0,10615,1.0,1,35.4
2025-09-04T10:08:55.031135,0,10615,1.0,1,2.7
2025-09-04T10:08:55.533142,0,10615,1.0,1,3.3
2025-09-04T10:08:56.033583,0,10615,1.0,1,3.3
2025-09-04T10:08:56.538960,0,10615,1.0,1,2.5
2025-09-04T10:08:57.044364,0,10615,1.0,1,12.3
2025-09-04T10:08:57.549766,0,10615,1.0,1,15.2
2025-09-04T10:08:58.055157,0,10615,1.0,1,17.1
2025-09-04T10:08:58.560564,0,10615,1.0,1,15.5
2025-09-04T10:08:59.064447,0,10615,1.0,1,23.6
2025-09-04T10:08:59.569777,0,10615,1.0,1,33.7
2025-09-04T10:09:00.074138,0,10615,1.0,1,22.7
2025-09-04T10:09:00.579478,0,10615,1.0,1,7.4
2025-09-04T10:09:01.084882,0,10615,1.0,1,4.7
2025-09-04T10:09:01.588492,0,10615,1.0,1,10.2
2025-09-04T10:09:02.093824,0,10615,1.0,1,3.5
2025-09-04T10:09:02.599215,0,10615,1.0,1,4.5
2025-09-04T10:09:03.101230,0,10615,1.0,1,2.8
2025-09-04T10:09:03.603642,0,10615,1.0,1,3.0
2025-09-04T10:09:04.104973,0,10615,1.0,1,2.2
2025-09-04T10:09:04.610329,0,10615,1.0,1,2.5
2025-09-04T10:09:05.111925,0,10615,1.0,1,2.8
2025-09-04T10:09:05.617301,0,10615,1.0,1,2.2
2025-09-04T10:09:06.122679,0,10615,1.0,1,2.2
2025-09-04T10:09:06.628045,0,10615,1.0,1,3.0
2025-09-04T10:09:07.133385,0,10615,1.0,1,2.7
2025-09-04T10:09:07.638464,0,10615,1.0,1,2.5
2025-09-04T10:09:08.139495,0,10615,1.0,1,2.3
2025-09-04T10:09:08.642631,0,10615,1.0,1,3.2
2025-09-04T10:09:09.148007,0,10615,1.0,1,2.2
2025-09-04T10:09:09.652594,0,10615,1.0,1,2.0
2025-09-04T10:09:10.158024,0,10615,1.0,1,3.2
2025-09-04T10:09:10.663373,0,10615,1.0,1,2.0
2025-09-04T10:09:11.168727,0,10615,1.0,1,3.2
2025-09-04T10:09:11.674104,0,10615,1.0,1,6.0
2025-09-04T10:09:12.178182,0,10615,1.0,1,4.9
2025-09-04T10:09:12.683578,0,10615,1.0,1,3.5
2025-09-04T10:09:13.188920,0,10615,1.0,1,5.7
2025-09-04T10:09:13.693376,0,10615,1.0,1,2.7
2025-09-04T10:09:14.194690,0,10615,1.0,1,2.5
2025-09-04T10:09:14.700085,0,10615,1.0,1,2.2
2025-09-04T10:09:15.202781,0,10615,1.0,1,3.0
2025-09-04T10:09:15.706902,0,10615,1.0,1,2.0
2025-09-04T10:09:16.210481,0,10615,1.0,1,1.7
2025-09-04T10:09:16.715856,0,10615,1.0,1,3.2
2025-09-04T10:09:17.221099,0,10615,1.0,1,2.0
2025-09-04T10:09:17.725364,0,10615,1.0,1,2.0
2025-09-04T10:09:18.226614,0,10615,1.0,1,2.5
2025-09-04T10:09:18.731755,0,10615,1.0,1,2.0
2025-09-04T10:09:19.236963,0,10615,1.0,1,3.0
2025-09-04T10:09:19.742236,0,10615,1.0,1,3.0
2025-09-04T10:09:20.242711,0,10615,1.0,1,1.8
2025-09-04T10:09:20.747823,0,10615,1.0,1,2.5
2025-09-04T10:09:21.253073,0,10615,1.0,1,2.0
2025-09-04T10:09:21.758122,0,10615,1.0,1,3.2
2025-09-04T10:09:22.259329,0,10615,1.0,1,3.5
2025-09-04T10:09:22.764264,0,10615,1.0,1,2.0
2025-09-04T10:09:23.266985,0,10615,1.0,1,10.2
2025-09-04T10:09:23.770014,0,10615,1.0,1,4.0
2025-09-04T10:09:24.274086,0,10615,1.0,1,4.0
2025-09-04T10:09:24.779331,0,10615,1.0,1,4.4
2025-09-04T10:09:25.283669,0,10615,1.0,1,3.0
2025-09-04T10:09:25.789091,0,10615,1.0,1,2.7
2025-09-04T10:09:26.294436,0,10615,1.0,1,5.2
2025-09-04T10:09:26.799242,0,10615,1.0,1,2.7
2025-09-04T10:09:27.300300,0,10615,1.0,1,2.3
2025-09-04T10:09:27.805664,0,10615,1.0,1,2.0
2025-09-04T10:09:28.307528,0,10615,1.0,1,2.5
2025-09-04T10:09:28.812899,0,10615,1.0,1,2.5
2025-09-04T10:09:29.316999,0,10615,1.0,1,2.5
2025-09-04T10:09:29.822375,0,10615,1.0,1,2.0
2025-09-04T10:09:30.327730,0,10615,1.0,1,2.0
2025-09-04T10:09:30.829474,0,10615,1.0,1,2.5
2025-09-04T10:09:31.333636,0,10615,1.0,1,2.0
2025-09-04T10:09:31.837469,0,10615,1.0,1,4.0
2025-09-04T10:09:32.342785,0,10615,1.0,1,3.0
2025-09-04T10:09:32.848065,0,10615,1.0,1,2.0
2025-09-04T10:09:33.352092,0,10615,1.0,1,2.8
2025-09-04T10:09:33.856101,0,10615,1.0,1,5.5
2025-09-04T10:09:34.361184,0,10615,1.0,1,4.5
2025-09-04T10:09:34.866631,0,10615,1.0,1,2.7
2025-09-04T10:09:35.371931,0,10615,1.0,1,16.5
2025-09-04T10:09:35.877622,0,10615,1.0,1,9.5
2025-09-04T10:09:36.383033,0,10615,1.0,1,15.9
2025-09-04T10:09:36.889465,0,10615,1.0,1,7.7
2025-09-04T10:09:37.394989,0,10615,1.0,1,26.1
2025-09-04T10:09:37.900308,0,10615,1.0,1,4.2
2025-09-04T10:09:38.401692,0,10615,1.0,1,2.0
2025-09-04T10:09:38.907090,0,10615,1.0,1,4.4
2025-09-04T10:09:39.412456,0,10615,1.0,1,12.5
2025-09-04T10:09:39.917842,0,10615,1.0,1,12.8
2025-09-04T10:09:40.428554,0,10615,1.0,1,7.2
2025-09-04T10:09:40.935430,0,10615,1.0,1,13.6
2025-09-04T10:09:41.436567,0,10615,1.0,1,12.3
2025-09-04T10:09:41.941835,0,10615,1.0,1,26.3
2025-09-04T10:09:42.446361,0,10615,1.0,1,18.2
2025-09-04T10:09:42.950285,0,10615,1.0,1,20.5
2025-09-04T10:09:43.452443,0,10615,1.0,1,23.7
2025-09-04T10:09:43.957929,0,10615,1.0,1,23.0
2025-09-04T10:09:44.459186,0,10615,1.0,1,17.4
2025-09-04T10:09:44.965449,0,10615,1.0,1,15.0
2025-09-04T10:09:45.469247,0,10615,1.0,1,9.7
2025-09-04T10:09:45.974635,0,10615,1.0,1,12.3
2025-09-04T10:09:46.476396,0,10615,1.0,1,15.9
2025-09-04T10:09:46.981728,0,10615,1.0,1,12.0
2025-09-04T10:09:47.483688,0,10615,1.0,1,13.2
2025-09-04T10:09:47.987469,0,10615,1.0,1,16.7
2025-09-04T10:09:48.492829,0,10615,1.0,1,13.0
2025-09-04T10:09:48.998188,0,10615,1.0,1,7.2
2025-09-04T10:09:49.503595,0,10615,1.0,1,16.9
2025-09-04T10:09:50.008395,0,10615,1.0,1,8.8
2025-09-04T10:09:50.508948,0,10615,1.0,1,13.6
2025-09-04T10:09:51.014340,0,10615,1.0,1,14.6
2025-09-04T10:09:51.520058,0,10615,1.0,1,15.7
2025-09-04T10:09:52.025418,0,10615,1.0,1,10.9
2025-09-04T10:09:52.530748,0,10615,1.0,1,15.3
2025-09-04T10:09:53.033809,0,10615,1.0,1,16.7
2025-09-04T10:09:53.542830,0,10615,1.0,1,16.6
2025-09-04T10:09:54.048349,0,10615,1.0,1,17.5
2025-09-04T10:09:54.551158,0,10615,1.0,1,17.1
2025-09-04T10:09:55.056581,0,10615,1.0,1,10.4
2025-09-04T10:09:55.561872,0,10615,1.0,1,23.4
2025-09-04T10:09:56.067200,0,10615,1.0,1,10.0
2025-09-04T10:09:56.569996,0,10615,1.0,1,26.2
2025-09-04T10:09:57.075180,0,10615,1.0,1,42.2
2025-09-04T10:09:57.579638,0,10615,1.0,1,45.2
2025-09-04T10:09:58.084990,0,10615,1.0,1,16.5
2025-09-04T10:09:58.589540,0,10615,1.0,1,16.0
2025-09-04T10:09:59.091097,0,10615,1.0,1,6.0
2025-09-04T10:09:59.596473,0,10615,1.0,1,24.1
2025-09-04T10:10:00.099043,0,10615,1.0,1,5.2
2025-09-04T10:10:00.603521,0,10615,1.0,1,15.6
2025-09-04T10:10:01.104705,0,10615,1.0,1,7.6
2025-09-04T10:10:01.610016,0,10615,1.0,1,9.5
2025-09-04T10:10:02.111396,0,10615,1.0,1,17.4
2025-09-04T10:10:02.616694,0,10615,1.0,1,18.4
2025-09-04T10:10:03.122086,0,10615,1.0,1,17.2
2025-09-04T10:10:03.627107,0,10615,1.0,1,21.2
2025-09-04T10:10:04.131297,0,10615,1.0,1,9.3
2025-09-04T10:10:04.633774,0,10615,1.0,1,7.7
2025-09-04T10:10:05.139063,0,10615,1.0,1,8.2
2025-09-04T10:10:05.640454,0,10615,1.0,1,5.5
2025-09-04T10:10:06.145883,0,10615,1.0,1,3.7
2025-09-04T10:10:06.651209,0,10615,1.0,1,19.1
2025-09-04T10:10:07.156543,0,10615,1.0,1,16.4
2025-09-04T10:10:07.661929,0,10615,1.0,1,17.1
2025-09-04T10:10:08.167333,0,10615,1.0,1,17.1
2025-09-04T10:10:08.669774,0,10615,1.0,1,14.7
2025-09-04T10:10:09.170310,0,10615,1.0,1,17.1
2025-09-04T10:10:09.672747,0,10615,1.0,1,3.2
2025-09-04T10:10:10.173813,0,10615,1.0,1,2.8
2025-09-04T10:10:10.679545,0,10615,1.0,1,6.1
2025-09-04T10:10:11.184993,0,10615,1.0,1,6.7
2025-09-04T10:10:11.686113,0,10615,1.0,1,12.9
2025-09-04T10:10:12.191494,0,10615,1.0,1,2.5
2025-09-04T10:10:12.693004,0,10615,1.0,1,3.7
2025-09-04T10:10:13.197809,0,10615,1.0,1,8.5
2025-09-04T10:10:13.703198,0,10615,1.0,1,5.0
2025-09-04T10:10:14.209096,0,10615,1.0,1,6.9
2025-09-04T10:10:14.713241,0,10615,1.0,1,5.5
2025-09-04T10:10:15.218627,0,10615,1.0,1,6.2
2025-09-04T10:10:15.723976,0,10615,1.0,1,3.2
2025-09-04T10:10:16.229369,0,10615,1.0,1,8.0
2025-09-04T10:10:16.732180,0,10615,1.0,1,15.1
2025-09-04T10:10:17.237596,0,10615,1.0,1,13.7
2025-09-04T10:10:17.743025,0,10615,1.0,1,14.4
2025-09-04T10:10:18.245514,0,10615,1.0,1,12.6
2025-09-04T10:10:18.750935,0,10615,1.0,1,12.8
2025-09-04T10:10:19.254761,0,10615,1.0,1,4.7
2025-09-04T10:10:19.760129,0,10615,1.0,1,20.7
2025-09-04T10:10:20.265752,0,10615,1.0,1,9.9
2025-09-04T10:10:20.771163,0,10615,1.0,1,13.0
2025-09-04T10:10:21.274473,0,10615,1.0,1,11.8
2025-09-04T10:10:21.778697,0,10615,1.0,1,13.6
2025-09-04T10:10:22.282912,0,10615,1.0,1,12.2
2025-09-04T10:10:22.788120,0,10615,1.0,1,14.0
2025-09-04T10:10:23.293187,0,10615,1.0,1,32.8
2025-09-04T10:10:23.799502,0,10615,1.0,1,18.3
2025-09-04T10:10:24.304940,0,10615,1.0,1,14.9
2025-09-04T10:10:24.808905,0,10615,1.0,1,15.7
2025-09-04T10:10:25.309245,0,10615,1.0,1,20.3
2025-09-04T10:10:25.815742,0,10615,1.0,1,13.3
2025-09-04T10:10:26.319841,0,10615,1.0,1,11.7
2025-09-04T10:10:26.825259,0,10615,1.0,1,14.4
2025-09-04T10:10:27.326899,0,10615,1.0,1,12.5
2025-09-04T10:10:27.832262,0,10615,1.0,1,5.2
2025-09-04T10:10:28.333006,0,10615,1.0,1,11.3
2025-09-04T10:10:28.838165,0,10615,1.0,1,11.4
2025-09-04T10:10:29.343551,0,10615,1.0,1,6.5
2025-09-04T10:10:29.848926,0,10615,1.0,1,13.6
2025-09-04T10:10:30.352775,0,10615,1.0,1,14.6
2025-09-04T10:10:30.858155,0,10615,1.0,1,20.6
2025-09-04T10:10:31.363369,0,10615,1.0,1,28.7
2025-09-04T10:10:31.865189,0,10615,1.0,1,17.6
2025-09-04T10:10:32.368259,0,10615,1.0,1,15.1
2025-09-04T10:10:32.871964,0,10615,1.0,1,10.7
2025-09-04T10:10:33.375053,0,10615,1.0,1,10.2
2025-09-04T10:10:33.880329,0,10615,1.0,1,50.2
2025-09-04T10:10:34.380842,0,10615,1.0,1,36.9
2025-09-04T10:10:34.884620,0,10615,1.0,1,16.3
2025-09-04T10:10:35.386899,0,10615,1.0,1,27.2
2025-09-04T10:10:35.891352,0,10615,1.0,1,12.9
2025-09-04T10:10:36.392607,0,10615,1.0,1,9.8
2025-09-04T10:10:36.896515,0,10615,1.0,1,12.0
2025-09-04T10:10:37.400718,0,10615,1.0,1,6.3
2025-09-04T10:10:37.902578,0,10615,1.0,1,21.1
2025-09-04T10:10:38.408000,0,10615,1.0,1,18.8
2025-09-04T10:10:38.910708,0,10615,1.0,1,10.8
2025-09-04T10:10:39.413141,0,10615,1.0,1,7.3
2025-09-04T10:10:39.915586,0,10615,1.0,1,12.6
2025-09-04T10:10:40.416275,0,10615,1.0,1,15.0
2025-09-04T10:10:40.921736,0,10615,1.0,1,13.7
2025-09-04T10:10:41.427326,0,10615,1.0,1,14.2
2025-09-04T10:10:41.932693,0,10615,1.0,1,15.9
2025-09-04T10:10:42.437716,0,10615,1.0,1,15.0
2025-09-04T10:10:42.943069,0,10615,1.0,1,10.7
2025-09-04T10:10:43.445454,0,10615,1.0,1,11.3
2025-09-04T10:10:43.950105,0,10615,1.0,1,8.7
2025-09-04T10:10:44.451682,0,10615,1.0,1,2.2
2025-09-04T10:10:44.957008,0,10615,1.0,1,5.7
2025-09-04T10:10:45.462397,0,10615,1.0,1,2.5
2025-09-04T10:10:45.966157,0,10615,1.0,1,4.3
2025-09-04T10:10:46.470454,0,10615,1.0,1,9.1
2025-09-04T10:10:46.974617,0,10615,1.0,1,16.4
2025-09-04T10:10:47.476621,0,10615,1.0,1,3.5
2025-09-04T10:10:47.977453,0,10615,1.0,1,3.0
2025-09-04T10:10:48.478436,0,10615,1.0,1,6.3
2025-09-04T10:10:48.983849,0,10615,1.0,1,11.7
2025-09-04T10:10:49.489556,0,10615,1.0,1,11.4
2025-09-04T10:10:49.993493,0,10615,1.0,1,12.7
2025-09-04T10:10:50.498826,0,10615,1.0,1,15.1
2025-09-04T10:10:51.000949,0,10615,1.0,1,26.4
2025-09-04T10:10:51.504747,0,10615,1.0,1,11.7
2025-09-04T10:10:52.010141,0,10615,1.0,1,7.4
2025-09-04T10:10:52.515450,0,10615,1.0,1,1.5
2025-09-04T10:10:53.017357,0,10615,1.0,1,2.5
2025-09-04T10:10:53.521213,0,10615,1.0,1,17.2
2025-09-04T10:10:54.026499,0,10615,1.0,1,4.0
2025-09-04T10:10:54.531423,0,10615,1.0,1,2.0
2025-09-04T10:10:55.036677,0,10615,1.0,1,3.0
2025-09-04T10:10:55.537989,0,10615,1.0,1,14.0
2025-09-04T10:10:56.042289,0,10615,1.0,1,7.5
2025-09-04T10:10:56.547671,0,10615,1.0,1,19.2
2025-09-04T10:10:57.049252,0,10615,1.0,1,13.1
2025-09-04T10:10:57.550773,0,10615,1.0,1,9.6
2025-09-04T10:10:58.056177,0,10615,1.0,1,11.9
2025-09-04T10:10:58.560196,0,10615,1.0,1,6.5
2025-09-04T10:10:59.065544,0,10615,1.0,1,7.1
2025-09-04T10:10:59.567443,0,10615,1.0,1,6.7
2025-09-04T10:11:00.070166,0,10615,1.0,1,7.5
2025-09-04T10:11:00.575606,0,10615,1.0,1,8.1
2025-09-04T10:11:01.081216,0,10615,1.0,1,13.2
2025-09-04T10:11:01.581787,0,10615,1.0,1,13.6
2025-09-04T10:11:02.085409,0,10615,1.0,1,16.7
2025-09-04T10:11:02.590860,0,10615,1.0,1,9.2
2025-09-04T10:11:03.096245,0,10615,1.0,1,9.0
2025-09-04T10:11:03.599654,0,10615,1.0,1,7.5
2025-09-04T10:11:04.104908,0,10615,1.0,1,1.2
2025-09-04T10:11:04.610275,0,10615,1.0,1,3.7
2025-09-04T10:11:05.113959,0,10615,1.0,1,5.4
2025-09-04T10:11:05.619343,0,10615,1.0,1,13.2
2025-09-04T10:11:06.124709,0,10615,1.0,1,17.7
2025-09-04T10:11:06.630077,0,10615,1.0,1,15.9
2025-09-04T10:11:07.134274,0,10615,1.0,1,6.5
2025-09-04T10:11:07.636404,0,10615,1.0,1,16.0
2025-09-04T10:11:08.141944,0,10615,1.0,1,14.8
2025-09-04T10:11:08.647330,0,10615,1.0,1,9.2
2025-09-04T10:11:09.149728,0,10615,1.0,1,21.6
2025-09-04T10:11:09.653289,0,10615,1.0,1,12.7
2025-09-04T10:11:10.158081,0,10615,1.0,1,11.5
2025-09-04T10:11:10.663456,0,10615,1.0,1,6.7
2025-09-04T10:11:11.167526,0,10615,1.0,1,11.4
2025-09-04T10:11:11.671762,0,10615,1.0,1,14.0
2025-09-04T10:11:12.174262,0,10615,1.0,1,6.8
2025-09-04T10:11:12.679628,0,10615,1.0,1,13.3
2025-09-04T10:11:13.184045,0,10615,1.0,1,12.7
2025-09-04T10:11:13.685697,0,10615,1.0,1,13.9
2025-09-04T10:11:14.190639,0,10615,1.0,1,16.3
2025-09-04T10:11:14.691783,0,10615,1.0,1,14.4
2025-09-04T10:11:15.197126,0,10615,1.0,1,17.5
2025-09-04T10:11:15.700960,0,10615,1.0,1,8.0
2025-09-04T10:11:16.206484,0,10615,1.0,1,12.4
2025-09-04T10:11:16.711863,0,10615,1.0,1,13.5
2025-09-04T10:11:17.216405,0,10615,1.0,1,14.8
2025-09-04T10:11:17.721806,0,10615,1.0,1,2.2
2025-09-04T10:11:18.227199,0,10615,1.0,1,4.0
2025-09-04T10:11:18.732552,0,10615,1.0,1,13.3
2025-09-04T10:11:19.234161,0,10615,1.0,1,5.3
2025-09-04T10:11:19.739534,0,10615,1.0,1,11.0
2025-09-04T10:11:20.244925,0,10615,1.0,1,19.4
2025-09-04T10:11:20.750277,0,10615,1.0,1,6.7
2025-09-04T10:11:21.255184,0,10615,1.0,1,8.8
2025-09-04T10:11:21.758683,0,10615,1.0,1,20.9
2025-09-04T10:11:22.264128,0,10615,1.0,1,8.2
2025-09-04T10:11:22.767491,0,10615,1.0,1,4.2
2025-09-04T10:11:23.272915,0,10615,1.0,1,15.7
2025-09-04T10:11:23.774125,0,10615,1.0,1,36.5
2025-09-04T10:11:24.279427,0,10615,1.0,1,11.2
2025-09-04T10:11:24.781610,0,10615,1.0,1,16.6
2025-09-04T10:11:25.285026,0,10615,1.0,1,17.4
2025-09-04T10:11:25.788677,0,10615,1.0,1,11.6
2025-09-04T10:11:26.291460,0,10615,1.0,1,17.3
2025-09-04T10:11:26.793709,0,10615,1.0,1,16.7
2025-09-04T10:11:27.297531,0,10615,1.0,1,13.7
2025-09-04T10:11:27.802797,0,10615,1.0,1,2.2
2025-09-04T10:11:28.307086,0,10615,1.0,1,1.0
2025-09-04T10:11:28.812477,0,10615,1.0,1,2.7
2025-09-04T10:11:29.316448,0,10615,1.0,1,0.7
2025-09-04T10:11:29.820829,0,10615,1.0,1,2.7
2025-09-04T10:11:30.326213,0,10615,1.0,1,1.7
2025-09-04T10:11:30.830439,0,10615,1.0,1,2.7
2025-09-04T10:11:31.331781,0,10615,1.0,1,1.0
2025-09-04T10:11:31.833180,0,10615,1.0,1,1.3
2025-09-04T10:11:32.338534,0,10615,1.0,1,0.7
2025-09-04T10:11:32.843870,0,10615,1.0,1,1.2
2025-09-04T10:11:33.349208,0,10615,1.0,1,1.2
2025-09-04T10:11:33.853936,0,10615,1.0,1,6.4
2025-09-04T10:11:34.359203,0,10615,1.0,1,0.7
2025-09-04T10:11:34.862491,0,10615,1.0,1,2.5
2025-09-04T10:11:35.363815,0,10615,1.0,1,1.0
2025-09-04T10:11:35.865330,0,10615,1.0,1,2.7
2025-09-04T10:11:36.369156,0,10615,1.0,1,6.2
2025-09-04T10:11:36.873239,0,10615,1.0,1,7.2
2025-09-04T10:11:37.377475,0,10615,1.0,1,2.2
2025-09-04T10:11:37.882838,0,10615,1.0,1,8.2
2025-09-04T10:11:38.388116,0,10615,1.0,1,1.0
2025-09-04T10:11:38.893413,0,10615,1.0,1,2.0
2025-09-04T10:11:39.397295,0,10615,1.0,1,1.2
2025-09-04T10:11:39.902597,0,10615,1.0,1,1.7
2025-09-04T10:11:40.405133,0,10615,1.0,1,1.0
2025-09-04T10:11:40.910446,0,10615,1.0,1,1.7
2025-09-04T10:11:41.415295,0,10615,1.0,1,1.2
2025-09-04T10:11:41.918814,0,10615,1.0,1,3.0
2025-09-04T10:11:42.421842,0,10615,1.0,1,1.5
2025-09-04T10:11:42.927237,0,10615,1.0,1,4.2
2025-09-04T10:11:43.428095,0,10615,1.0,1,2.5
2025-09-04T10:11:43.933450,0,10615,1.0,1,3.0
2025-09-04T10:11:44.438779,0,10615,1.0,1,1.5
2025-09-04T10:11:44.944109,0,10615,1.0,1,3.5
2025-09-04T10:11:45.449423,0,10615,1.0,1,1.0
2025-09-04T10:11:45.954777,0,10615,1.0,1,1.5
2025-09-04T10:11:46.460082,0,10615,1.0,1,1.2
2025-09-04T10:11:46.963503,0,10615,1.0,1,1.7
2025-09-04T10:11:47.468780,0,10615,1.0,1,0.7
2025-09-04T10:11:47.974045,0,10615,1.0,1,1.5
2025-09-04T10:11:48.479156,0,10615,1.0,1,0.7
2025-09-04T10:11:48.983119,0,10615,1.0,1,2.0
2025-09-04T10:11:49.486603,0,10615,1.0,1,1.0
2025-09-04T10:11:49.991936,0,10615,1.0,1,2.2
2025-09-04T10:11:50.497250,0,10615,1.0,1,1.0
2025-09-04T10:11:51.002563,0,10615,1.0,1,2.2
2025-09-04T10:11:51.507883,0,10615,1.0,1,1.5
2025-09-04T10:11:52.013217,0,10615,1.0,1,2.2
2025-09-04T10:11:52.518521,0,10615,1.0,1,0.5
2025-09-04T10:11:53.023876,0,10615,1.0,1,1.5
2025-09-04T10:11:53.529210,0,10615,1.0,1,1.5
2025-09-04T10:11:54.034298,0,10615,1.0,1,6.2
2025-09-04T10:11:54.534944,0,10615,1.0,1,2.0
2025-09-04T10:11:55.040317,0,10615,1.0,1,3.0
2025-09-04T10:11:55.545691,0,10615,1.0,1,2.0
2025-09-04T10:11:56.051075,0,10615,1.0,1,2.2
2025-09-04T10:11:56.556418,0,10615,1.0,1,1.0
2025-09-04T10:11:57.061744,0,10615,1.0,1,1.5
2025-09-04T10:11:57.567091,0,10615,1.0,1,0.7
2025-09-04T10:11:58.072419,0,10615,1.0,1,0.5
2025-09-04T10:11:58.577766,0,10615,1.0,1,1.2
2025-09-04T10:11:59.083107,0,10615,1.0,1,2.0
2025-09-04T10:11:59.588438,0,10615,1.0,1,0.7
2025-09-04T10:12:00.093785,0,10615,1.0,1,2.5
2025-09-04T10:12:00.599187,0,10615,1.0,1,1.0
2025-09-04T10:12:01.100959,0,10615,1.0,1,1.3
2025-09-04T10:12:01.606325,0,10615,1.0,1,1.7
2025-09-04T10:12:02.110807,0,10615,1.0,1,2.2
2025-09-04T10:12:02.612750,0,10615,1.0,1,6.2
2025-09-04T10:12:03.118116,0,10615,1.0,1,0.7
2025-09-04T10:12:03.621942,0,10615,1.0,1,3.2
2025-09-04T10:12:04.126726,0,10615,1.0,1,1.5
2025-09-04T10:12:04.632117,0,10615,1.0,1,1.0
2025-09-04T10:12:05.134768,0,10615,1.0,1,1.5
2025-09-04T10:12:05.638416,0,10615,1.0,1,1.5
2025-09-04T10:12:06.143016,0,10615,1.0,1,0.5
2025-09-04T10:12:06.646083,0,10615,1.0,1,2.2
2025-09-04T10:12:07.150750,0,10615,1.0,1,1.5
2025-09-04T10:12:07.656110,0,10615,1.0,1,1.0
2025-09-04T10:12:08.161481,0,10615,1.0,1,0.7
2025-09-04T10:12:08.666833,0,10615,1.0,1,1.5
2025-09-04T10:12:09.172166,0,10615,1.0,1,0.7
2025-09-04T10:12:09.677507,0,10615,1.0,1,1.0
2025-09-04T10:12:10.180177,0,10615,1.0,1,1.0
2025-09-04T10:12:10.685509,0,10615,1.0,1,1.0
2025-09-04T10:12:11.186040,0,10615,1.0,1,5.2
2025-09-04T10:12:11.691414,0,10615,1.0,1,3.2
2025-09-04T10:12:12.191876,0,10615,1.0,1,1.8
2025-09-04T10:12:12.697215,0,10615,1.0,1,1.2
2025-09-04T10:12:13.202610,0,10615,1.0,1,4.2
2025-09-04T10:12:13.705535,0,10615,1.0,1,2.0
2025-09-04T10:12:14.210881,0,10615,1.0,1,0.5
2025-09-04T10:12:14.716254,0,10615,1.0,1,1.5
2025-09-04T10:12:15.217430,0,10615,1.0,1,1.0
2025-09-04T10:12:15.722767,0,10615,1.0,1,1.0
2025-09-04T10:12:16.228106,0,10615,1.0,1,0.7
2025-09-04T10:12:16.729497,0,10615,1.0,1,1.2
2025-09-04T10:12:17.234831,0,10615,1.0,1,1.0
2025-09-04T10:12:17.737541,0,10615,1.0,1,1.2
2025-09-04T10:12:18.238868,0,10615,1.0,1,0.5
2025-09-04T10:12:18.740211,0,10615,1.0,1,1.3
2025-09-04T10:12:19.242750,0,10615,1.0,1,0.7
2025-09-04T10:12:19.748107,0,10615,1.0,1,1.7
2025-09-04T10:12:20.253445,0,10615,1.0,1,0.0
2025-09-04T10:12:20.758794,0,10615,1.0,1,2.0
2025-09-04T10:12:21.264129,0,10615,1.0,1,0.7
2025-09-04T10:12:21.769460,0,10615,1.0,1,0.7
2025-09-04T10:12:22.274789,0,10615,1.0,1,1.5
2025-09-04T10:12:22.780124,0,10615,1.0,1,1.2
2025-09-04T10:12:23.285454,0,10615,1.0,1,0.5
2025-09-04T10:12:23.787853,0,10615,1.0,1,0.0
2025-09-04T10:12:24.292250,0,10615,1.0,1,3.2
2025-09-04T10:12:24.793567,0,10615,1.0,1,2.0
2025-09-04T10:12:25.298890,0,10615,1.0,1,3.4
2025-09-04T10:12:25.804252,0,10615,1.0,1,1.5
2025-09-04T10:12:26.309605,0,10615,1.0,1,0.7
2025-09-04T10:12:26.814956,0,10615,1.0,1,1.5
2025-09-04T10:12:27.317664,0,10615,1.0,1,1.0
2025-09-04T10:12:27.822915,0,10615,1.0,1,1.5
2025-09-04T10:12:28.325910,0,10615,1.0,1,0.7
2025-09-04T10:12:28.831251,0,10615,1.0,1,0.7
2025-09-04T10:12:29.336582,0,10615,1.0,1,1.0
2025-09-04T10:12:29.838935,0,10615,1.0,1,1.2
2025-09-04T10:12:30.344260,0,10615,1.0,1,0.5
2025-09-04T10:12:30.849638,0,10615,1.0,1,1.2
2025-09-04T10:12:31.353621,0,10615,1.0,1,1.0
2025-09-04T10:12:31.855666,0,10615,1.0,1,1.5
2025-09-04T10:12:32.361003,0,10615,1.0,1,1.5
2025-09-04T10:12:32.866281,0,10615,1.0,1,1.0
2025-09-04T10:12:33.371613,0,10615,1.0,1,0.7
2025-09-04T10:12:33.876362,0,10615,1.0,1,4.2
2025-09-04T10:12:34.378338,0,10615,1.0,1,1.7
2025-09-04T10:12:34.880164,0,10615,1.0,1,2.5
2025-09-04T10:12:35.383709,0,10615,1.0,1,3.0
2025-09-04T10:12:35.889069,0,10615,1.0,1,1.5
2025-09-04T10:12:36.393647,0,10615,1.0,1,1.0
2025-09-04T10:12:36.895972,0,10615,1.0,1,1.2
2025-09-04T10:12:37.399757,0,10615,1.0,1,0.7
2025-09-04T10:12:37.905105,0,10615,1.0,1,1.2
2025-09-04T10:12:38.410448,0,10615,1.0,1,0.5
2025-09-04T10:12:38.911019,0,10615,1.0,1,1.2
2025-09-04T10:12:39.412341,0,10615,1.0,1,1.0
2025-09-04T10:12:39.914387,0,10615,1.0,1,0.5
2025-09-04T10:12:40.419736,0,10615,1.0,1,0.7
2025-09-04T10:12:40.924718,0,10615,1.0,1,1.2
2025-09-04T10:12:41.430056,0,10615,1.0,1,1.0
2025-09-04T10:12:41.935413,0,10615,1.0,1,1.7
2025-09-04T10:12:42.440756,0,10615,1.0,1,0.7
2025-09-04T10:12:42.941844,0,10615,1.0,1,4.5
2025-09-04T10:12:43.447282,0,10615,1.0,1,1.5
2025-09-04T10:12:43.952618,0,10615,1.0,1,1.5
2025-09-04T10:12:44.457695,0,10615,1.0,1,1.2
2025-09-04T10:12:44.959013,0,10615,1.0,1,3.7
2025-09-04T10:12:45.460440,0,10615,1.0,1,1.0
2025-09-04T10:12:45.965776,0,10615,1.0,1,0.5
2025-09-04T10:12:46.471099,0,10615,1.0,1,1.0
2025-09-04T10:12:46.976343,0,10615,1.0,1,22.5
2025-09-04T10:12:47.480843,0,10615,1.0,1,38.9
2025-09-04T10:12:48.005751,0,10615,1.0,1,67.5
2025-09-04T10:12:48.510971,0,10615,1.0,1,85.1
2025-09-04T10:12:49.012537,0,10615,1.0,1,63.5
2025-09-04T10:12:49.513887,0,10615,1.0,1,44.3
2025-09-04T10:12:50.015141,0,10615,1.0,1,15.6
2025-09-04T10:12:50.520529,0,10615,1.0,1,10.3
2025-09-04T10:12:51.025902,0,10615,1.0,1,11.5
2025-09-04T10:12:51.529789,0,10615,1.0,1,12.4
2025-09-04T10:12:52.035134,0,10615,1.0,1,16.7
2025-09-04T10:12:52.537113,0,10615,1.0,1,9.2
2025-09-04T10:12:53.042759,0,10615,1.0,1,10.9
2025-09-04T10:12:53.548151,0,10615,1.0,1,11.2
2025-09-04T10:12:54.048518,0,10615,1.0,1,22.2
2025-09-04T10:12:54.553846,0,10615,1.0,1,13.2
2025-09-04T10:12:55.059189,0,10615,1.0,1,10.0
2025-09-04T10:12:55.564523,0,10615,1.0,1,10.9
2025-09-04T10:12:56.068497,0,10615,1.0,1,10.0
2025-09-04T10:12:56.573852,0,10615,1.0,1,1.0
2025-09-04T10:12:57.078583,0,10615,1.0,1,1.5
2025-09-04T10:12:57.583953,0,10615,1.0,1,1.5
2025-09-04T10:12:58.084554,0,10615,1.0,1,2.0
2025-09-04T10:12:58.589895,0,10615,1.0,1,1.2
2025-09-04T10:12:59.095224,0,10615,1.0,1,5.7
2025-09-04T10:12:59.600552,0,10615,1.0,1,1.0
2025-09-04T10:13:00.105879,0,10615,1.0,1,4.2
2025-09-04T10:13:00.611222,0,10615,1.0,1,1.0
2025-09-04T10:13:01.116706,0,10615,1.0,1,7.1
2025-09-04T10:13:01.621241,0,10615,1.0,1,0.7
2025-09-04T10:13:02.122245,0,10615,1.0,1,2.2
2025-09-04T10:13:02.627629,0,10615,1.0,1,1.7
2025-09-04T10:13:03.129915,0,10615,1.0,1,1.7
2025-09-04T10:13:03.632655,0,10615,1.0,1,3.5
2025-09-04T10:13:04.137991,0,10615,1.0,1,2.7
2025-09-04T10:13:04.639329,0,10615,1.0,1,4.5
2025-09-04T10:13:05.140804,0,10615,1.0,1,3.0
2025-09-04T10:13:05.642889,0,10615,1.0,1,1.2
2025-09-04T10:13:06.145585,0,10615,1.0,1,1.2
2025-09-04T10:13:06.649947,0,10615,1.0,1,1.0
2025-09-04T10:13:07.155289,0,10615,1.0,1,1.5
2025-09-04T10:13:07.660619,0,10615,1.0,1,1.0
2025-09-04T10:13:08.164609,0,10615,1.0,1,0.7
2025-09-04T10:13:08.667038,0,10615,1.0,1,1.5
2025-09-04T10:13:09.172379,0,10615,1.0,1,0.2
2025-09-04T10:13:09.673932,0,10615,1.0,1,2.5
2025-09-04T10:13:10.175279,0,10615,1.0,1,1.0
2025-09-04T10:13:10.676614,0,10615,1.0,1,2.2
2025-09-04T10:13:11.180163,0,10615,1.0,1,1.2
2025-09-04T10:13:11.682879,0,10615,1.0,1,1.0
2025-09-04T10:13:12.185698,0,10615,1.0,1,2.2
2025-09-04T10:13:12.691094,0,10615,1.0,1,1.7
2025-09-04T10:13:13.196445,0,10615,1.0,1,5.9
2025-09-04T10:13:13.700646,0,10615,1.0,1,1.2
2025-09-04T10:13:14.205982,0,10615,1.0,1,0.7
2025-09-04T10:13:14.711318,0,10615,1.0,1,1.2
2025-09-04T10:13:15.216653,0,10615,1.0,1,1.7
2025-09-04T10:13:15.722009,0,10615,1.0,1,1.0
2025-09-04T10:13:16.223335,0,10615,1.0,1,1.2
2025-09-04T10:13:16.726994,0,10615,1.0,1,1.0
2025-09-04T10:13:17.232339,0,10615,1.0,1,1.2
2025-09-04T10:13:17.737692,0,10615,1.0,1,1.2
2025-09-04T10:13:18.239634,0,10615,1.0,1,1.2
2025-09-04T10:13:18.744974,0,10615,1.0,1,1.5
2025-09-04T10:13:19.249891,0,10615,1.0,1,0.7
2025-09-04T10:13:19.753873,0,10615,1.0,1,1.5
2025-09-04T10:13:20.256245,0,10615,1.0,1,0.7
2025-09-04T10:13:20.756678,0,10615,1.0,1,0.8
2025-09-04T10:13:21.258046,0,10615,1.0,1,0.7
2025-09-04T10:13:21.763367,0,10615,1.0,1,1.2
2025-09-04T10:13:22.266477,0,10615,1.0,1,1.7
2025-09-04T10:13:22.771882,0,10615,1.0,1,1.0
2025-09-04T10:13:23.277260,0,10615,1.0,1,1.0
2025-09-04T10:13:23.781751,0,10615,1.0,1,2.5
2025-09-04T10:13:24.287120,0,10615,1.0,1,10.1
2025-09-04T10:13:24.788745,0,10615,1.0,1,2.3
2025-09-04T10:13:25.289348,0,10615,1.0,1,3.5
2025-09-04T10:13:25.794126,0,10615,1.0,1,1.7
2025-09-04T10:13:26.299494,0,10615,1.0,1,2.0
2025-09-04T10:13:26.804851,0,10615,1.0,1,1.2
2025-09-04T10:13:27.310172,0,10615,1.0,1,1.5
2025-09-04T10:13:27.815554,0,10615,1.0,1,1.2
2025-09-04T10:13:28.320891,0,10615,1.0,1,0.5
2025-09-04T10:13:28.821803,0,10615,1.0,1,0.8
2025-09-04T10:13:29.327115,0,10615,1.0,1,0.7
2025-09-04T10:13:29.832409,0,10615,1.0,1,1.2
2025-09-04T10:13:30.337696,0,10615,1.0,1,0.5
2025-09-04T10:13:30.843020,0,10615,1.0,1,2.0
2025-09-04T10:13:31.348294,0,10615,1.0,1,1.2
2025-09-04T10:13:31.853597,0,10615,1.0,1,1.0
2025-09-04T10:13:32.358901,0,10615,1.0,1,1.2
2025-09-04T10:13:32.859554,0,10615,1.0,1,1.0
2025-09-04T10:13:33.364793,0,10615,1.0,1,1.7
2025-09-04T10:13:33.866149,0,10615,1.0,1,4.8
2025-09-04T10:13:34.367583,0,10615,1.0,1,1.2
2025-09-04T10:13:34.872960,0,10615,1.0,1,2.7
2025-09-04T10:13:35.378336,0,10615,1.0,1,6.0
2025-09-04T10:13:35.883695,0,10615,1.0,1,1.7
2025-09-04T10:13:36.388843,0,10615,1.0,1,1.2
2025-09-04T10:13:36.890196,0,10615,1.0,1,1.7
2025-09-04T10:13:37.393771,0,10615,1.0,1,1.2
2025-09-04T10:13:37.899134,0,10615,1.0,1,1.0
2025-09-04T10:13:38.399496,0,10615,1.0,1,1.2
2025-09-04T10:13:38.904826,0,10615,1.0,1,1.2
2025-09-04T10:13:39.407467,0,10615,1.0,1,0.7
2025-09-04T10:13:39.912831,0,10615,1.0,1,2.0
2025-09-04T10:13:40.418147,0,10615,1.0,1,0.7
2025-09-04T10:13:40.923498,0,10615,1.0,1,1.2
2025-09-04T10:13:41.428860,0,10615,1.0,1,1.2
2025-09-04T10:13:41.934148,0,10615,1.0,1,3.7
2025-09-04T10:13:42.439423,0,10615,1.0,1,3.5
2025-09-04T10:13:42.940620,0,10615,1.0,1,5.8
2025-09-04T10:13:43.445766,0,10615,1.0,1,7.4
2025-09-04T10:13:43.949011,0,10615,1.0,1,3.8
2025-09-04T10:13:44.454266,0,10615,1.0,1,2.5
2025-09-04T10:13:44.959595,0,10615,1.0,1,3.7
2025-09-04T10:13:45.460890,0,10615,1.0,1,0.8
2025-09-04T10:13:45.966225,0,10615,1.0,1,1.2
2025-09-04T10:13:46.471613,0,10615,1.0,1,1.0
2025-09-04T10:13:46.975579,0,10615,1.0,1,1.2
2025-09-04T10:13:47.480924,0,10615,1.0,1,1.2
2025-09-04T10:13:47.983824,0,10615,1.0,1,9.5
2025-09-04T10:13:48.489287,0,10615,1.0,1,1.2
2025-09-04T10:13:48.994672,0,10615,1.0,1,6.9
2025-09-04T10:13:49.498262,0,10615,1.0,1,1.0
2025-09-04T10:13:50.003618,0,10615,1.0,1,1.5
2025-09-04T10:13:50.506305,0,10615,1.0,1,1.2
2025-09-04T10:13:51.011701,0,10615,1.0,1,2.2
2025-09-04T10:13:51.514275,0,10615,1.0,1,0.5
2025-09-04T10:13:52.019627,0,10615,1.0,1,4.4
2025-09-04T10:13:52.522303,0,10615,1.0,1,2.0
2025-09-04T10:13:53.027597,0,10615,1.0,1,10.4
2025-09-04T10:13:53.532866,0,10615,1.0,1,0.7
2025-09-04T10:13:54.036918,0,10615,1.0,1,1.3
2025-09-04T10:13:54.542297,0,10615,1.0,1,8.9
2025-09-04T10:13:55.044990,0,10615,1.0,1,2.2
2025-09-04T10:13:55.550277,0,10615,1.0,1,4.2
2025-09-04T10:13:56.053225,0,10615,1.0,1,2.0
2025-09-04T10:13:56.558631,0,10615,1.0,1,1.2
2025-09-04T10:13:57.060078,0,10615,1.0,1,2.0
2025-09-04T10:13:57.565464,0,10615,1.0,1,1.7
2025-09-04T10:13:58.067948,0,10615,1.0,1,1.0
2025-09-04T10:13:58.573297,0,10615,1.0,1,1.5
2025-09-04T10:13:59.078663,0,10615,1.0,1,1.0
2025-09-04T10:13:59.584009,0,10615,1.0,1,1.5
2025-09-04T10:14:00.089152,0,10615,1.0,1,6.7
2025-09-04T10:14:00.594730,0,10615,1.0,1,1.0
2025-09-04T10:14:01.100154,0,10615,1.0,1,1.0
2025-09-04T10:14:01.605225,0,10615,1.0,1,1.7
2025-09-04T10:14:02.110619,0,10615,1.0,1,1.7
2025-09-04T10:14:02.612815,0,10615,1.0,1,1.0
2025-09-04T10:14:03.118143,0,10615,1.0,1,1.0
2025-09-04T10:14:03.623501,0,10615,1.0,1,3.2
2025-09-04T10:14:04.128849,0,10615,1.0,1,1.7
2025-09-04T10:14:04.634184,0,10615,1.0,1,1.5
2025-09-04T10:14:05.139548,0,10615,1.0,1,2.0
2025-09-04T10:14:05.644940,0,10615,1.0,1,1.0
2025-09-04T10:14:06.149069,0,10615,1.0,1,0.7
2025-09-04T10:14:06.651763,0,10615,1.0,1,1.0
2025-09-04T10:14:07.157099,0,10615,1.0,1,1.2
2025-09-04T10:14:07.662483,0,10615,1.0,1,1.2
2025-09-04T10:14:08.167821,0,10615,1.0,1,0.5
2025-09-04T10:14:08.673144,0,10615,1.0,1,1.0
2025-09-04T10:14:09.178278,0,10615,1.0,1,0.7
2025-09-04T10:14:09.683602,0,10615,1.0,1,1.0
2025-09-04T10:14:10.188934,0,10615,1.0,1,1.2
2025-09-04T10:14:10.693840,0,10615,1.0,1,1.0
2025-09-04T10:14:11.199208,0,10615,1.0,1,1.5
2025-09-04T10:14:11.701148,0,10615,1.0,1,0.7
2025-09-04T10:14:12.202457,0,10615,1.0,1,2.0
2025-09-04T10:14:12.707801,0,10615,1.0,1,1.0
2025-09-04T10:14:13.213187,0,10615,1.0,1,3.7
2025-09-04T10:14:13.717145,0,10615,1.0,1,1.5
2025-09-04T10:14:14.218484,0,10615,1.0,1,2.5
2025-09-04T10:14:14.722016,0,10615,1.0,1,0.8
2025-09-04T10:14:15.226715,0,10615,1.0,1,1.2
2025-09-04T10:14:15.732108,0,10615,1.0,1,1.0
2025-09-04T10:14:16.234503,0,10615,1.0,1,1.0
2025-09-04T10:14:16.735931,0,10615,1.0,1,1.5
2025-09-04T10:14:17.241219,0,10615,1.0,1,2.2
2025-09-04T10:14:17.743827,0,10615,1.0,1,1.2
2025-09-04T10:14:18.246374,0,10615,1.0,1,0.5
2025-09-04T10:14:18.751734,0,10615,1.0,1,1.5
2025-09-04T10:14:19.253196,0,10615,1.0,1,1.0
2025-09-04T10:14:19.758537,0,10615,1.0,1,1.5
2025-09-04T10:14:20.263913,0,10615,1.0,1,0.5
2025-09-04T10:14:20.767837,0,10615,1.0,1,1.2
2025-09-04T10:14:21.273210,0,10615,1.0,1,0.7
2025-09-04T10:14:21.775848,0,10615,1.0,1,0.5
2025-09-04T10:14:22.277205,0,10615,1.0,1,1.2
2025-09-04T10:14:22.778531,0,10615,1.0,1,0.8
2025-09-04T10:14:23.283898,0,10615,1.0,1,0.7
2025-09-04T10:14:23.789245,0,10615,1.0,1,1.5
2025-09-04T10:14:24.292641,0,10615,1.0,1,29.6
2025-09-04T10:14:24.797999,0,10615,1.0,1,4.2
2025-09-04T10:14:25.303320,0,10615,1.0,1,2.0
2025-09-04T10:14:25.808578,0,10615,1.0,1,3.7
2025-09-04T10:14:26.313947,0,10615,1.0,1,1.0
2025-09-04T10:14:26.815928,0,10615,1.0,1,1.5
2025-09-04T10:14:27.321250,0,10615,1.0,1,1.2
2025-09-04T10:14:27.823887,0,10615,1.0,1,1.0
2025-09-04T10:14:28.325249,0,10615,1.0,1,0.5
2025-09-04T10:14:28.828043,0,10615,1.0,1,1.5
2025-09-04T10:14:29.333371,0,10615,1.0,1,0.5
2025-09-04T10:14:29.834593,0,10615,1.0,1,1.2
2025-09-04T10:14:30.339931,0,10615,1.0,1,0.2
2025-09-04T10:14:30.842601,0,10615,1.0,1,1.2
2025-09-04T10:14:31.347949,0,10615,1.0,1,1.2
2025-09-04T10:14:31.850642,0,10615,1.0,1,1.7
2025-09-04T10:14:32.351941,0,10615,1.0,1,1.0
2025-09-04T10:14:32.857296,0,10615,1.0,1,1.2
2025-09-04T10:14:33.362650,0,10615,1.0,1,1.2
2025-09-04T10:14:33.868030,0,10615,1.0,1,20.3
2025-09-04T10:14:34.373832,0,10615,1.0,1,2.0
2025-09-04T10:14:34.874674,0,10615,1.0,1,1.5
2025-09-04T10:14:35.380036,0,10615,1.0,1,1.0
2025-09-04T10:14:35.880648,0,10615,1.0,1,2.0
2025-09-04T10:14:36.386042,0,10615,1.0,1,1.5
2025-09-04T10:14:36.891038,0,10615,1.0,1,1.2
2025-09-04T10:14:37.396443,0,10615,1.0,1,1.2
2025-09-04T10:14:37.898449,0,10615,1.0,1,1.2
2025-09-04T10:14:38.399994,0,10615,1.0,1,1.0
2025-09-04T10:14:38.901379,0,10615,1.0,1,1.3
2025-09-04T10:14:39.402658,0,10615,1.0,1,0.7
2025-09-04T10:14:39.908022,0,10615,1.0,1,1.0
2025-09-04T10:14:40.413353,0,10615,1.0,1,0.5
2025-09-04T10:14:40.916858,0,10615,1.0,1,1.0
2025-09-04T10:14:41.422186,0,10615,1.0,1,1.5
2025-09-04T10:14:41.927512,0,10615,1.0,1,1.0
2025-09-04T10:14:42.432846,0,10615,1.0,1,1.5
2025-09-04T10:14:42.938232,0,10615,1.0,1,4.2
2025-09-04T10:14:43.442349,0,10615,1.0,1,6.5
2025-09-04T10:14:43.946739,0,10615,1.0,1,2.7
2025-09-04T10:14:44.451584,0,10615,1.0,1,1.2
2025-09-04T10:14:44.956925,0,10615,1.0,1,3.2
2025-09-04T10:14:45.461396,0,10615,1.0,1,1.0
2025-09-04T10:14:45.962653,0,10615,1.0,1,1.0
2025-09-04T10:14:46.468025,0,10615,1.0,1,0.7
2025-09-04T10:14:46.970754,0,10615,1.0,1,1.0
2025-09-04T10:14:47.472079,0,10615,1.0,1,1.2
2025-09-04T10:14:47.977432,0,10615,1.0,1,1.5
2025-09-04T10:14:48.482741,0,10615,1.0,1,1.0
2025-09-04T10:14:48.988075,0,10615,1.0,1,1.5
2025-09-04T10:14:49.493411,0,10615,1.0,1,2.2
2025-09-04T10:14:49.998774,0,10615,1.0,1,1.2
2025-09-04T10:14:50.502119,0,10615,1.0,1,1.0
2025-09-04T10:14:51.007492,0,10615,1.0,1,1.2
2025-09-04T10:14:51.508983,0,10615,1.0,1,0.5
2025-09-04T10:14:52.010866,0,10615,1.0,1,1.0
2025-09-04T10:14:52.513194,0,10615,1.0,1,1.5
2025-09-04T10:14:53.018538,0,10615,1.0,1,1.0
2025-09-04T10:14:53.520123,0,10615,1.0,1,0.8
2025-09-04T10:14:54.021455,0,10615,1.0,1,1.0
2025-09-04T10:14:54.525657,0,10615,1.0,1,17.2
2025-09-04T10:14:55.031274,0,10615,1.0,1,3.0
2025-09-04T10:14:55.536602,0,10615,1.0,1,1.5
2025-09-04T10:14:56.041969,0,10615,1.0,1,3.4
2025-09-04T10:14:56.547314,0,10615,1.0,1,1.2
2025-09-04T10:14:57.052704,0,10615,1.0,1,1.2
2025-09-04T10:14:57.558048,0,10615,1.0,1,1.2
2025-09-04T10:14:58.063399,0,10615,1.0,1,1.0
2025-09-04T10:14:58.566836,0,10615,1.0,1,1.5
2025-09-04T10:14:59.072178,0,10615,1.0,1,1.0
2025-09-04T10:14:59.572541,0,10615,1.0,1,1.0
2025-09-04T10:15:00.077833,0,10615,1.0,1,3.7
2025-09-04T10:15:00.583146,0,10615,1.0,1,2.2
2025-09-04T10:15:01.088989,0,10615,1.0,1,1.0
2025-09-04T10:15:01.593842,0,10615,1.0,1,1.5
2025-09-04T10:15:02.096263,0,10615,1.0,1,3.5
2025-09-04T10:15:02.601629,0,10615,1.0,1,1.7
2025-09-04T10:15:03.107034,0,10615,1.0,1,1.2
2025-09-04T10:15:03.612360,0,10615,1.0,1,3.2
2025-09-04T10:15:04.117553,0,10615,1.0,1,2.0
2025-09-04T10:15:04.620383,0,10615,1.0,1,1.5
2025-09-04T10:15:05.125742,0,10615,1.0,1,1.7
2025-09-04T10:15:05.629845,0,10615,1.0,1,0.5
2025-09-04T10:15:06.135189,0,10615,1.0,1,1.5
2025-09-04T10:15:06.639345,0,10615,1.0,1,0.7
2025-09-04T10:15:07.141790,0,10615,1.0,1,1.5
2025-09-04T10:15:07.647101,0,10615,1.0,1,1.2
2025-09-04T10:15:08.149580,0,10615,1.0,1,0.7
2025-09-04T10:15:08.650906,0,10615,1.0,1,1.5
2025-09-04T10:15:09.152285,0,10615,1.0,1,0.3
2025-09-04T10:15:09.657604,0,10615,1.0,1,1.2
2025-09-04T10:15:10.162942,0,10615,1.0,1,1.5
2025-09-04T10:15:10.668275,0,10615,1.0,1,0.7
2025-09-04T10:15:11.173612,0,10615,1.0,1,0.7
2025-09-04T10:15:11.678987,0,10615,1.0,1,0.7
2025-09-04T10:15:12.181127,0,10615,1.0,1,1.5
2025-09-04T10:15:12.682952,0,10615,1.0,1,2.2
2025-09-04T10:15:13.184339,0,10615,1.0,1,3.7
2025-09-04T10:15:13.689706,0,10615,1.0,1,1.5
2025-09-04T10:15:14.195041,0,10615,1.0,1,1.2
2025-09-04T10:15:14.700343,0,10615,1.0,1,0.7
2025-09-04T10:15:15.205666,0,10615,1.0,1,1.2
2025-09-04T10:15:15.711047,0,10615,1.0,1,0.7
2025-09-04T10:15:16.213636,0,10615,1.0,1,0.7
2025-09-04T10:15:16.714999,0,10615,1.0,1,1.0
2025-09-04T10:15:17.220362,0,10615,1.0,1,1.0
2025-09-04T10:15:17.722996,0,10615,1.0,1,1.0
2025-09-04T10:15:18.225807,0,10615,1.0,1,1.5
2025-09-04T10:15:18.731014,0,10615,1.0,1,1.5
2025-09-04T10:15:19.236372,0,10615,1.0,1,1.5
2025-09-04T10:15:19.739003,0,10615,1.0,1,1.0
2025-09-04T10:15:20.244340,0,10615,1.0,1,1.0
2025-09-04T10:15:20.747011,0,10615,1.0,1,1.5
2025-09-04T10:15:21.252390,0,10615,1.0,1,0.5
2025-09-04T10:15:21.755011,0,10615,1.0,1,1.0
2025-09-04T10:15:22.260335,0,10615,1.0,1,1.0
2025-09-04T10:15:22.765681,0,10615,1.0,1,1.5
2025-09-04T10:15:23.269709,0,10615,1.0,1,1.2
2025-09-04T10:15:23.771043,0,10615,1.0,1,1.0
2025-09-04T10:15:24.272367,0,10615,1.0,1,0.7
2025-09-04T10:15:24.773728,0,10615,1.0,1,7.3
2025-09-04T10:15:25.278994,0,10615,1.0,1,1.2
2025-09-04T10:15:25.781713,0,10615,1.0,1,4.2
2025-09-04T10:15:26.283811,0,10615,1.0,1,1.7
2025-09-04T10:15:26.785899,0,10615,1.0,1,1.0
2025-09-04T10:15:27.291066,0,10615,1.0,1,1.5
2025-09-04T10:15:27.791902,0,10615,1.0,1,0.8
2025-09-04T10:15:28.293730,0,10615,1.0,1,1.0
2025-09-04T10:15:28.799072,0,10615,1.0,1,1.0
2025-09-04T10:15:29.304394,0,10615,1.0,1,1.0
2025-09-04T10:15:29.807920,0,10615,1.0,1,1.5
2025-09-04T10:15:30.309754,0,10615,1.0,1,1.0
2025-09-04T10:15:30.815125,0,10615,1.0,1,0.7
2025-09-04T10:15:31.317798,0,10615,1.0,1,0.7
2025-09-04T10:15:31.822892,0,10615,1.0,1,1.0
2025-09-04T10:15:32.325775,0,10615,1.0,1,1.2
2025-09-04T10:15:32.827082,0,10615,1.0,1,1.2
2025-09-04T10:15:33.332432,0,10615,1.0,1,1.2
2025-09-04T10:15:33.837804,0,10615,1.0,1,4.5
2025-09-04T10:15:34.341852,0,10615,1.0,1,1.5
2025-09-04T10:15:34.847186,0,10615,1.0,1,1.0
2025-09-04T10:15:35.352520,0,10615,1.0,1,1.0
2025-09-04T10:15:35.857871,0,10615,1.0,1,1.2
2025-09-04T10:15:36.359084,0,10615,1.0,1,0.7
2025-09-04T10:15:36.864448,0,10615,1.0,1,1.7
2025-09-04T10:15:37.366065,0,10615,1.0,1,0.5
2025-09-04T10:15:37.871432,0,10615,1.0,1,1.2
2025-09-04T10:15:38.371881,0,10615,1.0,1,1.0
2025-09-04T10:15:38.877268,0,10615,1.0,1,2.0
2025-09-04T10:15:39.382610,0,10615,1.0,1,1.5
2025-09-04T10:15:39.887961,0,10615,1.0,1,1.2
2025-09-04T10:15:40.393304,0,10615,1.0,1,1.5
2025-09-04T10:15:40.896532,0,10615,1.0,1,1.3
2025-09-04T10:15:41.401887,0,10615,1.0,1,1.2
2025-09-04T10:15:41.907231,0,10615,1.0,1,2.0
2025-09-04T10:15:42.412593,0,10615,1.0,1,1.7
2025-09-04T10:15:42.917989,0,10615,1.0,1,4.2
2025-09-04T10:15:43.423375,0,10615,1.0,1,2.0
2025-09-04T10:15:43.924590,0,10615,1.0,1,2.0
2025-09-04T10:15:44.427157,0,10615,1.0,1,0.5
2025-09-04T10:15:44.928542,0,10615,1.0,1,3.2
2025-09-04T10:15:45.429923,0,10615,1.0,1,1.0
2025-09-04T10:15:45.935245,0,10615,1.0,1,1.0
2025-09-04T10:15:46.440565,0,10615,1.0,1,0.7
2025-09-04T10:15:46.942022,0,10615,1.0,1,1.3
2025-09-04T10:15:47.445972,0,10615,1.0,1,1.5
2025-09-04T10:15:47.949176,0,10615,1.0,1,3.2
2025-09-04T10:15:48.454540,0,10615,1.0,1,1.2
2025-09-04T10:15:48.959883,0,10615,1.0,1,1.2
2025-09-04T10:15:49.465228,0,10615,1.0,1,0.5
2025-09-04T10:15:49.968582,0,10615,1.0,1,0.7
2025-09-04T10:15:50.473975,0,10615,1.0,1,2.2
2025-09-04T10:15:50.979326,0,10615,1.0,1,1.0
2025-09-04T10:15:51.484671,0,10615,1.0,1,1.7
2025-09-04T10:15:51.990026,0,10615,1.0,1,0.7
2025-09-04T10:15:52.494167,0,10615,1.0,1,2.5
2025-09-04T10:15:52.999502,0,10615,1.0,1,1.0
2025-09-04T10:15:53.504665,0,10615,1.0,1,1.0
2025-09-04T10:15:54.010044,0,10615,1.0,1,1.5
2025-09-04T10:15:54.515423,0,10615,1.0,1,1.0
2025-09-04T10:15:55.020779,0,10615,1.0,1,6.3
2025-09-04T10:15:55.524105,0,10615,1.0,1,1.7
2025-09-04T10:15:56.029474,0,10615,1.0,1,3.7
2025-09-04T10:15:56.534026,0,10615,1.0,1,0.8
2025-09-04T10:15:57.038711,0,10615,1.0,1,1.7
2025-09-04T10:15:57.541991,0,10615,1.0,1,1.0
2025-09-04T10:15:58.047374,0,10615,1.0,1,1.0
2025-09-04T10:15:58.552740,0,10615,1.0,1,0.5
2025-09-04T10:15:59.056602,0,10615,1.0,1,2.2
2025-09-04T10:15:59.558068,0,10615,1.0,1,11.0
2025-09-04T10:16:00.059241,0,10615,1.0,1,6.5
2025-09-04T10:16:00.564665,0,10615,1.0,1,2.7
2025-09-04T10:16:01.067468,0,10615,1.0,1,1.2
2025-09-04T10:16:01.572867,0,10615,1.0,1,1.7
2025-09-04T10:16:02.078206,0,10615,1.0,1,1.7
2025-09-04T10:16:02.582061,0,10615,1.0,1,2.5
2025-09-04T10:16:03.087403,0,10615,1.0,1,1.7
2025-09-04T10:16:03.589342,0,10615,1.0,1,1.8
2025-09-04T10:16:04.094685,0,10615,1.0,1,2.2
2025-09-04T10:16:04.600489,0,10615,1.0,1,2.0
2025-09-04T10:16:05.104735,0,10615,1.0,1,2.5
2025-09-04T10:16:05.610160,0,10615,1.0,1,1.0
2025-09-04T10:16:06.113834,0,10615,1.0,1,0.7
2025-09-04T10:16:06.619199,0,10615,1.0,1,0.7
2025-09-04T10:16:07.124535,0,10615,1.0,1,1.5
2025-09-04T10:16:07.627416,0,10615,1.0,1,1.2
2025-09-04T10:16:08.132751,0,10615,1.0,1,0.7
2025-09-04T10:16:08.638103,0,10615,1.0,1,2.9
2025-09-04T10:16:09.142083,0,10615,1.0,1,1.0
2025-09-04T10:16:09.643456,0,10615,1.0,1,1.8
2025-09-04T10:16:10.144110,0,10615,1.0,1,1.2
2025-09-04T10:16:10.649195,0,10615,1.0,1,1.2
2025-09-04T10:16:11.154523,0,10615,1.0,1,0.5
2025-09-04T10:16:11.659840,0,10615,1.0,1,1.5
2025-09-04T10:16:12.165170,0,10615,1.0,1,2.0
2025-09-04T10:16:12.670532,0,10615,1.0,1,2.5
2025-09-04T10:16:13.174733,0,10615,1.0,1,4.2
2025-09-04T10:16:13.680157,0,10615,1.0,1,1.7
2025-09-04T10:16:14.185539,0,10615,1.0,1,2.5
2025-09-04T10:16:14.690914,0,10615,1.0,1,1.2
2025-09-04T10:16:15.196261,0,10615,1.0,1,1.5
2025-09-04T10:16:15.698193,0,10615,1.0,1,1.0
2025-09-04T10:16:16.203527,0,10615,1.0,1,0.7
2025-09-04T10:16:16.708864,0,10615,1.0,1,1.0
2025-09-04T10:16:17.214200,0,10615,1.0,1,1.0
2025-09-04T10:16:17.718286,0,10615,1.0,1,2.0
2025-09-04T10:16:18.220291,0,10615,1.0,1,0.5
2025-09-04T10:16:18.720844,0,10615,1.0,1,1.3
2025-09-04T10:16:19.222124,0,10615,1.0,1,1.2
2025-09-04T10:16:19.725646,0,10615,1.0,1,1.0
2025-09-04T10:16:20.230982,0,10615,1.0,1,1.0
2025-09-04T10:16:20.731698,0,10615,1.0,1,1.2
2025-09-04T10:16:21.237109,0,10615,1.0,1,0.7
2025-09-04T10:16:21.742485,0,10615,1.0,1,1.7
2025-09-04T10:16:22.247836,0,10615,1.0,1,1.0
2025-09-04T10:16:22.752913,0,10615,1.0,1,1.7
2025-09-04T10:16:23.258253,0,10615,1.0,1,1.0
2025-09-04T10:16:23.763612,0,10615,1.0,1,1.7
2025-09-04T10:16:24.268303,0,10615,1.0,1,1.5
2025-09-04T10:16:24.768710,0,10615,1.0,1,27.6
2025-09-04T10:16:25.274056,0,10615,1.0,1,4.2
2025-09-04T10:16:25.779342,0,10615,1.0,1,2.0
2025-09-04T10:16:26.284596,0,10615,1.0,1,3.2
2025-09-04T10:16:26.786065,0,10615,1.0,1,2.0
2025-09-04T10:16:27.291433,0,10615,1.0,1,1.2
2025-09-04T10:16:27.792959,0,10615,1.0,1,1.7
2025-09-04T10:16:28.298340,0,10615,1.0,1,0.7
2025-09-04T10:16:28.803706,0,10615,1.0,1,2.0
2025-09-04T10:16:29.307701,0,10615,1.0,1,1.0
2025-09-04T10:16:29.813003,0,10615,1.0,1,1.2
2025-09-04T10:16:30.315588,0,10615,1.0,1,1.0
2025-09-04T10:16:30.820882,0,10615,1.0,1,0.7
2025-09-04T10:16:31.326173,0,10615,1.0,1,0.7
2025-09-04T10:16:31.828380,0,10615,1.0,1,1.7
2025-09-04T10:16:32.333730,0,10615,1.0,1,0.7
2025-09-04T10:16:32.839067,0,10615,1.0,1,1.5
2025-09-04T10:16:33.344416,0,10615,1.0,1,0.5
2025-09-04T10:16:33.849129,0,10615,1.0,1,3.8
2025-09-04T10:16:34.354926,0,10615,1.0,1,1.2
2025-09-04T10:16:34.856252,0,10615,1.0,1,1.2
2025-09-04T10:16:35.361586,0,10615,1.0,1,1.0
2025-09-04T10:16:35.866930,0,10615,1.0,1,2.7
2025-09-04T10:16:36.371116,0,10615,1.0,1,0.7
2025-09-04T10:16:36.876489,0,10615,1.0,1,1.7
2025-09-04T10:16:37.376979,0,10615,1.0,1,1.0
2025-09-04T10:16:37.879087,0,10615,1.0,1,5.0
2025-09-04T10:16:38.380424,0,10615,1.0,1,1.7
2025-09-04T10:16:38.887413,0,10615,1.0,1,1.0
2025-09-04T10:16:39.393705,0,10615,1.0,1,1.2
2025-09-04T10:16:39.904093,0,10615,1.0,1,6.1
2025-09-04T10:16:40.412419,0,10615,1.0,1,13.3
2025-09-04T10:16:40.922813,0,10615,1.0,1,3.2
2025-09-04T10:16:41.430821,0,10615,1.0,1,1.0
2025-09-04T10:16:41.941153,0,10615,1.0,1,2.0
2025-09-04T10:16:42.449724,0,10615,1.0,1,1.5
2025-09-04T10:16:42.957879,0,10615,1.0,1,4.4
2025-09-04T10:16:43.466613,0,10615,1.0,1,2.2
2025-09-04T10:16:43.968324,0,10615,1.0,1,2.0
2025-09-04T10:16:44.478676,0,10615,1.0,1,1.2
2025-09-04T10:16:44.989008,0,10615,1.0,1,3.2
2025-09-04T10:16:45.495091,0,10615,1.0,1,0.7
2025-09-04T10:16:46.005457,0,10615,1.0,1,2.0
2025-09-04T10:16:46.505929,0,10615,1.0,1,0.8
2025-09-04T10:16:47.009756,0,10615,1.0,1,1.5
2025-09-04T10:16:47.516230,0,10615,1.0,1,1.0
2025-09-04T10:16:48.026587,0,10615,1.0,1,1.2
2025-09-04T10:16:48.535984,0,10615,1.0,1,1.2
2025-09-04T10:16:49.046333,0,10615,1.0,1,2.2
2025-09-04T10:16:49.548082,0,10615,1.0,1,1.7
2025-09-04T10:16:50.053007,0,10615,1.0,1,0.5
2025-09-04T10:16:50.556280,0,10615,1.0,1,1.5
2025-09-04T10:16:51.064809,0,10615,1.0,1,1.2
2025-09-04T10:16:51.575168,0,10615,1.0,1,0.7
2025-09-04T10:16:52.085541,0,10615,1.0,1,1.0
2025-09-04T10:16:52.595893,0,10615,1.0,1,2.0
2025-09-04T10:16:53.106230,0,10615,1.0,1,0.7
2025-09-04T10:16:53.616583,0,10615,1.0,1,1.0
2025-09-04T10:16:54.119194,0,10615,1.0,1,1.2
2025-09-04T10:16:54.629539,0,10615,1.0,1,1.2
2025-09-04T10:16:55.140031,0,10615,1.0,1,9.2
2025-09-04T10:16:55.650422,0,10615,1.0,1,2.0
2025-09-04T10:16:56.160785,0,10615,1.0,1,5.4
2025-09-04T10:16:56.671162,0,10615,1.0,1,1.5
2025-09-04T10:16:57.180547,0,10615,1.0,1,6.9
2025-09-04T10:16:57.687586,0,10615,1.0,1,6.7
2025-09-04T10:16:58.197945,0,10615,1.0,1,1.5
2025-09-04T10:16:58.699572,0,10615,1.0,1,1.8
2025-09-04T10:16:59.201906,0,10615,1.0,1,0.7
2025-09-04T10:16:59.703243,0,10615,1.0,1,1.0
2025-09-04T10:17:00.213654,0,10615,1.0,1,5.9
2025-09-04T10:17:00.716539,0,10615,1.0,1,1.0
2025-09-04T10:17:01.219726,0,10615,1.0,1,1.0
2025-09-04T10:17:01.729908,0,10615,1.0,1,0.7
2025-09-04T10:17:02.236543,0,10615,1.0,1,1.2
2025-09-04T10:17:02.746928,0,10615,1.0,1,2.7
2025-09-04T10:17:03.255240,0,10615,1.0,1,2.0
2025-09-04T10:17:03.756743,0,10615,1.0,1,3.5
2025-09-04T10:17:04.257890,0,10615,1.0,1,2.5
2025-09-04T10:17:04.768681,0,10615,1.0,1,0.7
2025-09-04T10:17:05.276623,0,10615,1.0,1,0.7
2025-09-04T10:17:05.786945,0,10615,1.0,1,1.7
2025-09-04T10:17:06.297263,0,10615,1.0,1,1.2
2025-09-04T10:17:06.798841,0,10615,1.0,1,5.7
2025-09-04T10:17:07.303221,0,10615,1.0,1,1.0
2025-09-04T10:17:07.810062,0,10615,1.0,1,1.2
2025-09-04T10:17:08.320384,0,10615,1.0,1,1.0
2025-09-04T10:17:08.830693,0,10615,1.0,1,1.5
2025-09-04T10:17:09.340988,0,10615,1.0,1,0.5
2025-09-04T10:17:09.851290,0,10615,1.0,1,1.7
2025-09-04T10:17:10.361697,0,10615,1.0,1,1.5
2025-09-04T10:17:10.865235,0,10615,1.0,1,1.5
2025-09-04T10:17:11.367302,0,10615,1.0,1,1.2
2025-09-04T10:17:11.868205,0,10615,1.0,1,1.7
2025-09-04T10:17:12.370244,0,10615,1.0,1,2.0
2025-09-04T10:17:12.871380,0,10615,1.0,1,2.0
2025-09-04T10:17:13.381777,0,10615,1.0,1,3.4
2025-09-04T10:17:13.889984,0,10615,1.0,1,5.7
2025-09-04T10:17:14.400357,0,10615,1.0,1,17.0
2025-09-04T10:17:14.906270,0,10615,1.0,1,32.9
2025-09-04T10:17:15.415449,0,10615,1.0,1,31.0
2025-09-04T10:17:15.925915,0,10615,1.0,1,1.7
2025-09-04T10:17:16.429178,0,10615,1.0,1,1.2
2025-09-04T10:17:16.939551,0,10615,1.0,1,7.9
2025-09-04T10:17:17.449860,0,10615,1.0,1,1.2
2025-09-04T10:17:17.959382,0,10615,1.0,1,2.0
2025-09-04T10:17:18.469723,0,10615,1.0,1,2.0
2025-09-04T10:17:18.979615,0,10615,1.0,1,11.1
2025-09-04T10:17:19.483296,0,10615,1.0,1,3.5
2025-09-04T10:17:19.990255,0,10615,1.0,1,4.5
2025-09-04T10:17:20.490627,0,10615,1.0,1,4.2
2025-09-04T10:17:20.994064,0,10615,1.0,1,3.0
2025-09-04T10:17:21.500753,0,10615,1.0,1,4.9
2025-09-04T10:17:22.002062,0,10615,1.0,1,2.0
2025-09-04T10:17:22.502940,0,10615,1.0,1,5.3
2025-09-04T10:17:23.013288,0,10615,1.0,1,5.8
2025-09-04T10:17:23.515454,0,10615,1.0,1,1.5
2025-09-04T10:17:24.022654,0,10615,1.0,1,1.5
2025-09-04T10:17:24.525173,0,10615,1.0,1,1.5
2025-09-04T10:17:25.035511,0,10615,1.0,1,26.7
2025-09-04T10:17:25.546123,0,10615,1.0,1,3.4
2025-09-04T10:17:26.055815,0,10615,1.0,1,3.2
2025-09-04T10:17:26.556353,0,10615,1.0,1,3.5
2025-09-04T10:17:27.066696,0,10615,1.0,1,1.7
2025-09-04T10:17:27.569477,0,10615,1.0,1,1.0
2025-09-04T10:17:28.076785,0,10615,1.0,1,1.5
2025-09-04T10:17:28.583465,0,10615,1.0,1,2.0
2025-09-04T10:17:29.084702,0,10615,1.0,1,1.2
2025-09-04T10:17:29.595102,0,10615,1.0,1,1.0
2025-09-04T10:17:30.100645,0,10615,1.0,1,1.2
2025-09-04T10:17:30.604842,0,10615,1.0,1,1.2
2025-09-04T10:17:31.114807,0,10615,1.0,1,1.5
2025-09-04T10:17:31.625167,0,10615,1.0,1,1.5
2025-09-04T10:17:32.130160,0,10615,1.0,1,1.0
2025-09-04T10:17:32.631100,0,10615,1.0,1,1.5
2025-09-04T10:17:33.141502,0,10615,1.0,1,1.2
2025-09-04T10:17:33.649052,0,10615,1.0,1,6.2
2025-09-04T10:17:34.156804,0,10615,1.0,1,1.7
2025-09-04T10:17:34.661928,0,10615,1.0,1,1.5
2025-09-04T10:17:35.164817,0,10615,1.0,1,1.5
2025-09-04T10:17:35.671587,0,10615,1.0,1,1.5
2025-09-04T10:17:36.177286,0,10615,1.0,1,1.7
2025-09-04T10:17:36.687649,0,10615,1.0,1,0.7
2025-09-04T10:17:37.198003,0,10615,1.0,1,1.2
2025-09-04T10:17:37.700507,0,10615,1.0,1,7.0
2025-09-04T10:17:38.208206,0,10615,1.0,1,8.1
2025-09-04T10:17:38.713541,0,10615,1.0,1,1.7
2025-09-04T10:17:39.218190,0,10615,1.0,1,0.7
2025-09-04T10:17:39.726009,0,10615,1.0,1,1.7
2025-09-04T10:17:40.231526,0,10615,1.0,1,1.5
2025-09-04T10:17:40.732877,0,10615,1.0,1,1.3
2025-09-04T10:17:41.243228,0,10615,1.0,1,1.5
2025-09-04T10:17:41.750368,0,10615,1.0,1,1.5
2025-09-04T10:17:42.260789,0,10615,1.0,1,1.5
2025-09-04T10:17:42.764926,0,10615,1.0,1,1.5
2025-09-04T10:17:43.275317,0,10615,1.0,1,4.2
2025-09-04T10:17:43.783581,0,10615,1.0,1,3.4
2025-09-04T10:17:44.290250,0,10615,1.0,1,1.5
2025-09-04T10:17:44.790665,0,10615,1.0,1,4.7
2025-09-04T10:17:45.300995,0,10615,1.0,1,1.0
2025-09-04T10:17:45.811333,0,10615,1.0,1,1.2
2025-09-04T10:17:46.321704,0,10615,1.0,1,1.0
2025-09-04T10:17:46.831055,0,10615,1.0,1,1.0
2025-09-04T10:17:47.341452,0,10615,1.0,1,1.7
2025-09-04T10:17:47.851748,0,10615,1.0,1,1.7
2025-09-04T10:17:48.362132,0,10615,1.0,1,0.7
2025-09-04T10:17:48.866337,0,10615,1.0,1,2.0
2025-09-04T10:17:49.375238,0,10615,1.0,1,25.4
2025-09-04T10:17:49.879448,0,10615,1.0,1,8.7
2025-09-04T10:17:50.389792,0,10615,1.0,1,2.0
2025-09-04T10:17:50.900190,0,10615,1.0,1,0.7
2025-09-04T10:17:51.410489,0,10615,1.0,1,1.5
2025-09-04T10:17:51.919424,0,10615,1.0,1,2.0
2025-09-04T10:17:52.427713,0,10615,1.0,1,1.0
2025-09-04T10:17:52.935647,0,10615,1.0,1,0.7
2025-09-04T10:17:53.436966,0,10615,1.0,1,1.5
2025-09-04T10:17:53.938324,0,10615,1.0,1,1.0
2025-09-04T10:17:54.439634,0,10615,1.0,1,1.5
2025-09-04T10:17:54.949979,0,10615,1.0,1,1.0
2025-09-04T10:17:55.460339,0,10615,1.0,1,8.6
2025-09-04T10:17:55.969786,0,10615,1.0,1,2.2
2025-09-04T10:17:56.470364,0,10615,1.0,1,4.0
2025-09-04T10:17:56.973189,0,10615,1.0,1,1.7
2025-09-04T10:17:57.479204,0,10615,1.0,1,2.0
2025-09-04T10:17:57.989527,0,10615,1.0,1,1.0
2025-09-04T10:17:58.491612,0,10615,1.0,1,1.2
2025-09-04T10:17:59.001979,0,10615,1.0,1,1.7
2025-09-04T10:17:59.511733,0,10615,1.0,1,8.6
2025-09-04T10:18:00.014069,0,10615,1.0,1,6.8
2025-09-04T10:18:00.524471,0,10615,1.0,1,6.1
2025-09-04T10:18:01.024984,0,10615,1.0,1,0.8
2025-09-04T10:18:01.527175,0,10615,1.0,1,1.7
2025-09-04T10:18:02.028687,0,10615,1.0,1,1.0
2025-09-04T10:18:02.536036,0,10615,1.0,1,1.7
2025-09-04T10:18:03.037096,0,10615,1.0,1,1.0
2025-09-04T10:18:03.547453,0,10615,1.0,1,1.5
2025-09-04T10:18:04.057804,0,10615,1.0,1,2.7
2025-09-04T10:18:04.568165,0,10615,1.0,1,1.7
2025-09-04T10:18:05.073913,0,10615,1.0,1,1.7
2025-09-04T10:18:05.584302,0,10615,1.0,1,1.2
2025-09-04T10:18:06.093096,0,10615,1.0,1,2.0
2025-09-04T10:18:06.603216,0,10615,1.0,1,0.7
2025-09-04T10:18:07.104519,0,10615,1.0,1,1.7
2025-09-04T10:18:07.613314,0,10615,1.0,1,1.2
2025-09-04T10:18:08.123722,0,10615,1.0,1,1.7
2025-09-04T10:18:08.626713,0,10615,1.0,1,8.2
2025-09-04T10:18:09.136941,0,10615,1.0,1,1.5
2025-09-04T10:18:09.639826,0,10615,1.0,1,1.5
2025-09-04T10:18:10.150213,0,10615,1.0,1,3.4
2025-09-04T10:18:10.660591,0,10615,1.0,1,1.7
2025-09-04T10:18:11.164704,0,10615,1.0,1,0.5
2025-09-04T10:18:11.666463,0,10615,1.0,1,1.3
2025-09-04T10:18:12.173162,0,10615,1.0,1,1.7
2025-09-04T10:18:12.674460,0,10615,1.0,1,1.2
2025-09-04T10:18:13.179418,0,10615,1.0,1,3.7
2025-09-04T10:18:13.688344,0,10615,1.0,1,2.4
2025-09-04T10:18:14.198700,0,10615,1.0,1,1.2
2025-09-04T10:18:14.707009,0,10615,1.0,1,1.2
2025-09-04T10:18:15.213183,0,10615,1.0,1,0.7
2025-09-04T10:18:15.714526,0,10615,1.0,1,1.5
2025-09-04T10:18:16.224853,0,10615,1.0,1,1.0
2025-09-04T10:18:16.735174,0,10615,1.0,1,0.7
2025-09-04T10:18:17.245234,0,10615,1.0,1,1.0
2025-09-04T10:18:17.755574,0,10615,1.0,1,1.0
2025-09-04T10:18:18.265906,0,10615,1.0,1,1.2
2025-09-04T10:18:18.776258,0,10615,1.0,1,1.5
2025-09-04T10:18:19.282575,0,10615,1.0,1,1.5
2025-09-04T10:18:19.784120,0,10615,1.0,1,1.5
2025-09-04T10:18:20.285231,0,10615,1.0,1,0.7
2025-09-04T10:18:20.791412,0,10615,1.0,1,1.0
2025-09-04T10:18:21.293286,0,10615,1.0,1,1.0
2025-09-04T10:18:21.796323,0,10615,1.0,1,1.2
2025-09-04T10:18:22.300828,0,10615,1.0,1,1.0
2025-09-04T10:18:22.811185,0,10615,1.0,1,1.9
2025-09-04T10:18:23.316743,0,10615,1.0,1,0.2
2025-09-04T10:18:23.820501,0,10615,1.0,1,2.0
2025-09-04T10:18:24.327509,0,10615,1.0,1,0.7
2025-09-04T10:18:24.834898,0,10615,1.0,1,0.7
2025-09-04T10:18:25.342475,0,10615,1.0,1,17.3
2025-09-04T10:18:25.853293,0,10615,1.0,1,2.0
2025-09-04T10:18:26.355409,0,10615,1.0,1,4.3
2025-09-04T10:18:26.857162,0,10615,1.0,1,3.5
2025-09-04T10:18:27.367559,0,10615,1.0,1,0.7
2025-09-04T10:18:27.868942,0,10615,1.0,1,3.2
2025-09-04T10:18:28.379668,0,10615,1.0,1,8.8
2025-09-04T10:18:28.882626,0,10615,1.0,1,1.5
2025-09-04T10:18:29.389404,0,10615,1.0,1,0.5
2025-09-04T10:18:29.895956,0,10615,1.0,1,1.2
2025-09-04T10:18:30.406298,0,10615,1.0,1,1.2
2025-09-04T10:18:30.915821,0,10615,1.0,1,1.0
2025-09-04T10:18:31.421335,0,10615,1.0,1,1.0
2025-09-04T10:18:31.926538,0,10615,1.0,1,1.0
2025-09-04T10:18:32.429377,0,10615,1.0,1,0.7
2025-09-04T10:18:32.939735,0,10615,1.0,1,1.7
2025-09-04T10:18:33.450071,0,10615,1.0,1,0.7
2025-09-04T10:18:33.960413,0,10615,1.0,1,5.4
2025-09-04T10:18:34.466654,0,10615,1.0,1,2.2
2025-09-04T10:18:34.977019,0,10615,1.0,1,2.4
2025-09-04T10:18:35.485687,0,10615,1.0,1,1.0
2025-09-04T10:18:35.994036,0,10615,1.0,1,1.5
2025-09-04T10:18:36.501901,0,10615,1.0,1,1.2
2025-09-04T10:18:37.009194,0,10615,1.0,1,1.5
2025-09-04T10:18:37.510479,0,10615,1.0,1,1.2
2025-09-04T10:18:38.012705,0,10615,1.0,1,2.5
2025-09-04T10:18:38.514491,0,10615,1.0,1,1.0
2025-09-04T10:18:39.024895,0,10615,1.0,1,1.2
2025-09-04T10:18:39.527708,0,10615,1.0,1,1.2
2025-09-04T10:18:40.029352,0,10615,1.0,1,0.8
2025-09-04T10:18:40.536902,0,10615,1.0,1,1.5
2025-09-04T10:18:41.047356,0,10615,1.0,1,1.7
2025-09-04T10:18:41.549258,0,10615,1.0,1,1.0
2025-09-04T10:18:42.054867,0,10615,1.0,1,4.5
2025-09-04T10:18:42.565273,0,10615,1.0,1,2.0
2025-09-04T10:18:43.073867,0,10615,1.0,1,4.4
2025-09-04T10:18:43.582325,0,10615,1.0,1,4.2
2025-09-04T10:18:44.082910,0,10615,1.0,1,1.3
2025-09-04T10:18:44.584190,0,10615,1.0,1,2.5
2025-09-04T10:18:45.094473,0,10615,1.0,1,2.9
2025-09-04T10:18:45.597194,0,10615,1.0,1,0.5
2025-09-04T10:18:46.107558,0,10615,1.0,1,1.2
2025-09-04T10:18:46.617927,0,10615,1.0,1,1.7
2025-09-04T10:18:47.122985,0,10615,1.0,1,2.0
2025-09-04T10:18:47.633360,0,10615,1.0,1,1.7
2025-09-04T10:18:48.143766,0,10615,1.0,1,1.2
2025-09-04T10:18:48.647990,0,10615,1.0,1,5.2
2025-09-04T10:18:49.158350,0,10615,1.0,1,1.2
2025-09-04T10:18:49.668704,0,10615,1.0,1,1.0
2025-09-04T10:18:50.179030,0,10615,1.0,1,1.0
2025-09-04T10:18:50.689402,0,10615,1.0,1,1.0
2025-09-04T10:18:51.192094,0,10615,1.0,1,1.7
2025-09-04T10:18:51.698888,0,10615,1.0,1,1.5
2025-09-04T10:18:52.205444,0,10615,1.0,1,3.5
2025-09-04T10:18:52.706816,0,10615,1.0,1,2.0
2025-09-04T10:18:53.217176,0,10615,1.0,1,1.2
2025-09-04T10:18:53.725492,0,10615,1.0,1,1.0
2025-09-04T10:18:54.235836,0,10615,1.0,1,1.0
2025-09-04T10:18:54.746170,0,10615,1.0,1,1.2
2025-09-04T10:18:55.256511,0,10615,1.0,1,1.2
2025-09-04T10:18:55.766878,0,10615,1.0,1,5.7
2025-09-04T10:18:56.269546,0,10615,1.0,1,1.5
2025-09-04T10:18:56.779919,0,10615,1.0,1,3.4
2025-09-04T10:18:57.290204,0,10615,1.0,1,1.5
2025-09-04T10:18:57.794916,0,10615,1.0,1,1.5
2025-09-04T10:18:58.305269,0,10615,1.0,1,1.5
2025-09-04T10:18:58.811268,0,10615,1.0,1,3.0
2025-09-04T10:18:59.320622,0,10615,1.0,1,1.0
2025-09-04T10:18:59.826870,0,10615,1.0,1,1.5
2025-09-04T10:19:00.336954,0,10615,1.0,1,4.2
2025-09-04T10:19:00.847322,0,10615,1.0,1,1.7
2025-09-04T10:19:01.357198,0,10615,1.0,1,1.7
2025-09-04T10:19:01.858910,0,10615,1.0,1,3.7
2025-09-04T10:19:02.365138,0,10615,1.0,1,0.7
2025-09-04T10:19:02.867124,0,10615,1.0,1,1.7
2025-09-04T10:19:03.377486,0,10615,1.0,1,1.2
2025-09-04T10:19:03.884007,0,10615,1.0,1,5.4
2025-09-04T10:19:04.387025,0,10615,1.0,1,0.7
2025-09-04T10:19:04.894805,0,10615,1.0,1,3.4
2025-09-04T10:19:05.405149,0,10615,1.0,1,0.7
2025-09-04T10:19:05.906922,0,10615,1.0,1,1.5
2025-09-04T10:19:06.417287,0,10615,1.0,1,0.7
2025-09-04T10:19:06.922371,0,10615,1.0,1,2.0
2025-09-04T10:19:07.432242,0,10615,1.0,1,1.0
2025-09-04T10:19:07.935824,0,10615,1.0,1,3.5
2025-09-04T10:19:08.440342,0,10615,1.0,1,13.2
2025-09-04T10:19:08.950750,0,10615,1.0,1,13.7
2025-09-04T10:19:09.461105,0,10615,1.0,1,10.3
2025-09-04T10:19:09.965693,0,10615,1.0,1,0.7
2025-09-04T10:19:10.467378,0,10615,1.0,1,1.3
2025-09-04T10:19:10.974394,0,10615,1.0,1,1.7
2025-09-04T10:19:11.474989,0,10615,1.0,1,0.7
2025-09-04T10:19:11.985326,0,10615,1.0,1,1.2
2025-09-04T10:19:12.487924,0,10615,1.0,1,1.5
2025-09-04T10:19:12.998311,0,10615,1.0,1,4.7
2025-09-04T10:19:13.500917,0,10615,1.0,1,1.5
2025-09-04T10:19:14.002957,0,10615,1.0,1,1.0
2025-09-04T10:19:14.504500,0,10615,1.0,1,1.0
2025-09-04T10:19:15.008380,0,10615,1.0,1,1.0
2025-09-04T10:19:15.518762,0,10615,1.0,1,2.0
2025-09-04T10:19:16.029155,0,10615,1.0,1,25.4
2025-09-04T10:19:16.536437,0,10615,1.0,1,10.3
2025-09-04T10:19:17.046822,0,10615,1.0,1,1.5
2025-09-04T10:19:17.557173,0,10615,1.0,1,1.0
2025-09-04T10:19:18.067506,0,10615,1.0,1,1.5
2025-09-04T10:19:18.577847,0,10615,1.0,1,0.7
2025-09-04T10:19:19.088215,0,10615,1.0,1,1.5
2025-09-04T10:19:19.591106,0,10615,1.0,1,1.7
2025-09-04T10:19:20.093676,0,10615,1.0,1,2.0
2025-09-04T10:19:20.595048,0,10615,1.0,1,0.7
2025-09-04T10:19:21.105407,0,10615,1.0,1,1.5
2025-09-04T10:19:21.606945,0,10615,1.0,1,1.0
2025-09-04T10:19:22.117282,0,10615,1.0,1,1.7
2025-09-04T10:19:22.621763,0,10615,1.0,1,0.7
2025-09-04T10:19:23.128388,0,10615,1.0,1,1.2
2025-09-04T10:19:23.638620,0,10615,1.0,1,1.2
2025-09-04T10:19:24.148952,0,10615,1.0,1,0.7
2025-09-04T10:19:24.659288,0,10615,1.0,1,1.7
2025-09-04T10:19:25.162010,0,10615,1.0,1,1.0
2025-09-04T10:19:25.669754,0,10615,1.0,1,9.8
2025-09-04T10:19:26.173705,0,10615,1.0,1,2.2
2025-09-04T10:19:26.675974,0,10615,1.0,1,6.2
2025-09-04T10:19:27.186335,0,10615,1.0,1,2.7
2025-09-04T10:19:27.688452,0,10615,1.0,1,1.7
2025-09-04T10:19:28.194844,0,10615,1.0,1,1.0
2025-09-04T10:19:28.696716,0,10615,1.0,1,1.0
2025-09-04T10:19:29.203084,0,10615,1.0,1,1.2
2025-09-04T10:19:29.709775,0,10615,1.0,1,0.5
2025-09-04T10:19:30.216463,0,10615,1.0,1,1.0
2025-09-04T10:19:30.717795,0,10615,1.0,1,1.2
2025-09-04T10:19:31.228164,0,10615,1.0,1,0.7
2025-09-04T10:19:31.731136,0,10615,1.0,1,0.8
2025-09-04T10:19:32.241477,0,10615,1.0,1,1.2
2025-09-04T10:19:32.744483,0,10615,1.0,1,1.0
2025-09-04T10:19:33.254808,0,10615,1.0,1,2.4
2025-09-04T10:19:33.762746,0,10615,1.0,1,5.9
2025-09-04T10:19:34.273501,0,10615,1.0,1,1.0
2025-09-04T10:19:34.783845,0,10615,1.0,1,1.5
2025-09-04T10:19:35.289795,0,10615,1.0,1,1.2
2025-09-04T10:19:35.795913,0,10615,1.0,1,1.2
2025-09-04T10:19:36.296512,0,10615,1.0,1,1.7
2025-09-04T10:19:36.806878,0,10615,1.0,1,0.7
2025-09-04T10:19:37.317231,0,10615,1.0,1,1.0
2025-09-04T10:19:37.825859,0,10615,1.0,1,1.2
2025-09-04T10:19:38.336194,0,10615,1.0,1,1.0
2025-09-04T10:19:38.836914,0,10615,1.0,1,2.8
2025-09-04T10:19:39.341858,0,10615,1.0,1,0.5
2025-09-04T10:19:39.847770,0,10615,1.0,1,3.2
2025-09-04T10:19:40.355254,0,10615,1.0,1,2.0
2025-09-04T10:19:40.865611,0,10615,1.0,1,1.7
2025-09-04T10:19:41.375941,0,10615,1.0,1,1.5
2025-09-04T10:19:41.886261,0,10615,1.0,1,1.7
2025-09-04T10:19:42.396624,0,10615,1.0,1,2.5
2025-09-04T10:19:42.907033,0,10615,1.0,1,1.7
2025-09-04T10:19:43.416633,0,10615,1.0,1,4.7
2025-09-04T10:19:43.927031,0,10615,1.0,1,2.5
2025-09-04T10:19:44.437359,0,10615,1.0,1,1.0
2025-09-04T10:19:44.939099,0,10615,1.0,1,4.0
2025-09-04T10:19:45.443274,0,10615,1.0,1,1.2
2025-09-04T10:19:45.950914,0,10615,1.0,1,0.7
2025-09-04T10:19:46.456783,0,10615,1.0,1,1.2
2025-09-04T10:19:46.963252,0,10615,1.0,1,1.2
2025-09-04T10:19:47.473634,0,10615,1.0,1,0.5
2025-09-04T10:19:47.981986,0,10615,1.0,1,1.7
2025-09-04T10:19:48.483321,0,10615,1.0,1,3.5
2025-09-04T10:19:48.993703,0,10615,1.0,1,2.7
2025-09-04T10:19:49.496513,0,10615,1.0,1,0.7
2025-09-04T10:19:49.998108,0,10615,1.0,1,0.8
2025-09-04T10:19:50.504602,0,10615,1.0,1,1.0
2025-09-04T10:19:51.005991,0,10615,1.0,1,1.0
2025-09-04T10:19:51.516322,0,10615,1.0,1,1.2
2025-09-04T10:19:52.019325,0,10615,1.0,1,0.7
2025-09-04T10:19:52.529712,0,10615,1.0,1,1.5
2025-09-04T10:19:53.032481,0,10615,1.0,1,1.5
2025-09-04T10:19:53.538276,0,10615,1.0,1,0.7
2025-09-04T10:19:54.048672,0,10615,1.0,1,1.5
2025-09-04T10:19:54.552645,0,10615,1.0,1,1.7
2025-09-04T10:19:55.054352,0,10615,1.0,1,0.8
2025-09-04T10:19:55.560685,0,10615,1.0,1,8.2
2025-09-04T10:19:56.071082,0,10615,1.0,1,3.2
2025-09-04T10:19:56.575967,0,10615,1.0,1,2.2
2025-09-04T10:19:57.086232,0,10615,1.0,1,3.4
2025-09-04T10:19:57.594883,0,10615,1.0,1,1.0
2025-09-04T10:19:58.099432,0,10615,1.0,1,2.2
2025-09-04T10:19:58.606696,0,10615,1.0,1,2.2
2025-09-04T10:19:59.117065,0,10615,1.0,1,2.2
2025-09-04T10:19:59.624693,0,10615,1.0,1,1.0
2025-09-04T10:20:00.130548,0,10615,1.0,1,3.0
2025-09-04T10:20:00.640942,0,10615,1.0,1,3.7
2025-09-04T10:20:01.145535,0,10615,1.0,1,2.2
2025-09-04T10:20:01.646078,0,10615,1.0,1,3.2
2025-09-04T10:20:02.148716,0,10615,1.0,1,1.0
2025-09-04T10:20:02.654156,0,10615,1.0,1,1.7
2025-09-04T10:20:03.154719,0,10615,1.0,1,1.5
2025-09-04T10:20:03.665114,0,10615,1.0,1,2.0
2025-09-04T10:20:04.174097,0,10615,1.0,1,1.2
2025-09-04T10:20:04.680731,0,10615,1.0,1,1.7
2025-09-04T10:20:05.187456,0,10615,1.0,1,1.5
2025-09-04T10:20:05.688789,0,10615,1.0,1,1.2
2025-09-04T10:20:06.199131,0,10615,1.0,1,0.7
2025-09-04T10:20:06.709523,0,10615,1.0,1,1.0
2025-09-04T10:20:07.214106,0,10615,1.0,1,1.2
2025-09-04T10:20:07.718360,0,10615,1.0,1,0.7
2025-09-04T10:20:08.228705,0,10615,1.0,1,1.5
2025-09-04T10:20:08.739078,0,10615,1.0,1,1.0
2025-09-04T10:20:09.247377,0,10615,1.0,1,1.0
2025-09-04T10:20:09.752810,0,10615,1.0,1,1.0
2025-09-04T10:20:10.263151,0,10615,1.0,1,1.5
2025-09-04T10:20:10.771455,0,10615,1.0,1,1.0
2025-09-04T10:20:11.281779,0,10615,1.0,1,1.0
2025-09-04T10:20:11.792148,0,10615,1.0,1,1.5
2025-09-04T10:20:12.302466,0,10615,1.0,1,1.2
2025-09-04T10:20:12.812757,0,10615,1.0,1,7.4
2025-09-04T10:20:13.323047,0,10615,1.0,1,3.4
2025-09-04T10:20:13.833405,0,10615,1.0,1,2.2
2025-09-04T10:20:14.343707,0,10615,1.0,1,1.5
2025-09-04T10:20:14.850645,0,10615,1.0,1,1.2
2025-09-04T10:20:15.358870,0,10615,1.0,1,0.7
2025-09-04T10:20:15.859658,0,10615,1.0,1,0.5
2025-09-04T10:20:16.366223,0,10615,1.0,1,1.0
2025-09-04T10:20:16.868324,0,10615,1.0,1,1.5
2025-09-04T10:20:17.368840,0,10615,1.0,1,0.7
2025-09-04T10:20:17.870210,0,10615,1.0,1,1.2
2025-09-04T10:20:18.380549,0,10615,1.0,1,1.0
2025-09-04T10:20:18.890876,0,10615,1.0,1,1.7
2025-09-04T10:20:19.400901,0,10615,1.0,1,0.2
2025-09-04T10:20:19.902182,0,10615,1.0,1,1.2
2025-09-04T10:20:20.408900,0,10615,1.0,1,0.7
2025-09-04T10:20:20.919327,0,10615,1.0,1,1.2
2025-09-04T10:20:21.422409,0,10615,1.0,1,0.0
2025-09-04T10:20:21.932772,0,10615,1.0,1,1.5
2025-09-04T10:20:22.441107,0,10615,1.0,1,1.2
2025-09-04T10:20:22.942832,0,10615,1.0,1,1.7
2025-09-04T10:20:23.443614,0,10615,1.0,1,2.0
2025-09-04T10:20:23.954002,0,10615,1.0,1,1.5
2025-09-04T10:20:24.456899,0,10615,1.0,1,1.2
2025-09-04T10:20:24.958181,0,10615,1.0,1,1.0
2025-09-04T10:20:25.468517,0,10615,1.0,1,0.7
2025-09-04T10:20:25.979018,0,10615,1.0,1,11.9
2025-09-04T10:20:26.483631,0,10615,1.0,1,2.0
2025-09-04T10:20:26.987239,0,10615,1.0,1,5.7
2025-09-04T10:20:27.497608,0,10615,1.0,1,1.2
2025-09-04T10:20:28.001459,0,10615,1.0,1,1.0
2025-09-04T10:20:28.506971,0,10615,1.0,1,1.7
2025-09-04T10:20:29.016951,0,10615,1.0,1,2.5
2025-09-04T10:20:29.518284,0,10615,1.0,1,1.0
2025-09-04T10:20:30.019589,0,10615,1.0,1,0.8
2025-09-04T10:20:30.526257,0,10615,1.0,1,0.5
2025-09-04T10:20:31.027591,0,10615,1.0,1,0.7
2025-09-04T10:20:31.537586,0,10615,1.0,1,1.0
2025-09-04T10:20:32.047923,0,10615,1.0,1,1.2
2025-09-04T10:20:32.558278,0,10615,1.0,1,1.0
2025-09-04T10:20:33.061675,0,10615,1.0,1,1.0
2025-09-04T10:20:33.567168,0,10615,1.0,1,1.7
2025-09-04T10:20:34.075231,0,10615,1.0,1,3.7
2025-09-04T10:20:34.579663,0,10615,1.0,1,1.7
2025-09-04T10:20:35.086202,0,10615,1.0,1,1.0
2025-09-04T10:20:35.587659,0,10615,1.0,1,0.7
2025-09-04T10:20:36.098003,0,10615,1.0,1,1.5
2025-09-04T10:20:36.598988,0,10615,1.0,1,0.8
2025-09-04T10:20:37.102390,0,10615,1.0,1,1.0
2025-09-04T10:20:37.609068,0,10615,1.0,1,1.2
2025-09-04T10:20:38.119407,0,10615,1.0,1,1.0
2025-09-04T10:20:38.621174,0,10615,1.0,1,1.5
2025-09-04T10:20:39.123593,0,10615,1.0,1,1.0
2025-09-04T10:20:39.625232,0,10615,1.0,1,1.0
2025-09-04T10:20:40.130806,0,10615,1.0,1,1.0
2025-09-04T10:20:40.633048,0,10615,1.0,1,1.2
2025-09-04T10:20:41.139461,0,10615,1.0,1,1.0
2025-09-04T10:20:41.643987,0,10615,1.0,1,1.0
2025-09-04T10:20:42.147305,0,10615,1.0,1,1.5
2025-09-04T10:20:42.656784,0,10615,1.0,1,1.5
2025-09-04T10:20:43.165484,0,10615,1.0,1,4.4
2025-09-04T10:20:43.673071,0,10615,1.0,1,2.7
2025-09-04T10:20:44.183425,0,10615,1.0,1,1.5
2025-09-04T10:20:44.693763,0,10615,1.0,1,2.5
2025-09-04T10:20:45.204038,0,10615,1.0,1,2.0
2025-09-04T10:20:45.714410,0,10615,1.0,1,0.7
2025-09-04T10:20:46.224782,0,10615,1.0,1,1.0
2025-09-04T10:20:46.735104,0,10615,1.0,1,1.5
2025-09-04T10:20:47.241116,0,10615,1.0,1,0.8
2025-09-04T10:20:47.749202,0,10615,1.0,1,1.7
2025-09-04T10:20:48.259518,0,10615,1.0,1,2.9
2025-09-04T10:20:48.761150,0,10615,1.0,1,1.7
2025-09-04T10:20:49.267633,0,10615,1.0,1,0.5
2025-09-04T10:20:49.777988,0,10615,1.0,1,1.2
2025-09-04T10:20:50.288296,0,10615,1.0,1,0.7
2025-09-04T10:20:50.798603,0,10615,1.0,1,1.5
2025-09-04T10:20:51.308921,0,10615,1.0,1,1.5
2025-09-04T10:20:51.819216,0,10615,1.0,1,0.7
2025-09-04T10:20:52.329524,0,10615,1.0,1,1.0
2025-09-04T10:20:52.839895,0,10615,1.0,1,1.2
2025-09-04T10:20:53.342467,0,10615,1.0,1,1.5
2025-09-04T10:20:53.843866,0,10615,1.0,1,1.8
2025-09-04T10:20:54.354263,0,10615,1.0,1,0.5
2025-09-04T10:20:54.857160,0,10615,1.0,1,1.5
2025-09-04T10:20:55.367497,0,10615,1.0,1,1.0
2025-09-04T10:20:55.876963,0,10615,1.0,1,0.0
2025-09-04T10:20:56.387714,0,10615,1.0,1,6.4
2025-09-04T10:20:56.895046,0,10615,1.0,1,2.9
2025-09-04T10:20:57.395842,0,10615,1.0,1,2.8
2025-09-04T10:20:57.897173,0,10615,1.0,1,0.8
2025-09-04T10:20:58.398481,0,10615,1.0,1,1.5
2025-09-04T10:20:58.899829,0,10615,1.0,1,1.2
2025-09-04T10:20:59.410178,0,10615,1.0,1,0.5
2025-09-04T10:20:59.913187,0,10615,1.0,1,0.7
2025-09-04T10:21:00.420717,0,10615,1.0,1,5.2
2025-09-04T10:21:00.931069,0,10615,1.0,1,0.7
2025-09-04T10:21:01.441419,0,10615,1.0,1,1.5
2025-09-04T10:21:01.951768,0,10615,1.0,1,1.2
2025-09-04T10:21:02.462093,0,10615,1.0,1,0.5
2025-09-04T10:21:02.972415,0,10615,1.0,1,0.5
2025-09-04T10:21:03.482764,0,10615,1.0,1,2.4
2025-09-04T10:21:03.993098,0,10615,1.0,1,2.5
2025-09-04T10:21:04.499026,0,10615,1.0,1,1.2
2025-09-04T10:21:05.001382,0,10615,1.0,1,3.8
2025-09-04T10:21:05.511740,0,10615,1.0,1,1.5
2025-09-04T10:21:06.019911,0,10615,1.0,1,1.0
2025-09-04T10:21:06.521296,0,10615,1.0,1,0.8
2025-09-04T10:21:07.022978,0,10615,1.0,1,1.7
2025-09-04T10:21:07.524141,0,10615,1.0,1,2.0
2025-09-04T10:21:08.025183,0,10615,1.0,1,0.8
2025-09-04T10:21:08.526586,0,10615,1.0,1,1.5
2025-09-04T10:21:09.036926,0,10615,1.0,1,1.0
2025-09-04T10:21:09.538651,0,10615,1.0,1,1.2
2025-09-04T10:21:10.041329,0,10615,1.0,1,1.0
2025-09-04T10:21:10.547928,0,10615,1.0,1,1.5
2025-09-04T10:21:11.049710,0,10615,1.0,1,1.5
2025-09-04T10:21:11.555833,0,10615,1.0,1,1.2
2025-09-04T10:21:12.066192,0,10615,1.0,1,1.2
2025-09-04T10:21:12.576546,0,10615,1.0,1,1.5
2025-09-04T10:21:13.081547,0,10615,1.0,1,5.0
2025-09-04T10:21:13.591918,0,10615,1.0,1,1.2
2025-09-04T10:21:14.094628,0,10615,1.0,1,2.0
2025-09-04T10:21:14.604966,0,10615,1.0,1,1.2
2025-09-04T10:21:15.115351,0,10615,1.0,1,1.7
2025-09-04T10:21:15.625063,0,10615,1.0,1,2.9
2025-09-04T10:21:16.126670,0,10615,1.0,1,4.2
2025-09-04T10:21:16.637057,0,10615,1.0,1,20.3
2025-09-04T10:21:17.147432,0,10615,1.0,1,22.7
2025-09-04T10:21:17.657786,0,10615,1.0,1,1.2
2025-09-04T10:21:18.168138,0,10615,1.0,1,1.0
2025-09-04T10:21:18.676127,0,10615,1.0,1,8.8
2025-09-04T10:21:19.183461,0,10615,1.0,1,1.5
2025-09-04T10:21:19.684658,0,10615,1.0,1,1.2
2025-09-04T10:21:20.195007,0,10615,1.0,1,0.7
2025-09-04T10:21:20.705348,0,10615,1.0,1,1.5
2025-09-04T10:21:21.215680,0,10615,1.0,1,1.0
2025-09-04T10:21:21.721295,0,10615,1.0,1,1.7
2025-09-04T10:21:22.228054,0,10615,1.0,1,5.9
2025-09-04T10:21:22.738848,0,10615,1.0,1,0.7
2025-09-04T10:21:23.241447,0,10615,1.0,1,1.2
2025-09-04T10:21:23.751819,0,10615,1.0,1,1.5
2025-09-04T10:21:24.254718,0,10615,1.0,1,1.5
2025-09-04T10:21:24.762327,0,10615,1.0,1,1.7
2025-09-04T10:21:25.272694,0,10615,1.0,1,1.2
2025-09-04T10:21:25.779054,0,10615,1.0,1,1.0
2025-09-04T10:21:26.281470,0,10615,1.0,1,8.8
2025-09-04T10:21:26.789718,0,10615,1.0,1,3.2
2025-09-04T10:21:27.300064,0,10615,1.0,1,3.7
2025-09-04T10:21:27.810464,0,10615,1.0,1,2.0
2025-09-04T10:21:28.313949,0,10615,1.0,1,1.5
2025-09-04T10:21:28.824308,0,10615,1.0,1,1.5
2025-09-04T10:21:29.326847,0,10615,1.0,1,0.7
2025-09-04T10:21:29.829832,0,10615,1.0,1,1.5
2025-09-04T10:21:30.340088,0,10615,1.0,1,0.7
2025-09-04T10:21:30.841454,0,10615,1.0,1,4.7
2025-09-04T10:21:31.349032,0,10615,1.0,1,1.0
2025-09-04T10:21:31.858599,0,10615,1.0,1,1.0
2025-09-04T10:21:32.368949,0,10615,1.0,1,1.2
2025-09-04T10:21:32.873494,0,10615,1.0,1,0.5
2025-09-04T10:21:33.374885,0,10615,1.0,1,2.0
2025-09-04T10:21:33.885239,0,10615,1.0,1,6.7
2025-09-04T10:21:34.394172,0,10615,1.0,1,0.7
2025-09-04T10:21:34.904451,0,10615,1.0,1,1.7
2025-09-04T10:21:35.407496,0,10615,1.0,1,0.7
2025-09-04T10:21:35.908193,0,10615,1.0,1,1.5
2025-09-04T10:21:36.418549,0,10615,1.0,1,1.2
2025-09-04T10:21:36.928894,0,10615,1.0,1,1.5
2025-09-04T10:21:37.430253,0,10615,1.0,1,2.0
2025-09-04T10:21:37.930694,0,10615,1.0,1,3.0
2025-09-04T10:21:38.435476,0,10615,1.0,1,3.7
2025-09-04T10:21:38.945464,0,10615,1.0,1,2.9
2025-09-04T10:21:39.455598,0,10615,1.0,1,5.2
2025-09-04T10:21:39.965962,0,10615,1.0,1,2.9
2025-09-04T10:21:40.476296,0,10615,1.0,1,3.2
2025-09-04T10:21:40.985479,0,10615,1.0,1,4.2
2025-09-04T10:21:41.494378,0,10615,1.0,1,12.4
2025-09-04T10:21:41.997798,0,10615,1.0,1,5.0
2025-09-04T10:21:42.508661,0,10615,1.0,1,5.9
2025-09-04T10:21:43.012053,0,10615,1.0,1,5.5
2025-09-04T10:21:43.522460,0,10615,1.0,1,2.9
2025-09-04T10:21:44.025550,0,10615,1.0,1,2.2
2025-09-04T10:21:44.535892,0,10615,1.0,1,1.0
2025-09-04T10:21:45.046215,0,10615,1.0,1,13.1
2025-09-04T10:21:45.555754,0,10615,1.0,1,1.7
2025-09-04T10:21:46.066080,0,10615,1.0,1,0.7
2025-09-04T10:21:46.576458,0,10615,1.0,1,1.5
2025-09-04T10:21:47.086830,0,10615,1.0,1,1.2
2025-09-04T10:21:47.597202,0,10615,1.0,1,1.7
2025-09-04T10:21:48.107542,0,10615,1.0,1,1.9
2025-09-04T10:21:48.617923,0,10615,1.0,1,29.1
2025-09-04T10:21:49.128406,0,10615,1.0,1,43.8
2025-09-04T10:21:49.638777,0,10615,1.0,1,24.9
2025-09-04T10:21:50.139653,0,10615,1.0,1,39.3
2025-09-04T10:21:50.645220,0,10615,1.0,1,41.4
2025-09-04T10:21:51.153897,0,10615,1.0,1,49.5
2025-09-04T10:21:51.663642,0,10615,1.0,1,23.8
2025-09-04T10:21:52.172292,0,10615,1.0,1,15.2
2025-09-04T10:21:52.682085,0,10615,1.0,1,13.4
2025-09-04T10:21:53.187622,0,10615,1.0,1,16.7
2025-09-04T10:21:53.688573,0,10615,1.0,1,16.8
2025-09-04T10:21:54.198048,0,10615,1.0,1,20.2
2025-09-04T10:21:54.703541,0,10615,1.0,1,6.4
2025-09-04T10:21:55.212985,0,10615,1.0,1,1.5
2025-09-04T10:22:11.939803,0,10615,1.0,1,19.3
2025-09-04T10:22:12.489125,0,10615,1.0,1,98.0
2025-09-04T10:22:13.027138,0,10615,1.0,1,86.5
2025-09-04T10:22:13.565642,0,10615,1.0,1,66.1
2025-09-04T10:22:14.065699,0,10615,1.0,1,33.8
2025-09-04T10:22:14.567251,0,10615,1.0,1,23.7
2025-09-04T10:22:15.067601,0,10615,1.0,1,19.8
2025-09-04T10:22:15.571674,0,10615,1.0,1,16.2
2025-09-04T10:22:16.072567,0,10615,1.0,1,14.9
2025-09-04T10:22:16.576617,0,10615,1.0,1,15.9
2025-09-04T10:22:17.080544,0,10615,1.0,1,26.7
2025-09-04T10:22:17.585391,0,10615,1.0,1,23.4
2025-09-04T10:22:18.090255,0,10615,1.0,1,24.4
2025-09-04T10:22:18.595072,0,10615,1.0,1,26.3
2025-09-04T10:22:19.099433,0,10615,1.0,1,18.1
2025-09-04T10:22:19.602658,0,10615,1.0,1,21.8
2025-09-04T10:22:20.103310,0,10615,1.0,1,17.1
2025-09-04T10:22:20.604576,0,10615,1.0,1,31.4
2025-09-04T10:22:21.109677,0,10615,1.0,1,31.0
2025-09-04T10:22:21.610812,0,10615,1.0,1,22.2
2025-09-04T10:22:22.115944,0,10615,1.0,1,30.3
2025-09-04T10:22:22.619395,0,10615,1.0,1,34.9
2025-09-04T10:22:23.123265,0,10615,1.0,1,34.1
2025-09-04T10:22:23.628411,0,10615,1.0,1,26.4
2025-09-04T10:22:24.133581,0,10615,1.0,1,26.4
2025-09-04T10:22:24.634446,0,10615,1.0,1,24.0
2025-09-04T10:22:25.139509,0,10615,1.0,1,29.5
2025-09-04T10:22:25.642100,0,10615,1.0,1,12.7
2025-09-04T10:22:26.147252,0,10615,1.0,1,13.4
2025-09-04T10:22:26.652428,0,10615,1.0,1,11.2
2025-09-04T10:22:27.157597,0,10615,1.0,1,9.7
2025-09-04T10:22:27.662797,0,10615,1.0,1,10.2
2025-09-04T10:22:28.167977,0,10615,1.0,1,10.1
2025-09-04T10:22:28.673210,0,10615,1.0,1,9.9
2025-09-04T10:22:29.178855,0,10615,1.0,1,13.4
2025-09-04T10:22:29.682926,0,10615,1.0,1,9.0
2025-09-04T10:22:30.188140,0,10615,1.0,1,9.7
2025-09-04T10:22:30.690179,0,10615,1.0,1,7.5
2025-09-04T10:22:31.193632,0,10615,1.0,1,0.7
2025-09-04T10:22:31.698788,0,10615,1.0,1,1.0
2025-09-04T10:22:32.203967,0,10615,1.0,1,2.2
2025-09-04T10:22:32.705921,0,10615,1.0,1,1.2
2025-09-04T10:22:33.207127,0,10615,1.0,1,2.7
2025-09-04T10:22:33.708312,0,10615,1.0,1,1.2
2025-09-04T10:22:34.213539,0,10615,1.0,1,10.2
2025-09-04T10:22:34.717434,0,10615,1.0,1,6.2
2025-09-04T10:22:35.219494,0,10615,1.0,1,9.0
2025-09-04T10:22:35.720761,0,10615,1.0,1,5.5
2025-09-04T10:22:36.226007,0,10615,1.0,1,5.7
2025-09-04T10:22:36.731264,0,10615,1.0,1,5.7
2025-09-04T10:22:37.236530,0,10615,1.0,1,8.4
2025-09-04T10:22:37.738772,0,10615,1.0,1,5.8
2025-09-04T10:22:38.244024,0,10615,1.0,1,6.7
2025-09-04T10:22:38.749075,0,10615,1.0,1,12.2
2025-09-04T10:22:39.253681,0,10615,1.0,1,12.2
2025-09-04T10:22:39.758950,0,10615,1.0,1,8.2
2025-09-04T10:22:40.264240,0,10615,1.0,1,1.7
2025-09-04T10:22:40.769562,0,10615,1.0,1,1.5
2025-09-04T10:22:41.274845,0,10615,1.0,1,2.0
2025-09-04T10:22:41.779847,0,10615,1.0,1,1.0
2025-09-04T10:22:42.282563,0,10615,1.0,1,2.5
2025-09-04T10:22:42.786137,0,10615,1.0,1,14.5
2025-09-04T10:22:43.291909,0,10615,1.0,1,3.5
2025-09-04T10:22:43.797202,0,10615,1.0,1,4.5
2025-09-04T10:22:44.302500,0,10615,1.0,1,7.9
2025-09-04T10:22:44.807753,0,10615,1.0,1,4.5
2025-09-04T10:22:45.313065,0,10615,1.0,1,1.2
2025-09-04T10:22:45.818116,0,10615,1.0,1,1.0
2025-09-04T10:22:46.323434,0,10615,1.0,1,1.2
2025-09-04T10:22:46.825964,0,10615,1.0,1,1.8
2025-09-04T10:22:47.331259,0,10615,1.0,1,1.0
2025-09-04T10:22:47.836461,0,10615,1.0,1,1.2
2025-09-04T10:22:48.340452,0,10615,1.0,1,0.2
2025-09-04T10:22:48.845732,0,10615,1.0,1,1.2
2025-09-04T10:22:49.348334,0,10615,1.0,1,1.2
2025-09-04T10:22:49.853355,0,10615,1.0,1,4.2
2025-09-04T10:22:50.358661,0,10615,1.0,1,2.5
2025-09-04T10:22:50.861082,0,10615,1.0,1,1.0
2025-09-04T10:22:51.366418,0,10615,1.0,1,1.5
2025-09-04T10:22:51.870866,0,10615,1.0,1,1.5
2025-09-04T10:22:52.376122,0,10615,1.0,1,1.5
2025-09-04T10:22:52.878690,0,10615,1.0,1,1.2
2025-09-04T10:22:53.382195,0,10615,1.0,1,1.5
2025-09-04T10:22:53.887551,0,10615,1.0,1,11.7
2025-09-04T10:22:54.392940,0,10615,1.0,1,1.7
2025-09-04T10:22:54.894634,0,10615,1.0,1,2.5
2025-09-04T10:22:55.395835,0,10615,1.0,1,1.0
2025-09-04T10:22:55.901165,0,10615,1.0,1,1.7
2025-09-04T10:22:56.406487,0,10615,1.0,1,1.7
2025-09-04T10:22:56.911804,0,10615,1.0,1,1.2
2025-09-04T10:22:57.417131,0,10615,1.0,1,2.2
2025-09-04T10:22:57.922484,0,10615,1.0,1,1.7
2025-09-04T10:22:58.427809,0,10615,1.0,1,1.5
2025-09-04T10:22:58.933160,0,10615,1.0,1,2.7
2025-09-04T10:22:59.438041,0,10615,1.0,1,27.0
2025-09-04T10:22:59.943406,0,10615,1.0,1,31.2
2025-09-04T10:23:00.446393,0,10615,1.0,1,37.5
2025-09-04T10:23:00.947151,0,10615,1.0,1,38.0
2025-09-04T10:23:01.452456,0,10615,1.0,1,23.4
2025-09-04T10:23:01.957799,0,10615,1.0,1,27.3
2025-09-04T10:23:02.459019,0,10615,1.0,1,21.6
2025-09-04T10:23:02.961778,0,10615,1.0,1,21.6
2025-09-04T10:23:03.465065,0,10615,1.0,1,29.4
2025-09-04T10:23:03.971162,0,10615,1.0,1,42.5
2025-09-04T10:23:04.474825,0,10615,1.0,1,45.7
2025-09-04T10:23:04.980307,0,10615,1.0,1,45.9
2025-09-04T10:23:05.480912,0,10615,1.0,1,31.3
2025-09-04T10:23:05.986314,0,10615,1.0,1,26.7
2025-09-04T10:23:06.491697,0,10615,1.0,1,34.5
2025-09-04T10:23:06.997606,0,10615,1.0,1,39.7
2025-09-04T10:23:07.502959,0,10615,1.0,1,30.5
2025-09-04T10:23:08.006363,0,10615,1.0,1,20.6
2025-09-04T10:23:08.510234,0,10615,1.0,1,26.6
2025-09-04T10:23:09.015264,0,10615,1.0,1,3.5
2025-09-04T10:23:09.515757,0,10615,1.0,1,1.8
2025-09-04T10:23:10.018143,0,10615,1.0,1,2.5
2025-09-04T10:23:10.523422,0,10615,1.0,1,0.7
2025-09-04T10:23:11.027699,0,10615,1.0,1,1.7
2025-09-04T10:23:11.533016,0,10615,1.0,1,1.5
2025-09-04T10:23:12.038383,0,10615,1.0,1,1.2
2025-09-04T10:23:12.543743,0,10615,1.0,1,1.7
2025-09-04T10:23:13.048318,0,10615,1.0,1,0.0
2025-09-04T10:23:13.550352,0,10615,1.0,1,8.7
2025-09-04T10:23:14.055726,0,10615,1.0,1,5.5
2025-09-04T10:23:14.558600,0,10615,1.0,1,9.2
2025-09-04T10:23:15.063963,0,10615,1.0,1,4.4
2025-09-04T10:23:15.565714,0,10615,1.0,1,3.5
2025-09-04T10:23:16.071065,0,10615,1.0,1,3.0
2025-09-04T10:23:16.575412,0,10615,1.0,1,3.0
2025-09-04T10:23:17.076998,0,10615,1.0,1,4.5
2025-09-04T10:23:17.581716,0,10615,1.0,1,4.7
2025-09-04T10:23:18.087155,0,10615,1.0,1,4.2
2025-09-04T10:23:18.591674,0,10615,1.0,1,3.5
2025-09-04T10:23:19.097056,0,10615,1.0,1,4.7
2025-09-04T10:23:19.602474,0,10615,1.0,1,3.7
2025-09-04T10:23:20.104344,0,10615,1.0,1,6.9
2025-09-04T10:23:20.610126,0,10615,1.0,1,2.2
2025-09-04T10:23:21.112681,0,10615,1.0,1,5.0
2025-09-04T10:23:21.618097,0,10615,1.0,1,2.5
2025-09-04T10:23:22.123441,0,10615,1.0,1,2.5
2025-09-04T10:23:22.628815,0,10615,1.0,1,1.0
2025-09-04T10:23:23.133620,0,10615,1.0,1,2.0
2025-09-04T10:23:23.639021,0,10615,1.0,1,3.9
2025-09-04T10:23:24.144386,0,10615,1.0,1,0.8
2025-09-04T10:23:24.648253,0,10615,1.0,1,1.2
2025-09-04T10:23:25.149577,0,10615,1.0,1,1.5
2025-09-04T10:23:25.651443,0,10615,1.0,1,1.0
2025-09-04T10:23:26.156841,0,10615,1.0,1,0.7
2025-09-04T10:23:26.662173,0,10615,1.0,1,0.7
2025-09-04T10:23:27.167489,0,10615,1.0,1,2.0
2025-09-04T10:23:27.668219,0,10615,1.0,1,3.3
2025-09-04T10:23:28.173554,0,10615,1.0,1,1.2
2025-09-04T10:23:28.674747,0,10615,1.0,1,1.2
2025-09-04T10:23:29.176197,0,10615,1.0,1,4.2
2025-09-04T10:23:29.681545,0,10615,1.0,1,0.7
2025-09-04T10:23:30.184237,0,10615,1.0,1,1.0
2025-09-04T10:23:30.689551,0,10615,1.0,1,1.7
2025-09-04T10:23:31.192861,0,10615,1.0,1,0.8
2025-09-04T10:23:31.693488,0,10615,1.0,1,0.5
2025-09-04T10:23:32.197181,0,10615,1.0,1,1.2
2025-09-04T10:23:32.702501,0,10615,1.0,1,1.2
2025-09-04T10:23:33.207873,0,10615,1.0,1,3.2
2025-09-04T10:23:33.712942,0,10615,1.0,1,1.0
2025-09-04T10:23:34.218287,0,10615,1.0,1,1.5
2025-09-04T10:23:34.723617,0,10615,1.0,1,1.2
2025-09-04T10:23:35.224206,0,10615,1.0,1,2.2
2025-09-04T10:23:35.724781,0,10615,1.0,1,0.5
2025-09-04T10:23:36.227868,0,10615,1.0,1,2.0
2025-09-04T10:23:36.729540,0,10615,1.0,1,1.0
2025-09-04T10:23:37.234887,0,10615,1.0,1,2.0
2025-09-04T10:23:37.740240,0,10615,1.0,1,2.0
2025-09-04T10:23:38.242933,0,10615,1.0,1,1.0
2025-09-04T10:23:38.748350,0,10615,1.0,1,3.5
2025-09-04T10:23:39.253788,0,10615,1.0,1,2.2
2025-09-04T10:23:39.759155,0,10615,1.0,1,1.5
2025-09-04T10:23:40.264153,0,10615,1.0,1,2.5
2025-09-04T10:23:40.769544,0,10615,1.0,1,2.0
2025-09-04T10:23:41.274862,0,10615,1.0,1,1.0
2025-09-04T10:23:41.780186,0,10615,1.0,1,1.5
2025-09-04T10:23:42.285529,0,10615,1.0,1,1.2
2025-09-04T10:23:42.786651,0,10615,1.0,1,17.8
2025-09-04T10:23:43.292031,0,10615,1.0,1,4.5
2025-09-04T10:23:43.797850,0,10615,1.0,1,3.0
2025-09-04T10:23:44.303098,0,10615,1.0,1,2.7
2025-09-04T10:23:44.805207,0,10615,1.0,1,5.0
2025-09-04T10:23:45.309359,0,10615,1.0,1,7.0
2025-09-04T10:23:45.810673,0,10615,1.0,1,1.0
2025-09-04T10:23:46.315999,0,10615,1.0,1,1.7
2025-09-04T10:23:46.820591,0,10615,1.0,1,1.7
2025-09-04T10:23:47.325913,0,10615,1.0,1,1.2
2025-09-04T10:23:47.831247,0,10615,1.0,1,0.5
2025-09-04T10:23:48.336599,0,10615,1.0,1,1.2
2025-09-04T10:23:48.841946,0,10615,1.0,1,1.5
2025-09-04T10:23:49.347264,0,10615,1.0,1,1.0
2025-09-04T10:23:49.847699,0,10615,1.0,1,4.0
2025-09-04T10:23:50.349422,0,10615,1.0,1,5.0
2025-09-04T10:23:50.854808,0,10615,1.0,1,1.2
2025-09-04T10:23:51.357699,0,10615,1.0,1,1.2
2025-09-04T10:23:51.860355,0,10615,1.0,1,2.2
2025-09-04T10:23:52.365343,0,10615,1.0,1,1.7
2025-09-04T10:23:52.870684,0,10615,1.0,1,1.2
2025-09-04T10:23:53.373384,0,10615,1.0,1,0.5
2025-09-04T10:23:53.873926,0,10615,1.0,1,1.0
2025-09-04T10:23:54.379257,0,10615,1.0,1,1.2
2025-09-04T10:23:54.884605,0,10615,1.0,1,1.2
2025-09-04T10:23:55.389964,0,10615,1.0,1,0.5
2025-09-04T10:23:55.891463,0,10615,1.0,1,1.5
2025-09-04T10:23:56.392050,0,10615,1.0,1,0.7
2025-09-04T10:23:56.897434,0,10615,1.0,1,1.5
2025-09-04T10:23:57.400031,0,10615,1.0,1,0.8
2025-09-04T10:23:57.901404,0,10615,1.0,1,2.2
2025-09-04T10:23:58.406805,0,10615,1.0,1,4.5
2025-09-04T10:23:58.912171,0,10615,1.0,1,1.2
2025-09-04T10:23:59.417474,0,10615,1.0,1,14.1
2025-09-04T10:23:59.922732,0,10615,1.0,1,3.7
2025-09-04T10:24:00.424212,0,10615,1.0,1,3.0
2025-09-04T10:24:00.925971,0,10615,1.0,1,5.5
2025-09-04T10:24:01.431342,0,10615,1.0,1,5.2
2025-09-04T10:24:01.934896,0,10615,1.0,1,4.0
2025-09-04T10:24:02.439997,0,10615,1.0,1,23.8
2025-09-04T10:24:02.945327,0,10615,1.0,1,12.9
2025-09-04T10:24:03.447541,0,10615,1.0,1,46.5
2025-09-04T10:24:03.949261,0,10615,1.0,1,15.5
2025-09-04T10:24:04.454650,0,10615,1.0,1,16.2
2025-09-04T10:24:04.959978,0,10615,1.0,1,17.3
2025-09-04T10:24:05.460605,0,10615,1.0,1,19.0
2025-09-04T10:24:05.965908,0,10615,1.0,1,23.9
2025-09-04T10:24:06.466416,0,10615,1.0,1,25.2
2025-09-04T10:24:06.969618,0,10615,1.0,1,18.8
2025-09-04T10:24:07.474862,0,10615,1.0,1,25.4
2025-09-04T10:24:07.980228,0,10615,1.0,1,17.0
2025-09-04T10:24:08.485635,0,10615,1.0,1,12.7
2025-09-04T10:24:08.990992,0,10615,1.0,1,15.3
2025-09-04T10:24:09.495992,0,10615,1.0,1,3.0
2025-09-04T10:24:10.001341,0,10615,1.0,1,6.7
2025-09-04T10:24:10.506722,0,10615,1.0,1,14.1
2025-09-04T10:24:11.012088,0,10615,1.0,1,5.2
2025-09-04T10:24:11.517491,0,10615,1.0,1,2.5
2025-09-04T10:24:12.022915,0,10615,1.0,1,6.0
2025-09-04T10:24:12.527233,0,10615,1.0,1,6.2
2025-09-04T10:24:13.032499,0,10615,1.0,1,27.0
2025-09-04T10:24:13.538064,0,10615,1.0,1,7.4
2025-09-04T10:24:14.040028,0,10615,1.0,1,5.0
2025-09-04T10:24:14.541837,0,10615,1.0,1,11.3
2025-09-04T10:24:15.047192,0,10615,1.0,1,7.7
2025-09-04T10:24:15.552565,0,10615,1.0,1,14.3
2025-09-04T10:24:16.057994,0,10615,1.0,1,7.7
2025-09-04T10:24:16.563407,0,10615,1.0,1,14.1
2025-09-04T10:24:17.065488,0,10615,1.0,1,24.7
2025-09-04T10:24:17.567149,0,10615,1.0,1,15.6
2025-09-04T10:24:18.072554,0,10615,1.0,1,13.6
2025-09-04T10:24:18.574796,0,10615,1.0,1,14.9
2025-09-04T10:24:19.080109,0,10615,1.0,1,5.7
2025-09-04T10:24:19.585575,0,10615,1.0,1,7.2
2025-09-04T10:24:20.087397,0,10615,1.0,1,11.8
2025-09-04T10:24:20.593275,0,10615,1.0,1,4.5
2025-09-04T10:24:21.098594,0,10615,1.0,1,16.0
2025-09-04T10:24:21.603861,0,10615,1.0,1,4.0
2025-09-04T10:24:22.106746,0,10615,1.0,1,3.5
2025-09-04T10:24:22.612162,0,10615,1.0,1,4.0
2025-09-04T10:24:23.117537,0,10615,1.0,1,4.7
2025-09-04T10:24:23.622913,0,10615,1.0,1,1.5
2025-09-04T10:24:24.126046,0,10615,1.0,1,4.5
2025-09-04T10:24:24.631500,0,10615,1.0,1,15.0
2025-09-04T10:24:25.136948,0,10615,1.0,1,17.8
2025-09-04T10:24:25.639994,0,10615,1.0,1,17.2
2025-09-04T10:24:26.145358,0,10615,1.0,1,7.7
2025-09-04T10:24:26.650728,0,10615,1.0,1,3.2
2025-09-04T10:24:27.156100,0,10615,1.0,1,17.4
2025-09-04T10:24:27.661560,0,10615,1.0,1,4.9
2025-09-04T10:24:28.166993,0,10615,1.0,1,3.2
2025-09-04T10:24:28.669369,0,10615,1.0,1,1.8
2025-09-04T10:24:29.172715,0,10615,1.0,1,8.4
2025-09-04T10:24:29.678128,0,10615,1.0,1,1.7
2025-09-04T10:24:30.183570,0,10615,1.0,1,2.5
2025-09-04T10:24:30.688639,0,10615,1.0,1,6.5
2025-09-04T10:24:31.189357,0,10615,1.0,1,4.7
2025-09-04T10:24:31.694721,0,10615,1.0,1,3.0
2025-09-04T10:24:32.196662,0,10615,1.0,1,3.5
2025-09-04T10:24:32.702042,0,10615,1.0,1,1.7
2025-09-04T10:24:33.207401,0,10615,1.0,1,22.1
2025-09-04T10:24:33.712717,0,10615,1.0,1,14.4
2025-09-04T10:24:34.216147,0,10615,1.0,1,1.5
2025-09-04T10:24:34.721558,0,10615,1.0,1,4.2
2025-09-04T10:24:35.226941,0,10615,1.0,1,5.5
2025-09-04T10:24:35.730829,0,10615,1.0,1,5.8
2025-09-04T10:24:36.236186,0,10615,1.0,1,2.4
2025-09-04T10:24:36.738452,0,10615,1.0,1,3.0
2025-09-04T10:24:37.243863,0,10615,1.0,1,2.0
2025-09-04T10:24:37.749217,0,10615,1.0,1,1.7
2025-09-04T10:24:38.254464,0,10615,1.0,1,2.0
2025-09-04T10:24:38.759815,0,10615,1.0,1,6.8
2025-09-04T10:24:39.265498,0,10615,1.0,1,5.2
2025-09-04T10:24:39.767932,0,10615,1.0,1,4.7
2025-09-04T10:24:40.272126,0,10615,1.0,1,3.2
2025-09-04T10:24:40.777533,0,10615,1.0,1,4.2
2025-09-04T10:24:41.281765,0,10615,1.0,1,1.7
2025-09-04T10:24:41.787132,0,10615,1.0,1,4.2
2025-09-04T10:24:42.292645,0,10615,1.0,1,5.4
2025-09-04T10:24:42.797766,0,10615,1.0,1,2.0
2025-09-04T10:24:43.303279,0,10615,1.0,1,20.1
2025-09-04T10:24:43.808695,0,10615,1.0,1,7.5
2025-09-04T10:24:44.313244,0,10615,1.0,1,7.6
2025-09-04T10:24:44.817200,0,10615,1.0,1,10.7
2025-09-04T10:24:45.322785,0,10615,1.0,1,6.0
2025-09-04T10:24:45.828216,0,10615,1.0,1,6.9
2025-09-04T10:24:46.329950,0,10615,1.0,1,2.5
2025-09-04T10:24:46.832954,0,10615,1.0,1,23.6
2025-09-04T10:24:47.337158,0,10615,1.0,1,2.0
2025-09-04T10:24:47.842530,0,10615,1.0,1,4.5
2025-09-04T10:24:48.346484,0,10615,1.0,1,6.7
2025-09-04T10:24:48.850639,0,10615,1.0,1,2.2
2025-09-04T10:24:49.356034,0,10615,1.0,1,3.7
2025-09-04T10:24:49.857443,0,10615,1.0,1,7.3
2025-09-04T10:24:50.362769,0,10615,1.0,1,5.9
2025-09-04T10:24:50.868224,0,10615,1.0,1,5.0
2025-09-04T10:24:51.369975,0,10615,1.0,1,6.3
2025-09-04T10:24:51.872572,0,10615,1.0,1,3.0
2025-09-04T10:24:52.377939,0,10615,1.0,1,2.2
2025-09-04T10:24:52.881337,0,10615,1.0,1,4.7
2025-09-04T10:24:53.386659,0,10615,1.0,1,1.5
2025-09-04T10:24:53.890647,0,10615,1.0,1,3.2
2025-09-04T10:24:54.396095,0,10615,1.0,1,6.5
2025-09-04T10:24:54.897379,0,10615,1.0,1,5.3
2025-09-04T10:24:55.399865,0,10615,1.0,1,2.5
2025-09-04T10:24:55.901768,0,10615,1.0,1,6.3
2025-09-04T10:24:56.404153,0,10615,1.0,1,14.7
2025-09-04T10:24:56.909495,0,10615,1.0,1,2.2
2025-09-04T10:24:57.414844,0,10615,1.0,1,6.9
2025-09-04T10:24:57.920175,0,10615,1.0,1,3.5
2025-09-04T10:24:58.422710,0,10615,1.0,1,5.5
2025-09-04T10:24:58.928149,0,10615,1.0,1,4.7
2025-09-04T10:24:59.433513,0,10615,1.0,1,4.5
2025-09-04T10:24:59.938481,0,10615,1.0,1,4.2
2025-09-04T10:25:00.443872,0,10615,1.0,1,5.0
2025-09-04T10:25:00.949254,0,10615,1.0,1,5.9
2025-09-04T10:25:01.454814,0,10615,1.0,1,3.5
2025-09-04T10:25:01.959375,0,10615,1.0,1,3.0
2025-09-04T10:25:02.461486,0,10615,1.0,1,12.5
2025-09-04T10:25:02.966872,0,10615,1.0,1,1.7
2025-09-04T10:25:03.472223,0,10615,1.0,1,2.0
2025-09-04T10:25:03.977594,0,10615,1.0,1,1.7
2025-09-04T10:25:04.479807,0,10615,1.0,1,2.5
2025-09-04T10:25:04.985189,0,10615,1.0,1,2.2
2025-09-04T10:25:05.490590,0,10615,1.0,1,3.7
2025-09-04T10:25:05.995366,0,10615,1.0,1,1.7
2025-09-04T10:25:06.496502,0,10615,1.0,1,10.7
2025-09-04T10:25:06.999234,0,10615,1.0,1,14.5
2025-09-04T10:25:07.503707,0,10615,1.0,1,13.6
2025-09-04T10:25:08.007879,0,10615,1.0,1,9.7
2025-09-04T10:25:08.513212,0,10615,1.0,1,1.2
2025-09-04T10:25:09.015875,0,10615,1.0,1,1.2
2025-09-04T10:25:09.520935,0,10615,1.0,1,1.2
2025-09-04T10:25:10.026327,0,10615,1.0,1,2.0
2025-09-04T10:25:10.529804,0,10615,1.0,1,1.7
2025-09-04T10:25:11.034831,0,10615,1.0,1,2.5
2025-09-04T10:25:11.540113,0,10615,1.0,1,1.2
2025-09-04T10:25:12.041169,0,10615,1.0,1,7.3
2025-09-04T10:25:12.546429,0,10615,1.0,1,6.6
2025-09-04T10:25:13.047648,0,10615,1.0,1,2.7
2025-09-04T10:25:13.549864,0,10615,1.0,1,14.1
2025-09-04T10:25:14.055310,0,10615,1.0,1,11.8
2025-09-04T10:25:14.560712,0,10615,1.0,1,23.8
2025-09-04T10:25:15.063737,0,10615,1.0,1,4.0
2025-09-04T10:25:15.564609,0,10615,1.0,1,2.5
2025-09-04T10:25:16.069955,0,10615,1.0,1,1.5
2025-09-04T10:25:16.575365,0,10615,1.0,1,2.2
2025-09-04T10:25:17.079510,0,10615,1.0,1,2.0
2025-09-04T10:25:17.584921,0,10615,1.0,1,1.7
2025-09-04T10:25:18.085696,0,10615,1.0,1,2.0
2025-09-04T10:25:18.591106,0,10615,1.0,1,1.0
2025-09-04T10:25:19.096464,0,10615,1.0,1,2.0
2025-09-04T10:25:19.601816,0,10615,1.0,1,1.0
2025-09-04T10:25:20.104267,0,10615,1.0,1,5.3
2025-09-04T10:25:20.605147,0,10615,1.0,1,1.5
2025-09-04T10:25:21.108560,0,10615,1.0,1,4.0
2025-09-04T10:25:21.613008,0,10615,1.0,1,2.7
2025-09-04T10:25:22.115879,0,10615,1.0,1,2.5
2025-09-04T10:25:22.621234,0,10615,1.0,1,2.2
2025-09-04T10:25:23.126590,0,10615,1.0,1,2.5
2025-09-04T10:25:23.632006,0,10615,1.0,1,1.7
2025-09-04T10:25:24.137391,0,10615,1.0,1,2.0
2025-09-04T10:25:24.642453,0,10615,1.0,1,1.2
2025-09-04T10:25:25.143846,0,10615,1.0,1,2.0
2025-09-04T10:25:25.648747,0,10615,1.0,1,1.7
2025-09-04T10:25:26.150812,0,10615,1.0,1,2.0
2025-09-04T10:25:26.653182,0,10615,1.0,1,2.7
2025-09-04T10:25:27.154546,0,10615,1.0,1,1.8
2025-09-04T10:25:27.659934,0,10615,1.0,1,9.6
2025-09-04T10:25:28.165230,0,10615,1.0,1,13.6
2025-09-04T10:25:28.670478,0,10615,1.0,1,20.8
2025-09-04T10:25:29.175685,0,10615,1.0,1,22.8
2025-09-04T10:25:29.680989,0,10615,1.0,1,20.9
2025-09-04T10:25:30.186353,0,10615,1.0,1,7.5
2025-09-04T10:25:30.690538,0,10615,1.0,1,2.0
2025-09-04T10:25:31.195880,0,10615,1.0,1,2.0
2025-09-04T10:25:31.701225,0,10615,1.0,1,1.5
2025-09-04T10:25:32.205111,0,10615,1.0,1,1.8
2025-09-04T10:25:32.706439,0,10615,1.0,1,1.7
2025-09-04T10:25:33.211772,0,10615,1.0,1,2.2
2025-09-04T10:25:33.713474,0,10615,1.0,1,14.3
2025-09-04T10:25:34.215793,0,10615,1.0,1,3.5
2025-09-04T10:25:34.721148,0,10615,1.0,1,5.0
2025-09-04T10:25:35.223928,0,10615,1.0,1,7.4
2025-09-04T10:25:35.724353,0,10615,1.0,1,5.0
2025-09-04T10:25:36.229630,0,10615,1.0,1,2.0
2025-09-04T10:25:36.733140,0,10615,1.0,1,2.2
2025-09-04T10:25:37.238506,0,10615,1.0,1,1.7
2025-09-04T10:25:37.743863,0,10615,1.0,1,1.5
2025-09-04T10:25:38.246209,0,10615,1.0,1,1.2
2025-09-04T10:25:38.751568,0,10615,1.0,1,1.0
2025-09-04T10:25:39.255759,0,10615,1.0,1,1.5
2025-09-04T10:25:39.758749,0,10615,1.0,1,12.9
2025-09-04T10:25:40.262931,0,10615,1.0,1,11.0
2025-09-04T10:25:40.768286,0,10615,1.0,1,1.7
2025-09-04T10:25:41.273643,0,10615,1.0,1,3.5
2025-09-04T10:25:41.778995,0,10615,1.0,1,2.2
2025-09-04T10:25:42.281553,0,10615,1.0,1,2.0
2025-09-04T10:25:42.786195,0,10615,1.0,1,2.0
2025-09-04T10:25:43.289658,0,10615,1.0,1,33.7
2025-09-04T10:25:43.795475,0,10615,1.0,1,6.1
2025-09-04T10:25:44.297453,0,10615,1.0,1,2.7
2025-09-04T10:25:44.802707,0,10615,1.0,1,3.5
2025-09-04T10:25:45.308052,0,10615,1.0,1,3.0
2025-09-04T10:25:45.810421,0,10615,1.0,1,1.5
2025-09-04T10:25:46.315783,0,10615,1.0,1,1.2
2025-09-04T10:25:46.821145,0,10615,1.0,1,2.0
2025-09-04T10:25:47.325472,0,10615,1.0,1,1.5
2025-09-04T10:25:47.827649,0,10615,1.0,1,1.7
2025-09-04T10:25:48.331178,0,10615,1.0,1,13.1
2025-09-04T10:25:48.834424,0,10615,1.0,1,10.8
2025-09-04T10:25:49.339800,0,10615,1.0,1,2.5
2025-09-04T10:25:49.842888,0,10615,1.0,1,3.0
2025-09-04T10:25:50.344124,0,10615,1.0,1,6.8
2025-09-04T10:25:50.846256,0,10615,1.0,1,5.2
2025-09-04T10:25:51.351686,0,10615,1.0,1,1.7
2025-09-04T10:25:51.854035,0,10615,1.0,1,2.2
2025-09-04T10:25:52.359397,0,10615,1.0,1,1.7
2025-09-04T10:25:52.861253,0,10615,1.0,1,1.5
2025-09-04T10:25:53.364976,0,10615,1.0,1,1.5
2025-09-04T10:25:53.870349,0,10615,1.0,1,1.5
2025-09-04T10:25:54.375744,0,10615,1.0,1,1.7
2025-09-04T10:25:54.879446,0,10615,1.0,1,1.5
2025-09-04T10:25:55.384794,0,10615,1.0,1,1.7
2025-09-04T10:25:55.890158,0,10615,1.0,1,2.0
2025-09-04T10:25:56.395513,0,10615,1.0,1,2.0
2025-09-04T10:25:56.896105,0,10615,1.0,1,1.7
2025-09-04T10:25:57.399173,0,10615,1.0,1,1.7
2025-09-04T10:25:57.904546,0,10615,1.0,1,3.2
2025-09-04T10:25:58.405457,0,10615,1.0,1,2.2
2025-09-04T10:25:58.910833,0,10615,1.0,1,1.7
2025-09-04T10:25:59.415739,0,10615,1.0,1,4.2
2025-09-04T10:25:59.921118,0,10615,1.0,1,2.5
2025-09-04T10:26:00.422486,0,10615,1.0,1,4.3
2025-09-04T10:26:00.925027,0,10615,1.0,1,5.8
2025-09-04T10:26:01.430739,0,10615,1.0,1,3.7
2025-09-04T10:26:01.933065,0,10615,1.0,1,3.0
2025-09-04T10:26:02.438415,0,10615,1.0,1,1.7
2025-09-04T10:26:02.941105,0,10615,1.0,1,3.3
2025-09-04T10:26:03.446457,0,10615,1.0,1,2.0
2025-09-04T10:26:03.947765,0,10615,1.0,1,2.2
2025-09-04T10:26:04.450384,0,10615,1.0,1,4.0
2025-09-04T10:26:04.955749,0,10615,1.0,1,2.9
2025-09-04T10:26:05.461105,0,10615,1.0,1,1.5
2025-09-04T10:26:05.962707,0,10615,1.0,1,2.0
2025-09-04T10:26:06.466401,0,10615,1.0,1,9.0
2025-09-04T10:26:06.967646,0,10615,1.0,1,14.4
2025-09-04T10:26:07.473050,0,10615,1.0,1,14.1
2025-09-04T10:26:07.978434,0,10615,1.0,1,10.6
2025-09-04T10:26:08.483780,0,10615,1.0,1,1.2
2025-09-04T10:26:08.984259,0,10615,1.0,1,1.5
2025-09-04T10:26:09.489610,0,10615,1.0,1,1.0
2025-09-04T10:26:09.994976,0,10615,1.0,1,2.2
2025-09-04T10:26:10.500354,0,10615,1.0,1,2.2
2025-09-04T10:26:11.005027,0,10615,1.0,1,2.0
2025-09-04T10:26:11.506332,0,10615,1.0,1,4.5
2025-09-04T10:26:12.007742,0,10615,1.0,1,7.0
2025-09-04T10:26:12.511660,0,10615,1.0,1,15.2
2025-09-04T10:26:13.014424,0,10615,1.0,1,4.5
2025-09-04T10:26:13.519775,0,10615,1.0,1,26.5
2025-09-04T10:26:14.025474,0,10615,1.0,1,5.7
2025-09-04T10:26:14.529388,0,10615,1.0,1,8.7
2025-09-04T10:26:15.031703,0,10615,1.0,1,6.0
2025-09-04T10:26:15.533047,0,10615,1.0,1,18.2
2025-09-04T10:26:16.037003,0,10615,1.0,1,19.9
2025-09-04T10:26:16.542401,0,10615,1.0,1,18.7
2025-09-04T10:26:17.047726,0,10615,1.0,1,5.7
2025-09-04T10:26:17.553144,0,10615,1.0,1,4.7
2025-09-04T10:26:18.057255,0,10615,1.0,1,6.2
2025-09-04T10:26:18.562376,0,10615,1.0,1,3.2
2025-09-04T10:26:19.067858,0,10615,1.0,1,6.4
2025-09-04T10:26:19.573297,0,10615,1.0,1,18.5
2025-09-04T10:26:20.078664,0,10615,1.0,1,31.5
2025-09-04T10:26:20.584423,0,10615,1.0,1,18.2
2025-09-04T10:26:21.088486,0,10615,1.0,1,6.9
2025-09-04T10:26:21.591782,0,10615,1.0,1,7.8
2025-09-04T10:26:22.095963,0,10615,1.0,1,7.7
2025-09-04T10:26:22.601335,0,10615,1.0,1,13.2
2025-09-04T10:26:23.106769,0,10615,1.0,1,15.3
2025-09-04T10:26:23.607655,0,10615,1.0,1,26.5
2025-09-04T10:26:24.112981,0,10615,1.0,1,9.2
2025-09-04T10:26:24.618354,0,10615,1.0,1,17.3
2025-09-04T10:26:25.122417,0,10615,1.0,1,5.7
2025-09-04T10:26:25.627799,0,10615,1.0,1,2.5
2025-09-04T10:26:26.128657,0,10615,1.0,1,5.0
2025-09-04T10:26:26.634052,0,10615,1.0,1,2.5
2025-09-04T10:26:27.138279,0,10615,1.0,1,4.5
2025-09-04T10:26:27.640197,0,10615,1.0,1,4.0
2025-09-04T10:26:28.141041,0,10615,1.0,1,6.0
2025-09-04T10:26:28.645860,0,10615,1.0,1,2.0
2025-09-04T10:26:29.151286,0,10615,1.0,1,5.5
2025-09-04T10:26:29.656700,0,10615,1.0,1,6.6
2025-09-04T10:26:30.161543,0,10615,1.0,1,6.5
2025-09-04T10:26:30.662538,0,10615,1.0,1,5.2
2025-09-04T10:26:31.166763,0,10615,1.0,1,2.5
2025-09-04T10:26:31.670297,0,10615,1.0,1,3.7
2025-09-04T10:26:32.172449,0,10615,1.0,1,6.5
2025-09-04T10:26:32.677815,0,10615,1.0,1,1.5
2025-09-04T10:26:33.180924,0,10615,1.0,1,15.4
2025-09-04T10:26:33.686282,0,10615,1.0,1,14.6
2025-09-04T10:26:34.188588,0,10615,1.0,1,4.0
2025-09-04T10:26:34.689768,0,10615,1.0,1,6.0
2025-09-04T10:26:35.191794,0,10615,1.0,1,5.7
2025-09-04T10:26:35.692994,0,10615,1.0,1,5.5
2025-09-04T10:26:36.195875,0,10615,1.0,1,6.7
2025-09-04T10:26:36.699480,0,10615,1.0,1,2.2
2025-09-04T10:26:37.200714,0,10615,1.0,1,7.3
2025-09-04T10:26:37.703627,0,10615,1.0,1,3.5
2025-09-04T10:26:38.208969,0,10615,1.0,1,16.3
2025-09-04T10:26:38.712490,0,10615,1.0,1,2.5
2025-09-04T10:26:39.217885,0,10615,1.0,1,2.7
2025-09-04T10:26:39.719792,0,10615,1.0,1,6.0
2025-09-04T10:26:40.225269,0,10615,1.0,1,6.2
2025-09-04T10:26:40.729206,0,10615,1.0,1,6.2
2025-09-04T10:26:41.233293,0,10615,1.0,1,6.0
2025-09-04T10:26:41.735458,0,10615,1.0,1,5.5
2025-09-04T10:26:42.236963,0,10615,1.0,1,8.5
2025-09-04T10:26:42.737374,0,10615,1.0,1,8.3
2025-09-04T10:26:43.239984,0,10615,1.0,1,16.8
2025-09-04T10:26:43.745399,0,10615,1.0,1,16.1
2025-09-04T10:26:44.251183,0,10615,1.0,1,7.1
2025-09-04T10:26:44.754383,0,10615,1.0,1,19.2
2025-09-04T10:26:45.254848,0,10615,1.0,1,4.8
2025-09-04T10:26:45.760263,0,10615,1.0,1,6.5
2025-09-04T10:26:46.265674,0,10615,1.0,1,4.7
2025-09-04T10:26:46.771035,0,10615,1.0,1,6.2
2025-09-04T10:26:47.275384,0,10615,1.0,1,2.0
2025-09-04T10:26:47.780129,0,10615,1.0,1,1.5
2025-09-04T10:26:48.282227,0,10615,1.0,1,4.5
2025-09-04T10:26:48.782994,0,10615,1.0,1,6.7
2025-09-04T10:26:49.285449,0,10615,1.0,1,6.2
2025-09-04T10:26:49.786419,0,10615,1.0,1,18.0
2025-09-04T10:26:50.291986,0,10615,1.0,1,8.8
2025-09-04T10:26:50.795738,0,10615,1.0,1,5.7
2025-09-04T10:26:51.298273,0,10615,1.0,1,2.3
2025-09-04T10:26:51.803649,0,10615,1.0,1,2.9
2025-09-04T10:26:52.307691,0,10615,1.0,1,4.0
2025-09-04T10:26:52.812562,0,10615,1.0,1,5.4
2025-09-04T10:26:53.314276,0,10615,1.0,1,5.5
2025-09-04T10:26:53.815578,0,10615,1.0,1,1.8
2025-09-04T10:26:54.316912,0,10615,1.0,1,3.7
2025-09-04T10:26:54.819683,0,10615,1.0,1,4.2
2025-09-04T10:26:55.325100,0,10615,1.0,1,5.2
2025-09-04T10:26:55.829052,0,10615,1.0,1,4.0
2025-09-04T10:26:56.334458,0,10615,1.0,1,2.5
2025-09-04T10:26:56.839613,0,10615,1.0,1,5.4
2025-09-04T10:26:57.341301,0,10615,1.0,1,3.8
2025-09-04T10:26:57.843246,0,10615,1.0,1,14.9
2025-09-04T10:26:58.345695,0,10615,1.0,1,6.8
2025-09-04T10:26:58.850262,0,10615,1.0,1,11.2
2025-09-04T10:26:59.351748,0,10615,1.0,1,6.5
2025-09-04T10:26:59.857143,0,10615,1.0,1,4.5
2025-09-04T10:27:00.361013,0,10615,1.0,1,8.2
2025-09-04T10:27:00.865895,0,10615,1.0,1,12.0
2025-09-04T10:27:01.371261,0,10615,1.0,1,9.2
2025-09-04T10:27:01.876198,0,10615,1.0,1,16.1
2025-09-04T10:27:02.380415,0,10615,1.0,1,2.2
2025-09-04T10:27:02.882357,0,10615,1.0,1,4.8
2025-09-04T10:27:03.387742,0,10615,1.0,1,2.2
2025-09-04T10:27:03.893141,0,10615,1.0,1,2.5
2025-09-04T10:27:04.397537,0,10615,1.0,1,10.0
2025-09-04T10:27:04.902961,0,10615,1.0,1,7.2
2025-09-04T10:27:05.408373,0,10615,1.0,1,17.0
2025-09-04T10:27:05.913750,0,10615,1.0,1,4.2
2025-09-04T10:27:06.418311,0,10615,1.0,1,8.4
2025-09-04T10:27:06.923763,0,10615,1.0,1,22.8
2025-09-04T10:27:07.428977,0,10615,1.0,1,18.7
2025-09-04T10:27:07.934290,0,10615,1.0,1,20.5
2025-09-04T10:27:08.439681,0,10615,1.0,1,4.2
2025-09-04T10:27:08.945086,0,10615,1.0,1,2.5
2025-09-04T10:27:09.445660,0,10615,1.0,1,4.5
2025-09-04T10:27:09.951094,0,10615,1.0,1,5.7
2025-09-04T10:27:10.456518,0,10615,1.0,1,4.7
2025-09-04T10:27:10.961857,0,10615,1.0,1,4.7
2025-09-04T10:27:11.467213,0,10615,1.0,1,4.7
2025-09-04T10:27:11.972630,0,10615,1.0,1,6.7
2025-09-04T10:27:12.477916,0,10615,1.0,1,4.2
2025-09-04T10:27:12.983336,0,10615,1.0,1,4.7
2025-09-04T10:27:13.488927,0,10615,1.0,1,4.2
2025-09-04T10:27:13.994413,0,10615,1.0,1,17.4
2025-09-04T10:27:14.499979,0,10615,1.0,1,6.7
2025-09-04T10:27:15.005404,0,10615,1.0,1,11.6
2025-09-04T10:27:15.510816,0,10615,1.0,1,7.0
2025-09-04T10:27:16.015560,0,10615,1.0,1,16.3
2025-09-04T10:27:16.519604,0,10615,1.0,1,3.5
2025-09-04T10:27:17.024986,0,10615,1.0,1,15.7
2025-09-04T10:27:17.530309,0,10615,1.0,1,4.0
2025-09-04T10:27:18.034207,0,10615,1.0,1,5.2
2025-09-04T10:27:18.539597,0,10615,1.0,1,2.5
2025-09-04T10:27:19.044998,0,10615,1.0,1,4.5
2025-09-04T10:27:19.550384,0,10615,1.0,1,15.0
2025-09-04T10:27:20.055553,0,10615,1.0,1,8.2
2025-09-04T10:27:20.561369,0,10615,1.0,1,7.9
2025-09-04T10:27:21.063360,0,10615,1.0,1,14.8
2025-09-04T10:27:21.564813,0,10615,1.0,1,4.7
2025-09-04T10:27:22.066183,0,10615,1.0,1,5.0
2025-09-04T10:27:22.570051,0,10615,1.0,1,5.7
2025-09-04T10:27:23.075527,0,10615,1.0,1,6.1
2025-09-04T10:27:23.577191,0,10615,1.0,1,4.5
2025-09-04T10:27:24.078823,0,10615,1.0,1,2.0
2025-09-04T10:27:24.584219,0,10615,1.0,1,2.5
2025-09-04T10:27:25.089599,0,10615,1.0,1,2.5
2025-09-04T10:27:25.594423,0,10615,1.0,1,1.5
2025-09-04T10:27:26.095479,0,10615,1.0,1,3.0
2025-09-04T10:27:26.598872,0,10615,1.0,1,4.0
2025-09-04T10:27:27.099885,0,10615,1.0,1,11.8
2025-09-04T10:27:27.603243,0,10615,1.0,1,8.0
2025-09-04T10:27:28.108564,0,10615,1.0,1,13.7
2025-09-04T10:27:28.613905,0,10615,1.0,1,10.0
2025-09-04T10:27:29.119333,0,10615,1.0,1,16.6
2025-09-04T10:27:29.624736,0,10615,1.0,1,2.0
2025-09-04T10:27:30.128827,0,10615,1.0,1,14.9
2025-09-04T10:27:30.631467,0,10615,1.0,1,8.0
2025-09-04T10:27:31.136863,0,10615,1.0,1,6.2
2025-09-04T10:27:31.637925,0,10615,1.0,1,2.2
2025-09-04T10:27:32.140817,0,10615,1.0,1,1.8
2025-09-04T10:27:32.641888,0,10615,1.0,1,1.7
2025-09-04T10:27:33.147186,0,10615,1.0,1,15.7
2025-09-04T10:27:33.652303,0,10615,1.0,1,3.2
2025-09-04T10:27:34.157681,0,10615,1.0,1,6.0
2025-09-04T10:27:34.663063,0,10615,1.0,1,1.8
2025-09-04T10:27:35.164815,0,10615,1.0,1,5.2
2025-09-04T10:27:35.666127,0,10615,1.0,1,3.7
2025-09-04T10:27:36.171574,0,10615,1.0,1,4.2
2025-09-04T10:27:36.677005,0,10615,1.0,1,5.2
2025-09-04T10:27:37.179902,0,10615,1.0,1,4.7
2025-09-04T10:27:37.685278,0,10615,1.0,1,7.5
2025-09-04T10:27:38.188099,0,10615,1.0,1,2.2
2025-09-04T10:27:38.693449,0,10615,1.0,1,2.0
2025-09-04T10:27:39.198293,0,10615,1.0,1,4.2
2025-09-04T10:27:39.703721,0,10615,1.0,1,9.7
2025-09-04T10:27:40.209124,0,10615,1.0,1,3.5
2025-09-04T10:27:40.711472,0,10615,1.0,1,2.2
2025-09-04T10:27:41.212807,0,10615,1.0,1,2.5
2025-09-04T10:27:41.718177,0,10615,1.0,1,1.2
2025-09-04T10:27:42.221931,0,10615,1.0,1,12.5
2025-09-04T10:27:42.727274,0,10615,1.0,1,7.1
2025-09-04T10:27:43.231907,0,10615,1.0,1,3.5
2025-09-04T10:27:43.732738,0,10615,1.0,1,32.5
2025-09-04T10:27:44.238388,0,10615,1.0,1,6.2
2025-09-04T10:27:44.743086,0,10615,1.0,1,6.7
2025-09-04T10:27:45.248396,0,10615,1.0,1,7.2
2025-09-04T10:27:45.753858,0,10615,1.0,1,3.7
2025-09-04T10:27:46.259045,0,10615,1.0,1,7.5
2025-09-04T10:27:46.759463,0,10615,1.0,1,6.0
2025-09-04T10:27:47.262680,0,10615,1.0,1,6.0
2025-09-04T10:27:47.768059,0,10615,1.0,1,3.5
2025-09-04T10:27:48.271679,0,10615,1.0,1,3.7
2025-09-04T10:27:48.777052,0,10615,1.0,1,14.9
2025-09-04T10:27:49.282362,0,10615,1.0,1,5.2
2025-09-04T10:27:49.787678,0,10615,1.0,1,11.9
2025-09-04T10:27:50.293037,0,10615,1.0,1,6.2
2025-09-04T10:27:50.800816,0,10615,1.0,1,11.4
2025-09-04T10:27:51.305596,0,10615,1.0,1,16.2
2025-09-04T10:27:51.810890,0,10615,1.0,1,15.2
2025-09-04T10:27:52.316269,0,10615,1.0,1,14.6
2025-09-04T10:27:52.817357,0,10615,1.0,1,18.4
2025-09-04T10:27:53.319383,0,10615,1.0,1,7.3
2025-09-04T10:27:53.824656,0,10615,1.0,1,1.5
2025-09-04T10:27:54.329934,0,10615,1.0,1,2.7
2025-09-04T10:27:54.834043,0,10615,1.0,1,1.7
2025-09-04T10:27:55.339383,0,10615,1.0,1,1.7
2025-09-04T10:27:55.844728,0,10615,1.0,1,1.2
2025-09-04T10:27:56.348742,0,10615,1.0,1,1.0
2025-09-04T10:27:56.852796,0,10615,1.0,1,1.2
2025-09-04T10:27:57.358116,0,10615,1.0,1,1.5
2025-09-04T10:27:57.858606,0,10615,1.0,1,1.2
2025-09-04T10:27:58.364020,0,10615,1.0,1,1.2
2025-09-04T10:27:58.869398,0,10615,1.0,1,2.0
2025-09-04T10:27:59.374717,0,10615,1.0,1,3.2
2025-09-04T10:27:59.880088,0,10615,1.0,1,3.0
2025-09-04T10:28:00.385422,0,10615,1.0,1,3.2
2025-09-04T10:28:00.890809,0,10615,1.0,1,4.4
2025-09-04T10:28:01.396143,0,10615,1.0,1,2.5
2025-09-04T10:28:01.900750,0,10615,1.0,1,1.2
2025-09-04T10:28:02.406105,0,10615,1.0,1,1.5
2025-09-04T10:28:02.908145,0,10615,1.0,1,1.7
2025-09-04T10:28:03.413473,0,10615,1.0,1,1.2
2025-09-04T10:28:03.918843,0,10615,1.0,1,1.7
2025-09-04T10:28:04.424017,0,10615,1.0,1,3.7
2025-09-04T10:28:04.929404,0,10615,1.0,1,1.7
2025-09-04T10:28:05.434815,0,10615,1.0,1,1.2
2025-09-04T10:28:05.940157,0,10615,1.0,1,0.7
2025-09-04T10:28:06.445547,0,10615,1.0,1,8.9
2025-09-04T10:28:06.946074,0,10615,1.0,1,14.0
2025-09-04T10:28:07.451496,0,10615,1.0,1,14.1
2025-09-04T10:28:07.956920,0,10615,1.0,1,13.9
2025-09-04T10:28:08.460732,0,10615,1.0,1,2.5
2025-09-04T10:28:08.966143,0,10615,1.0,1,1.5
2025-09-04T10:28:09.471494,0,10615,1.0,1,1.0
2025-09-04T10:28:09.975375,0,10615,1.0,1,1.0
2025-09-04T10:28:10.476709,0,10615,1.0,1,1.5
2025-09-04T10:28:10.977526,0,10615,1.0,1,3.0
2025-09-04T10:28:11.482873,0,10615,1.0,1,1.0
2025-09-04T10:28:11.988272,0,10615,1.0,1,2.0
2025-09-04T10:28:12.493620,0,10615,1.0,1,1.0
2025-09-04T10:28:12.994053,0,10615,1.0,1,1.5
2025-09-04T10:28:13.499410,0,10615,1.0,1,2.0
2025-09-04T10:28:14.004726,0,10615,1.0,1,9.1
2025-09-04T10:28:14.508694,0,10615,1.0,1,2.0
2025-09-04T10:28:15.009942,0,10615,1.0,1,5.7
2025-09-04T10:28:15.515395,0,10615,1.0,1,7.2
2025-09-04T10:28:16.020355,0,10615,1.0,1,5.0
2025-09-04T10:28:16.525668,0,10615,1.0,1,1.0
2025-09-04T10:28:17.029745,0,10615,1.0,1,1.7
2025-09-04T10:28:17.534041,0,10615,1.0,1,0.7
2025-09-04T10:28:18.039381,0,10615,1.0,1,2.0
2025-09-04T10:28:18.540732,0,10615,1.0,1,1.5
2025-09-04T10:28:19.046065,0,10615,1.0,1,0.2
2025-09-04T10:28:19.550098,0,10615,1.0,1,1.0
2025-09-04T10:28:20.053397,0,10615,1.0,1,3.9
2025-09-04T10:28:20.558425,0,10615,1.0,1,1.2
2025-09-04T10:28:21.063783,0,10615,1.0,1,1.0
2025-09-04T10:28:21.564671,0,10615,1.0,1,1.7
2025-09-04T10:28:22.070034,0,10615,1.0,1,1.5
2025-09-04T10:28:22.572730,0,10615,1.0,1,1.5
2025-09-04T10:28:23.077036,0,10615,1.0,1,2.0
2025-09-04T10:28:23.582390,0,10615,1.0,1,0.5
2025-09-04T10:28:24.087474,0,10615,1.0,1,1.5
2025-09-04T10:28:24.592819,0,10615,1.0,1,1.0
2025-09-04T10:28:25.095336,0,10615,1.0,1,3.7
2025-09-04T10:28:25.596707,0,10615,1.0,1,11.8
2025-09-04T10:28:26.098754,0,10615,1.0,1,13.7
2025-09-04T10:28:26.599333,0,10615,1.0,1,1.0
2025-09-04T10:28:27.099755,0,10615,1.0,1,1.3
2025-09-04T10:28:27.605142,0,10615,1.0,1,1.5
2025-09-04T10:28:28.110472,0,10615,1.0,1,1.5
2025-09-04T10:28:28.613086,0,10615,1.0,1,0.7
2025-09-04T10:28:29.118432,0,10615,1.0,1,4.2
2025-09-04T10:28:29.623778,0,10615,1.0,1,0.2
2025-09-04T10:28:30.129126,0,10615,1.0,1,2.0
2025-09-04T10:28:30.634467,0,10615,1.0,1,1.2
2025-09-04T10:28:31.134854,0,10615,1.0,1,1.0
2025-09-04T10:28:31.640188,0,10615,1.0,1,1.0
2025-09-04T10:28:32.144192,0,10615,1.0,1,0.7
2025-09-04T10:28:32.649547,0,10615,1.0,1,1.5
2025-09-04T10:28:33.151029,0,10615,1.0,1,1.0
2025-09-04T10:28:33.656370,0,10615,1.0,1,0.5
2025-09-04T10:28:34.159597,0,10615,1.0,1,2.2
2025-09-04T10:28:34.663304,0,10615,1.0,1,0.5
2025-09-04T10:28:35.168633,0,10615,1.0,1,2.2
2025-09-04T10:28:35.673210,0,10615,1.0,1,1.0
2025-09-04T10:28:36.178556,0,10615,1.0,1,1.0
2025-09-04T10:28:36.682623,0,10615,1.0,1,0.7
2025-09-04T10:28:37.187965,0,10615,1.0,1,1.7
2025-09-04T10:28:37.691995,0,10615,1.0,1,0.7
2025-09-04T10:28:38.197330,0,10615,1.0,1,1.0
2025-09-04T10:28:38.702650,0,10615,1.0,1,0.5
2025-09-04T10:28:39.207972,0,10615,1.0,1,1.2
2025-09-04T10:28:39.713301,0,10615,1.0,1,0.5
2025-09-04T10:28:40.218617,0,10615,1.0,1,1.2
2025-09-04T10:28:40.723938,0,10615,1.0,1,1.5
2025-09-04T10:28:41.227077,0,10615,1.0,1,0.7
2025-09-04T10:28:41.727736,0,10615,1.0,1,0.5
2025-09-04T10:28:42.233080,0,10615,1.0,1,2.7
2025-09-04T10:28:42.738405,0,10615,1.0,1,1.5
2025-09-04T10:28:43.242587,0,10615,1.0,1,1.3
2025-09-04T10:28:43.747952,0,10615,1.0,1,2.2
2025-09-04T10:28:44.253478,0,10615,1.0,1,8.7
2025-09-04T10:28:44.759311,0,10615,1.0,1,1.5
2025-09-04T10:28:45.261564,0,10615,1.0,1,3.8
2025-09-04T10:28:45.761936,0,10615,1.0,1,2.2
2025-09-04T10:28:46.267284,0,10615,1.0,1,1.0
2025-09-04T10:28:46.772631,0,10615,1.0,1,2.0
2025-09-04T10:28:47.276611,0,10615,1.0,1,1.5
2025-09-04T10:28:47.781477,0,10615,1.0,1,0.5
2025-09-04T10:28:48.286823,0,10615,1.0,1,1.7
2025-09-04T10:28:48.792169,0,10615,1.0,1,0.5
2025-09-04T10:28:49.295129,0,10615,1.0,1,1.5
2025-09-04T10:28:49.799591,0,10615,1.0,1,2.2
2025-09-04T10:28:50.304974,0,10615,1.0,1,2.7
2025-09-04T10:28:50.807286,0,10615,1.0,1,1.2
2025-09-04T10:28:51.308616,0,10615,1.0,1,1.7
2025-09-04T10:28:51.810909,0,10615,1.0,1,1.0
2025-09-04T10:28:52.316267,0,10615,1.0,1,3.2
2025-09-04T10:28:52.817964,0,10615,1.0,1,2.3
2025-09-04T10:28:53.319333,0,10615,1.0,1,1.5
2025-09-04T10:28:53.824733,0,10615,1.0,1,0.5
2025-09-04T10:28:54.327211,0,10615,1.0,1,1.5
2025-09-04T10:28:54.829313,0,10615,1.0,1,1.0
2025-09-04T10:28:55.332327,0,10615,1.0,1,1.5
2025-09-04T10:28:55.837677,0,10615,1.0,1,1.2
2025-09-04T10:28:56.342423,0,10615,1.0,1,1.2
2025-09-04T10:28:56.847820,0,10615,1.0,1,1.2
2025-09-04T10:28:57.351292,0,10615,1.0,1,1.7
2025-09-04T10:28:57.856651,0,10615,1.0,1,1.2
2025-09-04T10:28:58.362030,0,10615,1.0,1,4.5
2025-09-04T10:28:58.865955,0,10615,1.0,1,1.5
2025-09-04T10:28:59.369855,0,10615,1.0,1,5.5
2025-09-04T10:28:59.874010,0,10615,1.0,1,2.5
2025-09-04T10:29:00.379255,0,10615,1.0,1,3.2
2025-09-04T10:29:00.884585,0,10615,1.0,1,6.5
2025-09-04T10:29:01.388585,0,10615,1.0,1,11.9
2025-09-04T10:29:01.889958,0,10615,1.0,1,1.7
2025-09-04T10:29:02.395302,0,10615,1.0,1,0.3
2025-09-04T10:29:02.900596,0,10615,1.0,1,1.2
2025-09-04T10:29:03.405926,0,10615,1.0,1,1.2
2025-09-04T10:29:03.911274,0,10615,1.0,1,1.0
2025-09-04T10:29:04.412567,0,10615,1.0,1,1.0
2025-09-04T10:29:04.914717,0,10615,1.0,1,12.7
2025-09-04T10:29:05.420103,0,10615,1.0,1,1.2
2025-09-04T10:29:05.922140,0,10615,1.0,1,3.2
2025-09-04T10:29:06.427478,0,10615,1.0,1,10.4
2025-09-04T10:29:06.932812,0,10615,1.0,1,15.1
2025-09-04T10:29:07.436611,0,10615,1.0,1,13.6
2025-09-04T10:29:07.937933,0,10615,1.0,1,13.5
2025-09-04T10:29:08.443300,0,10615,1.0,1,2.2
2025-09-04T10:29:08.948618,0,10615,1.0,1,1.2
2025-09-04T10:29:09.453933,0,10615,1.0,1,0.5
2025-09-04T10:29:09.959271,0,10615,1.0,1,1.0
2025-09-04T10:29:10.464611,0,10615,1.0,1,1.2
2025-09-04T10:29:10.969955,0,10615,1.0,1,2.0
2025-09-04T10:29:11.475306,0,10615,1.0,1,1.0
2025-09-04T10:29:11.980647,0,10615,1.0,1,1.0
2025-09-04T10:29:12.486026,0,10615,1.0,1,1.2
2025-09-04T10:29:12.990966,0,10615,1.0,1,10.9
2025-09-04T10:29:13.496303,0,10615,1.0,1,1.7
2025-09-04T10:29:13.997532,0,10615,1.0,1,34.4
2025-09-04T10:29:14.502868,0,10615,1.0,1,10.2
2025-09-04T10:29:15.005033,0,10615,1.0,1,3.2
2025-09-04T10:29:15.510293,0,10615,1.0,1,8.5
2025-09-04T10:29:16.011534,0,10615,1.0,1,2.2
2025-09-04T10:29:16.513972,0,10615,1.0,1,1.2
2025-09-04T10:29:17.015246,0,10615,1.0,1,1.0
2025-09-04T10:29:17.516533,0,10615,1.0,1,1.5
2025-09-04T10:29:18.019783,0,10615,1.0,1,1.3
2025-09-04T10:29:18.525115,0,10615,1.0,1,1.2
2025-09-04T10:29:19.028374,0,10615,1.0,1,2.5
2025-09-04T10:29:19.532539,0,10615,1.0,1,1.7
2025-09-04T10:29:20.033873,0,10615,1.0,1,6.0
2025-09-04T10:29:20.535561,0,10615,1.0,1,2.0
2025-09-04T10:29:21.040905,0,10615,1.0,1,2.7
2025-09-04T10:29:21.546250,0,10615,1.0,1,4.7
2025-09-04T10:29:22.051605,0,10615,1.0,1,1.5
2025-09-04T10:29:22.556545,0,10615,1.0,1,1.0
2025-09-04T10:29:23.059105,0,10615,1.0,1,1.3
2025-09-04T10:29:23.562235,0,10615,1.0,1,1.5
2025-09-04T10:29:24.065925,0,10615,1.0,1,1.0
2025-09-04T10:29:24.571273,0,10615,1.0,1,1.5
2025-09-04T10:29:25.073507,0,10615,1.0,1,0.8
2025-09-04T10:29:25.578867,0,10615,1.0,1,1.2
2025-09-04T10:29:26.084249,0,10615,1.0,1,0.7
2025-09-04T10:29:26.588517,0,10615,1.0,1,1.2
2025-09-04T10:29:27.093839,0,10615,1.0,1,1.0
2025-09-04T10:29:27.594952,0,10615,1.0,1,0.8
2025-09-04T10:29:28.098581,0,10615,1.0,1,1.5
2025-09-04T10:29:28.603195,0,10615,1.0,1,1.2
2025-09-04T10:29:29.105859,0,10615,1.0,1,2.7
2025-09-04T10:29:29.611184,0,10615,1.0,1,1.5
2025-09-04T10:29:30.116478,0,10615,1.0,1,0.2
2025-09-04T10:29:30.621802,0,10615,1.0,1,1.2
2025-09-04T10:29:31.127115,0,10615,1.0,1,1.2
2025-09-04T10:29:31.632427,0,10615,1.0,1,0.5
2025-09-04T10:29:32.137743,0,10615,1.0,1,1.0
2025-09-04T10:29:32.643071,0,10615,1.0,1,1.5
2025-09-04T10:29:33.148405,0,10615,1.0,1,1.2
2025-09-04T10:29:33.653744,0,10615,1.0,1,1.2
2025-09-04T10:29:34.156600,0,10615,1.0,1,1.0
2025-09-04T10:29:34.661052,0,10615,1.0,1,1.2
2025-09-04T10:29:35.166385,0,10615,1.0,1,1.7
2025-09-04T10:29:35.671715,0,10615,1.0,1,1.5
2025-09-04T10:29:36.173348,0,10615,1.0,1,1.5
2025-09-04T10:29:36.678679,0,10615,1.0,1,1.0
2025-09-04T10:29:37.184004,0,10615,1.0,1,0.5
2025-09-04T10:29:37.689393,0,10615,1.0,1,1.2
2025-09-04T10:29:38.194722,0,10615,1.0,1,1.2
2025-09-04T10:29:38.700006,0,10615,1.0,1,5.7
2025-09-04T10:29:39.205298,0,10615,1.0,1,6.2
2025-09-04T10:29:39.710673,0,10615,1.0,1,1.2
2025-09-04T10:29:40.215175,0,10615,1.0,1,4.2
2025-09-04T10:29:40.718533,0,10615,1.0,1,14.7
2025-09-04T10:29:41.221468,0,10615,1.0,1,6.0
2025-09-04T10:29:41.725902,0,10615,1.0,1,2.2
2025-09-04T10:29:42.231135,0,10615,1.0,1,2.5
2025-09-04T10:29:42.732860,0,10615,1.0,1,2.0
2025-09-04T10:29:43.233814,0,10615,1.0,1,1.7
2025-09-04T10:29:43.735034,0,10615,1.0,1,8.5
2025-09-04T10:29:44.240375,0,10615,1.0,1,20.7
2025-09-04T10:29:44.745666,0,10615,1.0,1,2.5
2025-09-04T10:29:45.249765,0,10615,1.0,1,2.2
2025-09-04T10:29:45.754824,0,10615,1.0,1,6.2
2025-09-04T10:29:46.257775,0,10615,1.0,1,1.5
2025-09-04T10:29:46.763179,0,10615,1.0,1,1.0
2025-09-04T10:29:47.265774,0,10615,1.0,1,1.5
2025-09-04T10:29:47.771147,0,10615,1.0,1,2.2
2025-09-04T10:29:48.276589,0,10615,1.0,1,13.2
2025-09-04T10:29:48.781856,0,10615,1.0,1,8.2
2025-09-04T10:29:49.287160,0,10615,1.0,1,6.4
2025-09-04T10:29:49.792546,0,10615,1.0,1,7.9
2025-09-04T10:29:50.298056,0,10615,1.0,1,7.7
2025-09-04T10:29:50.803950,0,10615,1.0,1,1.7
2025-09-04T10:29:51.308449,0,10615,1.0,1,2.5
2025-09-04T10:29:51.813832,0,10615,1.0,1,1.0
2025-09-04T10:29:52.318128,0,10615,1.0,1,7.0
2025-09-04T10:29:52.823140,0,10615,1.0,1,13.4
2025-09-04T10:29:53.328452,0,10615,1.0,1,3.7
2025-09-04T10:29:53.833813,0,10615,1.0,1,31.0
2025-09-04T10:29:54.339079,0,10615,1.0,1,7.8
2025-09-04T10:29:54.844537,0,10615,1.0,1,6.7
2025-09-04T10:29:55.344969,0,10615,1.0,1,3.2
2025-09-04T10:29:55.850360,0,10615,1.0,1,3.5
2025-09-04T10:29:56.353780,0,10615,1.0,1,4.2
2025-09-04T10:29:56.855110,0,10615,1.0,1,2.5
2025-09-04T10:29:57.356467,0,10615,1.0,1,3.0
2025-09-04T10:29:57.861084,0,10615,1.0,1,2.7
2025-09-04T10:29:58.366441,0,10615,1.0,1,3.7
2025-09-04T10:29:58.871414,0,10615,1.0,1,12.6
2025-09-04T10:29:59.372060,0,10615,1.0,1,25.1
2025-09-04T10:29:59.877928,0,10615,1.0,1,24.2
2025-09-04T10:30:00.383424,0,10615,1.0,1,26.2
2025-09-04T10:30:00.888103,0,10615,1.0,1,42.1
2025-09-04T10:30:01.393420,0,10615,1.0,1,23.9
2025-09-04T10:30:01.898787,0,10615,1.0,1,4.5
2025-09-04T10:30:02.402001,0,10615,1.0,1,2.5
2025-09-04T10:30:02.907346,0,10615,1.0,1,2.0
2025-09-04T10:30:03.409790,0,10615,1.0,1,2.0
2025-09-04T10:30:03.911154,0,10615,1.0,1,2.0
2025-09-04T10:30:04.415691,0,10615,1.0,1,2.7
2025-09-04T10:30:04.921072,0,10615,1.0,1,8.9
2025-09-04T10:30:05.426421,0,10615,1.0,1,4.0
2025-09-04T10:30:05.931860,0,10615,1.0,1,14.9
2025-09-04T10:30:06.433854,0,10615,1.0,1,14.6
2025-09-04T10:30:06.939255,0,10615,1.0,1,14.3
2025-09-04T10:30:07.444626,0,10615,1.0,1,4.0
2025-09-04T10:30:07.949954,0,10615,1.0,1,1.0
2025-09-04T10:30:08.455282,0,10615,1.0,1,1.7
2025-09-04T10:30:08.960678,0,10615,1.0,1,1.2
2025-09-04T10:30:09.463097,0,10615,1.0,1,2.2
2025-09-04T10:30:09.968448,0,10615,1.0,1,1.2
2025-09-04T10:30:10.471051,0,10615,1.0,1,1.0
2025-09-04T10:30:10.972474,0,10615,1.0,1,2.0
2025-09-04T10:30:11.474551,0,10615,1.0,1,1.2
2025-09-04T10:30:11.977691,0,10615,1.0,1,2.5
2025-09-04T10:30:12.483070,0,10615,1.0,1,3.0
2025-09-04T10:30:12.985393,0,10615,1.0,1,2.5
2025-09-04T10:30:13.490061,0,10615,1.0,1,2.7
2025-09-04T10:30:13.995350,0,10615,1.0,1,1.2
2025-09-04T10:30:14.499392,0,10615,1.0,1,0.0
2025-09-04T10:30:15.004395,0,10615,1.0,1,7.8
2025-09-04T10:30:15.508086,0,10615,1.0,1,10.0
2025-09-04T10:30:16.010257,0,10615,1.0,1,2.8
2025-09-04T10:30:16.510975,0,10615,1.0,1,1.8
2025-09-04T10:30:17.016322,0,10615,1.0,1,2.2
2025-09-04T10:30:17.521669,0,10615,1.0,1,2.0
2025-09-04T10:30:18.027026,0,10615,1.0,1,1.5
2025-09-04T10:30:18.532383,0,10615,1.0,1,1.7
2025-09-04T10:30:19.037740,0,10615,1.0,1,4.2
2025-09-04T10:30:19.538648,0,10615,1.0,1,1.0
2025-09-04T10:30:20.039904,0,10615,1.0,1,3.5
2025-09-04T10:30:20.543249,0,10615,1.0,1,1.5
2025-09-04T10:30:21.047069,0,10615,1.0,1,2.7
2025-09-04T10:30:21.552438,0,10615,1.0,1,1.5
2025-09-04T10:30:22.053808,0,10615,1.0,1,2.5
2025-09-04T10:30:22.559179,0,10615,1.0,1,2.0
2025-09-04T10:30:23.060892,0,10615,1.0,1,2.0
2025-09-04T10:30:23.561445,0,10615,1.0,1,1.8
2025-09-04T10:30:24.065768,0,10615,1.0,1,1.5
2025-09-04T10:30:24.571083,0,10615,1.0,1,2.2
2025-09-04T10:30:25.076364,0,10615,1.0,1,2.2
2025-09-04T10:30:25.581637,0,10615,1.0,1,1.2
2025-09-04T10:30:26.086939,0,10615,1.0,1,2.2
2025-09-04T10:30:26.592347,0,10615,1.0,1,1.0
2025-09-04T10:30:27.095813,0,10615,1.0,1,1.5
2025-09-04T10:30:27.596356,0,10615,1.0,1,1.3
2025-09-04T10:30:28.101720,0,10615,1.0,1,1.5
2025-09-04T10:30:28.606807,0,10615,1.0,1,2.0
2025-09-04T10:30:29.111868,0,10615,1.0,1,3.7
2025-09-04T10:30:29.612345,0,10615,1.0,1,2.3
2025-09-04T10:30:30.117716,0,10615,1.0,1,1.7
2025-09-04T10:30:30.623083,0,10615,1.0,1,1.0
2025-09-04T10:30:31.127040,0,10615,1.0,1,2.7
2025-09-04T10:30:31.632392,0,10615,1.0,1,0.5
2025-09-04T10:30:32.137712,0,10615,1.0,1,4.2
2025-09-04T10:30:32.643019,0,10615,1.0,1,4.9
2025-09-04T10:30:33.144164,0,10615,1.0,1,2.5
2025-09-04T10:30:33.647943,0,10615,1.0,1,2.0
2025-09-04T10:30:34.153323,0,10615,1.0,1,2.0
2025-09-04T10:30:34.658711,0,10615,1.0,1,2.0
2025-09-04T10:30:35.160892,0,10615,1.0,1,2.7
2025-09-04T10:30:35.665677,0,10615,1.0,1,1.7
2025-09-04T10:30:36.167222,0,10615,1.0,1,1.5
2025-09-04T10:30:36.672582,0,10615,1.0,1,2.2
2025-09-04T10:30:37.177507,0,10615,1.0,1,1.2
2025-09-04T10:30:37.682870,0,10615,1.0,1,2.2
2025-09-04T10:30:38.188240,0,10615,1.0,1,1.0
2025-09-04T10:30:38.693588,0,10615,1.0,1,1.7
2025-09-04T10:30:39.198913,0,10615,1.0,1,1.5
2025-09-04T10:30:39.704254,0,10615,1.0,1,2.7
2025-09-04T10:30:40.209580,0,10615,1.0,1,1.2
2025-09-04T10:30:40.714887,0,10615,1.0,1,1.7
2025-09-04T10:30:41.220234,0,10615,1.0,1,2.7
2025-09-04T10:30:41.725581,0,10615,1.0,1,1.5
2025-09-04T10:30:42.230940,0,10615,1.0,1,1.7
2025-09-04T10:30:42.732841,0,10615,1.0,1,1.3
2025-09-04T10:30:43.238284,0,10615,1.0,1,1.7
2025-09-04T10:30:43.743786,0,10615,1.0,1,2.7
2025-09-04T10:30:44.249166,0,10615,1.0,1,1.7
2025-09-04T10:30:44.754544,0,10615,1.0,1,7.1
2025-09-04T10:30:45.260846,0,10615,1.0,1,3.2
2025-09-04T10:30:45.766246,0,10615,1.0,1,3.7
2025-09-04T10:30:46.271200,0,10615,1.0,1,2.7
2025-09-04T10:30:46.775000,0,10615,1.0,1,2.2
2025-09-04T10:30:47.277394,0,10615,1.0,1,1.5
2025-09-04T10:30:47.782128,0,10615,1.0,1,1.5
2025-09-04T10:30:48.287486,0,10615,1.0,1,1.5
2025-09-04T10:30:48.792867,0,10615,1.0,1,1.0
2025-09-04T10:30:49.296757,0,10615,1.0,1,2.2
2025-09-04T10:30:49.799068,0,10615,1.0,1,2.7
2025-09-04T10:30:50.304438,0,10615,1.0,1,2.7
2025-09-04T10:30:50.809814,0,10615,1.0,1,2.0
2025-09-04T10:30:51.314937,0,10615,1.0,1,1.3
2025-09-04T10:30:51.820257,0,10615,1.0,1,11.1
2025-09-04T10:30:52.321159,0,10615,1.0,1,18.7
2025-09-04T10:30:52.823755,0,10615,1.0,1,21.7
2025-09-04T10:30:53.327304,0,10615,1.0,1,28.9
2025-09-04T10:30:53.832588,0,10615,1.0,1,4.2
2025-09-04T10:30:54.337923,0,10615,1.0,1,3.5
2025-09-04T10:30:54.842950,0,10615,1.0,1,3.5
2025-09-04T10:30:55.344084,0,10615,1.0,1,2.3
2025-09-04T10:30:55.849485,0,10615,1.0,1,10.2
2025-09-04T10:30:56.353819,0,10615,1.0,1,11.2
2025-09-04T10:30:56.854959,0,10615,1.0,1,5.8
2025-09-04T10:30:57.357058,0,10615,1.0,1,4.2
2025-09-04T10:30:57.860924,0,10615,1.0,1,12.9
2025-09-04T10:30:58.362414,0,10615,1.0,1,11.4
2025-09-04T10:30:58.867628,0,10615,1.0,1,14.4
2025-09-04T10:30:59.368797,0,10615,1.0,1,14.2
2025-09-04T10:30:59.874061,0,10615,1.0,1,11.7
2025-09-04T10:31:00.379358,0,10615,1.0,1,10.9
2025-09-04T10:31:00.884555,0,10615,1.0,1,9.9
2025-09-04T10:31:01.389769,0,10615,1.0,1,9.7
2025-09-04T10:31:01.894090,0,10615,1.0,1,12.2
2025-09-04T10:31:02.399481,0,10615,1.0,1,5.0
2025-09-04T10:31:02.903891,0,10615,1.0,1,16.8
2025-09-04T10:31:03.405440,0,10615,1.0,1,8.0
2025-09-04T10:31:03.910107,0,10615,1.0,1,14.3
2025-09-04T10:31:04.412717,0,10615,1.0,1,8.1
2025-09-04T10:31:04.913848,0,10615,1.0,1,8.0
2025-09-04T10:31:05.419248,0,10615,1.0,1,6.9
2025-09-04T10:31:05.921482,0,10615,1.0,1,4.5
2025-09-04T10:31:06.426204,0,10615,1.0,1,2.7
2025-09-04T10:31:06.927168,0,10615,1.0,1,12.3
2025-09-04T10:31:07.432562,0,10615,1.0,1,6.5
2025-09-04T10:31:07.937638,0,10615,1.0,1,12.7
2025-09-04T10:31:08.442960,0,10615,1.0,1,14.9
2025-09-04T10:31:08.944741,0,10615,1.0,1,10.3
2025-09-04T10:31:09.451066,0,10615,1.0,1,10.2
2025-09-04T10:31:09.956292,0,10615,1.0,1,6.2
2025-09-04T10:31:10.461760,0,10615,1.0,1,19.6
2025-09-04T10:31:10.967011,0,10615,1.0,1,7.7
2025-09-04T10:31:11.471496,0,10615,1.0,1,4.5
2025-09-04T10:31:11.976856,0,10615,1.0,1,4.9
2025-09-04T10:31:12.482202,0,10615,1.0,1,4.2
2025-09-04T10:31:12.987308,0,10615,1.0,1,1.7
2025-09-04T10:31:13.489562,0,10615,1.0,1,2.2
2025-09-04T10:31:13.993903,0,10615,1.0,1,4.2
2025-09-04T10:31:14.496244,0,10615,1.0,1,14.5
2025-09-04T10:31:15.001525,0,10615,1.0,1,15.6
2025-09-04T10:31:15.506782,0,10615,1.0,1,5.7
2025-09-04T10:31:16.011996,0,10615,1.0,1,4.2
2025-09-04T10:31:16.517216,0,10615,1.0,1,14.0
2025-09-04T10:31:17.022559,0,10615,1.0,1,10.7
2025-09-04T10:31:17.527772,0,10615,1.0,1,8.4
2025-09-04T10:31:18.033092,0,10615,1.0,1,14.8
2025-09-04T10:31:18.538500,0,10615,1.0,1,10.7
2025-09-04T10:31:19.043922,0,10615,1.0,1,5.7
2025-09-04T10:31:19.549255,0,10615,1.0,1,1.7
2025-09-04T10:31:20.053160,0,10615,1.0,1,6.0
2025-09-04T10:31:20.556216,0,10615,1.0,1,1.7
2025-09-04T10:31:21.061784,0,10615,1.0,1,5.7
2025-09-04T10:31:21.567176,0,10615,1.0,1,5.5
2025-09-04T10:31:22.070847,0,10615,1.0,1,1.7
2025-09-04T10:31:22.576100,0,10615,1.0,1,6.5
2025-09-04T10:31:23.081357,0,10615,1.0,1,12.1
2025-09-04T10:31:23.586960,0,10615,1.0,1,9.3
2025-09-04T10:31:24.092130,0,10615,1.0,1,25.2
2025-09-04T10:31:24.596533,0,10615,1.0,1,21.6
2025-09-04T10:31:25.101819,0,10615,1.0,1,22.9
2025-09-04T10:31:25.603449,0,10615,1.0,1,26.1
2025-09-04T10:31:26.108765,0,10615,1.0,1,10.3
2025-09-04T10:31:26.612426,0,10615,1.0,1,22.2
2025-09-04T10:31:27.117872,0,10615,1.0,1,9.4
2025-09-04T10:31:27.618978,0,10615,1.0,1,12.6
2025-09-04T10:31:28.122604,0,10615,1.0,1,9.0
2025-09-04T10:31:28.626083,0,10615,1.0,1,10.1
2025-09-04T10:31:29.127176,0,10615,1.0,1,8.8
2025-09-04T10:31:29.632588,0,10615,1.0,1,13.3
2025-09-04T10:31:30.137907,0,10615,1.0,1,11.9
2025-09-04T10:31:30.642665,0,10615,1.0,1,15.8
2025-09-04T10:31:31.147954,0,10615,1.0,1,8.8
2025-09-04T10:31:31.653326,0,10615,1.0,1,15.6
2025-09-04T10:31:32.158666,0,10615,1.0,1,1.2
2025-09-04T10:31:32.663996,0,10615,1.0,1,2.2
2025-09-04T10:31:33.169359,0,10615,1.0,1,2.2
2025-09-04T10:31:33.670804,0,10615,1.0,1,1.7
2025-09-04T10:31:34.175974,0,10615,1.0,1,0.7
2025-09-04T10:31:34.679061,0,10615,1.0,1,1.2
2025-09-04T10:31:35.184322,0,10615,1.0,1,2.2
2025-09-04T10:31:35.687397,0,10615,1.0,1,2.2
2025-09-04T10:31:36.192650,0,10615,1.0,1,4.0
2025-09-04T10:31:36.695757,0,10615,1.0,1,4.2
2025-09-04T10:31:37.200917,0,10615,1.0,1,9.7
2025-09-04T10:31:37.706217,0,10615,1.0,1,10.7
2025-09-04T10:31:38.209316,0,10615,1.0,1,10.5
2025-09-04T10:31:38.712430,0,10615,1.0,1,20.1
2025-09-04T10:31:39.217659,0,10615,1.0,1,12.0
2025-09-04T10:31:39.722984,0,10615,1.0,1,15.4
2025-09-04T10:31:40.228816,0,10615,1.0,1,13.4
2025-09-04T10:31:40.734767,0,10615,1.0,1,14.4
2025-09-04T10:31:41.239940,0,10615,1.0,1,16.0
2025-09-04T10:31:41.745090,0,10615,1.0,1,14.9
2025-09-04T10:31:42.246067,0,10615,1.0,1,12.6
2025-09-04T10:31:42.751273,0,10615,1.0,1,11.6
2025-09-04T10:31:43.256568,0,10615,1.0,1,11.9
2025-09-04T10:31:43.761933,0,10615,1.0,1,4.7
2025-09-04T10:31:44.262716,0,10615,1.0,1,16.1
2025-09-04T10:31:44.767604,0,10615,1.0,1,11.4
2025-09-04T10:31:45.272960,0,10615,1.0,1,7.2
2025-09-04T10:31:45.778230,0,10615,1.0,1,11.4
2025-09-04T10:31:46.283721,0,10615,1.0,1,10.2
2025-09-04T10:31:46.789120,0,10615,1.0,1,6.2
2025-09-04T10:31:47.294544,0,10615,1.0,1,7.2
2025-09-04T10:31:47.799730,0,10615,1.0,1,21.3
2025-09-04T10:31:48.305237,0,10615,1.0,1,13.7
2025-09-04T10:31:48.808018,0,10615,1.0,1,8.0
2025-09-04T10:31:49.313303,0,10615,1.0,1,9.7
2025-09-04T10:31:49.815931,0,10615,1.0,1,4.7
2025-09-04T10:31:50.320673,0,10615,1.0,1,21.3
2025-09-04T10:31:50.825919,0,10615,1.0,1,6.5
2025-09-04T10:31:51.326944,0,10615,1.0,1,7.3
2025-09-04T10:31:51.832179,0,10615,1.0,1,13.5
2025-09-04T10:31:52.333786,0,10615,1.0,1,20.8
2025-09-04T10:31:52.839033,0,10615,1.0,1,9.3
2025-09-04T10:31:53.344342,0,10615,1.0,1,8.5
2025-09-04T10:31:53.846782,0,10615,1.0,1,2.5
2025-09-04T10:31:54.352137,0,10615,1.0,1,3.2
2025-09-04T10:31:54.855308,0,10615,1.0,1,1.0
2025-09-04T10:31:55.360712,0,10615,1.0,1,2.0
2025-09-04T10:31:55.862341,0,10615,1.0,1,3.2
2025-09-04T10:31:56.366637,0,10615,1.0,1,1.7
2025-09-04T10:31:56.871925,0,10615,1.0,1,0.7
2025-09-04T10:31:57.377288,0,10615,1.0,1,1.7
2025-09-04T10:31:57.882613,0,10615,1.0,1,1.2
2025-09-04T10:31:58.387258,0,10615,1.0,1,2.5
2025-09-04T10:31:58.892591,0,10615,1.0,1,19.7
2025-09-04T10:31:59.397868,0,10615,1.0,1,7.0
2025-09-04T10:31:59.903196,0,10615,1.0,1,15.5
2025-09-04T10:32:00.408435,0,10615,1.0,1,10.0
2025-09-04T10:32:00.913757,0,10615,1.0,1,12.7
2025-09-04T10:32:01.419115,0,10615,1.0,1,4.2
2025-09-04T10:32:01.920583,0,10615,1.0,1,13.5
2025-09-04T10:32:02.421475,0,10615,1.0,1,14.0
2025-09-04T10:32:02.926785,0,10615,1.0,1,7.5
2025-09-04T10:32:03.432108,0,10615,1.0,1,15.0
2025-09-04T10:32:03.937418,0,10615,1.0,1,6.7
2025-09-04T10:32:04.442499,0,10615,1.0,1,11.4
2025-09-04T10:32:04.943989,0,10615,1.0,1,11.3
2025-09-04T10:32:05.449347,0,10615,1.0,1,5.2
2025-09-04T10:32:05.952995,0,10615,1.0,1,6.7
2025-09-04T10:32:06.458295,0,10615,1.0,1,9.4
2025-09-04T10:32:06.961906,0,10615,1.0,1,13.9
2025-09-04T10:32:07.467120,0,10615,1.0,1,10.0
2025-09-04T10:32:07.970446,0,10615,1.0,1,22.0
2025-09-04T10:32:08.475671,0,10615,1.0,1,12.0
2025-09-04T10:32:08.980926,0,10615,1.0,1,7.4
2025-09-04T10:32:09.484939,0,10615,1.0,1,7.0
2025-09-04T10:32:09.987114,0,10615,1.0,1,13.4
2025-09-04T10:32:10.492759,0,10615,1.0,1,3.0
2025-09-04T10:32:10.993621,0,10615,1.0,1,5.3
2025-09-04T10:32:11.498950,0,10615,1.0,1,7.5
2025-09-04T10:32:12.001687,0,10615,1.0,1,3.7
2025-09-04T10:32:12.507049,0,10615,1.0,1,6.9
2025-09-04T10:32:13.009470,0,10615,1.0,1,7.5
2025-09-04T10:32:13.514814,0,10615,1.0,1,8.9
2025-09-04T10:32:14.020178,0,10615,1.0,1,10.0
2025-09-04T10:32:14.525491,0,10615,1.0,1,8.5
2025-09-04T10:32:15.030797,0,10615,1.0,1,14.5
2025-09-04T10:32:15.536114,0,10615,1.0,1,12.7
2025-09-04T10:32:16.037279,0,10615,1.0,1,24.7
2025-09-04T10:32:16.540106,0,10615,1.0,1,5.7
2025-09-04T10:32:17.043416,0,10615,1.0,1,12.8
2025-09-04T10:32:17.548652,0,10615,1.0,1,14.0
2025-09-04T10:32:18.053873,0,10615,1.0,1,9.4
2025-09-04T10:32:18.559080,0,10615,1.0,1,19.3
2025-09-04T10:32:19.064348,0,10615,1.0,1,8.7
2025-09-04T10:32:19.567582,0,10615,1.0,1,12.4
2025-09-04T10:32:20.072930,0,10615,1.0,1,20.3
2025-09-04T10:32:20.578254,0,10615,1.0,1,16.8
2025-09-04T10:32:21.079218,0,10615,1.0,1,16.0
2025-09-04T10:32:21.584959,0,10615,1.0,1,14.1
2025-09-04T10:32:22.086068,0,10615,1.0,1,16.6
2025-09-04T10:32:22.588094,0,10615,1.0,1,11.4
2025-09-04T10:32:23.093660,0,10615,1.0,1,11.2
2025-09-04T10:32:23.599372,0,10615,1.0,1,15.0
2025-09-04T10:32:24.104533,0,10615,1.0,1,15.8
2025-09-04T10:32:24.609728,0,10615,1.0,1,8.0
2025-09-04T10:32:25.114157,0,10615,1.0,1,16.0
2025-09-04T10:32:25.619500,0,10615,1.0,1,6.4
2025-09-04T10:32:26.124125,0,10615,1.0,1,10.5
2025-09-04T10:32:26.629465,0,10615,1.0,1,11.4
2025-09-04T10:32:27.131946,0,10615,1.0,1,14.3
2025-09-04T10:32:27.637299,0,10615,1.0,1,10.8
2025-09-04T10:32:28.142189,0,10615,1.0,1,16.7
2025-09-04T10:32:28.643417,0,10615,1.0,1,20.2
2025-09-04T10:32:29.145071,0,10615,1.0,1,22.6
2025-09-04T10:32:29.650383,0,10615,1.0,1,6.7
2025-09-04T10:32:30.155663,0,10615,1.0,1,11.9
2025-09-04T10:32:30.660944,0,10615,1.0,1,5.2
2025-09-04T10:32:31.164099,0,10615,1.0,1,5.7
2025-09-04T10:32:31.667896,0,10615,1.0,1,8.0
2025-09-04T10:32:32.173224,0,10615,1.0,1,14.3
2025-09-04T10:32:32.673608,0,10615,1.0,1,11.8
2025-09-04T10:32:33.175675,0,10615,1.0,1,14.9
2025-09-04T10:32:33.681029,0,10615,1.0,1,4.0
2025-09-04T10:32:34.186390,0,10615,1.0,1,11.9
2025-09-04T10:32:34.689334,0,10615,1.0,1,11.3
2025-09-04T10:32:35.190603,0,10615,1.0,1,14.5
2025-09-04T10:32:35.695409,0,10615,1.0,1,15.1
2025-09-04T10:32:36.200644,0,10615,1.0,1,12.7
2025-09-04T10:32:36.705836,0,10615,1.0,1,13.1
2025-09-04T10:32:37.211011,0,10615,1.0,1,25.6
2025-09-04T10:32:37.716235,0,10615,1.0,1,9.0
2025-09-04T10:32:38.220449,0,10615,1.0,1,9.2
2025-09-04T10:32:38.726029,0,10615,1.0,1,11.7
2025-09-04T10:32:39.229772,0,10615,1.0,1,11.8
2025-09-04T10:32:39.735175,0,10615,1.0,1,12.6
2025-09-04T10:32:40.240457,0,10615,1.0,1,20.9
2025-09-04T10:32:40.745751,0,10615,1.0,1,10.7
2025-09-04T10:32:41.246432,0,10615,1.0,1,6.5
2025-09-04T10:32:41.751595,0,10615,1.0,1,19.2
2025-09-04T10:32:42.257204,0,10615,1.0,1,7.9
2025-09-04T10:32:42.758672,0,10615,1.0,1,10.0
2025-09-04T10:32:43.259999,0,10615,1.0,1,1.5
2025-09-04T10:32:43.761480,0,10615,1.0,1,3.0
2025-09-04T10:32:44.262071,0,10615,1.0,1,2.2
2025-09-04T10:32:44.767203,0,10615,1.0,1,11.5
2025-09-04T10:32:45.272372,0,10615,1.0,1,16.1
2025-09-04T10:32:45.776584,0,10615,1.0,1,10.3
2025-09-04T10:32:46.281862,0,10615,1.0,1,9.2
2025-09-04T10:32:46.785421,0,10615,1.0,1,4.5
2025-09-04T10:32:47.290759,0,10615,1.0,1,15.3
2025-09-04T10:32:47.796047,0,10615,1.0,1,7.4
2025-09-04T10:32:48.301434,0,10615,1.0,1,4.2
2025-09-04T10:32:48.803691,0,10615,1.0,1,9.2
2025-09-04T10:32:49.309025,0,10615,1.0,1,7.2
2025-09-04T10:32:49.811692,0,10615,1.0,1,11.1
2025-09-04T10:32:50.314104,0,10615,1.0,1,17.2
2025-09-04T10:32:50.820069,0,10615,1.0,1,10.9
2025-09-04T10:32:51.325443,0,10615,1.0,1,22.6
2025-09-04T10:32:51.830684,0,10615,1.0,1,7.0
2025-09-04T10:32:52.335915,0,10615,1.0,1,11.6
2025-09-04T10:32:52.841195,0,10615,1.0,1,12.5
2025-09-04T10:32:53.345379,0,10615,1.0,1,12.6
2025-09-04T10:32:53.850535,0,10615,1.0,1,7.8
2025-09-04T10:32:54.351956,0,10615,1.0,1,12.7
2025-09-04T10:32:54.857223,0,10615,1.0,1,10.2
2025-09-04T10:32:55.361353,0,10615,1.0,1,4.5
2025-09-04T10:32:55.863115,0,10615,1.0,1,4.5
2025-09-04T10:32:56.368525,0,10615,1.0,1,3.0
2025-09-04T10:32:56.870650,0,10615,1.0,1,4.2
2025-09-04T10:32:57.374685,0,10615,1.0,1,5.2
2025-09-04T10:32:57.880056,0,10615,1.0,1,1.2
2025-09-04T10:32:58.385297,0,10615,1.0,1,4.5
2025-09-04T10:32:58.890509,0,10615,1.0,1,2.7
2025-09-04T10:32:59.393362,0,10615,1.0,1,4.0
2025-09-04T10:32:59.896596,0,10615,1.0,1,6.9
2025-09-04T10:33:00.401389,0,10615,1.0,1,6.2
2025-09-04T10:33:00.906745,0,10615,1.0,1,3.7
2025-09-04T10:33:01.412050,0,10615,1.0,1,11.7
2025-09-04T10:33:01.917320,0,10615,1.0,1,4.7
2025-09-04T10:33:02.422700,0,10615,1.0,1,3.5
2025-09-04T10:33:02.928124,0,10615,1.0,1,2.5
2025-09-04T10:33:03.430691,0,10615,1.0,1,2.2
2025-09-04T10:33:03.936053,0,10615,1.0,1,1.5
2025-09-04T10:33:04.441404,0,10615,1.0,1,1.7
2025-09-04T10:33:04.943104,0,10615,1.0,1,3.5
2025-09-04T10:33:05.448477,0,10615,1.0,1,3.7
2025-09-04T10:33:05.953296,0,10615,1.0,1,3.7
2025-09-04T10:33:06.454586,0,10615,1.0,1,2.5
2025-09-04T10:33:06.955996,0,10615,1.0,1,2.7
2025-09-04T10:33:07.461348,0,10615,1.0,1,1.0
2025-09-04T10:33:07.966602,0,10615,1.0,1,15.2
2025-09-04T10:33:08.472600,0,10615,1.0,1,22.6
2025-09-04T10:33:08.976371,0,10615,1.0,1,15.0
2025-09-04T10:33:09.481610,0,10615,1.0,1,12.6
2025-09-04T10:33:09.987045,0,10615,1.0,1,11.9
2025-09-04T10:33:10.490605,0,10615,1.0,1,10.7
2025-09-04T10:33:10.993102,0,10615,1.0,1,13.4
2025-09-04T10:33:11.498339,0,10615,1.0,1,10.6
2025-09-04T10:33:12.003478,0,10615,1.0,1,20.6
2025-09-04T10:33:12.508731,0,10615,1.0,1,11.7
2025-09-04T10:33:13.013844,0,10615,1.0,1,2.0
2025-09-04T10:33:13.517559,0,10615,1.0,1,18.2
2025-09-04T10:33:14.022729,0,10615,1.0,1,17.6
2025-09-04T10:33:14.527986,0,10615,1.0,1,7.5
2025-09-04T10:33:15.030641,0,10615,1.0,1,12.2
2025-09-04T10:33:15.534208,0,10615,1.0,1,15.2
2025-09-04T10:33:16.039536,0,10615,1.0,1,8.6
2025-09-04T10:33:16.543949,0,10615,1.0,1,11.1
2025-09-04T10:33:17.049165,0,10615,1.0,1,21.5
2025-09-04T10:33:17.554455,0,10615,1.0,1,5.0
2025-09-04T10:33:18.059812,0,10615,1.0,1,9.7
2025-09-04T10:33:18.565041,0,10615,1.0,1,12.9
2025-09-04T10:33:19.070266,0,10615,1.0,1,12.5
2025-09-04T10:33:19.572413,0,10615,1.0,1,7.8
2025-09-04T10:33:20.076468,0,10615,1.0,1,13.7
2025-09-04T10:33:20.581830,0,10615,1.0,1,11.5
2025-09-04T10:33:21.087197,0,10615,1.0,1,9.9
2025-09-04T10:33:21.592560,0,10615,1.0,1,2.5
2025-09-04T10:33:22.097925,0,10615,1.0,1,9.7
2025-09-04T10:33:22.603340,0,10615,1.0,1,5.7
2025-09-04T10:33:23.108688,0,10615,1.0,1,2.0
2025-09-04T10:33:23.610189,0,10615,1.0,1,1.7
2025-09-04T10:33:24.112246,0,10615,1.0,1,2.0
2025-09-04T10:33:24.617679,0,10615,1.0,1,1.7
2025-09-04T10:33:25.121197,0,10615,1.0,1,2.7
2025-09-04T10:33:25.626579,0,10615,1.0,1,1.2
2025-09-04T10:33:26.131981,0,10615,1.0,1,2.2
2025-09-04T10:33:26.636980,0,10615,1.0,1,2.2
2025-09-04T10:33:27.142341,0,10615,1.0,1,1.5
2025-09-04T10:33:27.647693,0,10615,1.0,1,2.2
2025-09-04T10:33:28.153104,0,10615,1.0,1,3.0
2025-09-04T10:33:28.658516,0,10615,1.0,1,3.7
2025-09-04T10:33:29.159698,0,10615,1.0,1,7.9
2025-09-04T10:33:29.662117,0,10615,1.0,1,2.0
2025-09-04T10:33:30.165744,0,10615,1.0,1,4.7
2025-09-04T10:33:30.671167,0,10615,1.0,1,5.0
2025-09-04T10:33:31.176337,0,10615,1.0,1,5.4
2025-09-04T10:33:31.681743,0,10615,1.0,1,4.7
2025-09-04T10:33:32.187136,0,10615,1.0,1,6.0
2025-09-04T10:33:32.691879,0,10615,1.0,1,3.0
2025-09-04T10:33:33.197315,0,10615,1.0,1,7.7
2025-09-04T10:33:33.701083,0,10615,1.0,1,6.2
2025-09-04T10:33:34.206471,0,10615,1.0,1,6.0
2025-09-04T10:33:34.709783,0,10615,1.0,1,4.0
2025-09-04T10:33:35.215222,0,10615,1.0,1,5.5
2025-09-04T10:33:35.720587,0,10615,1.0,1,12.7
2025-09-04T10:33:36.225882,0,10615,1.0,1,6.7
2025-09-04T10:33:36.729337,0,10615,1.0,1,6.5
2025-09-04T10:33:37.234682,0,10615,1.0,1,4.5
2025-09-04T10:33:37.740074,0,10615,1.0,1,3.2
2025-09-04T10:33:38.242968,0,10615,1.0,1,4.2
2025-09-04T10:33:38.748001,0,10615,1.0,1,10.6
2025-09-04T10:33:39.253281,0,10615,1.0,1,16.1
2025-09-04T10:33:39.758535,0,10615,1.0,1,19.2
2025-09-04T10:33:40.263763,0,10615,1.0,1,6.0
2025-09-04T10:33:40.766902,0,10615,1.0,1,3.7
2025-09-04T10:33:41.272238,0,10615,1.0,1,2.7
2025-09-04T10:33:41.777191,0,10615,1.0,1,1.5
2025-09-04T10:33:42.282503,0,10615,1.0,1,8.0
2025-09-04T10:33:42.785712,0,10615,1.0,1,11.0
2025-09-04T10:33:43.290980,0,10615,1.0,1,12.0
2025-09-04T10:33:43.795992,0,10615,1.0,1,6.7
2025-09-04T10:33:44.296330,0,10615,1.0,1,1.5
2025-09-04T10:33:44.799471,0,10615,1.0,1,8.5
2025-09-04T10:33:45.303947,0,10615,1.0,1,10.3
2025-09-04T10:33:45.808166,0,10615,1.0,1,7.2
2025-09-04T10:33:46.311018,0,10615,1.0,1,9.4
2025-09-04T10:33:46.816396,0,10615,1.0,1,2.2
2025-09-04T10:33:47.318298,0,10615,1.0,1,1.8
2025-09-04T10:33:47.823683,0,10615,1.0,1,1.0
2025-09-04T10:33:48.326467,0,10615,1.0,1,14.5
2025-09-04T10:33:48.831766,0,10615,1.0,1,4.0
2025-09-04T10:33:49.335732,0,10615,1.0,1,8.7
2025-09-04T10:33:49.840894,0,10615,1.0,1,7.4
2025-09-04T10:33:50.343319,0,10615,1.0,1,6.0
2025-09-04T10:33:50.848881,0,10615,1.0,1,4.0
2025-09-04T10:33:51.355348,0,10615,1.0,1,9.4
2025-09-04T10:33:51.858325,0,10615,1.0,1,10.9
2025-09-04T10:33:52.363531,0,10615,1.0,1,9.7
2025-09-04T10:33:52.868830,0,10615,1.0,1,4.7
2025-09-04T10:33:53.371837,0,10615,1.0,1,5.0
2025-09-04T10:33:53.876197,0,10615,1.0,1,3.2
2025-09-04T10:33:54.379428,0,10615,1.0,1,5.0
2025-09-04T10:33:54.882387,0,10615,1.0,1,23.1
2025-09-04T10:33:55.386729,0,10615,1.0,1,14.4
2025-09-04T10:33:55.892249,0,10615,1.0,1,16.6
2025-09-04T10:33:56.397556,0,10615,1.0,1,8.3
2025-09-04T10:33:56.902438,0,10615,1.0,1,10.8
2025-09-04T10:33:57.407878,0,10615,1.0,1,6.5
2025-09-04T10:33:57.909547,0,10615,1.0,1,3.7
2025-09-04T10:33:58.412053,0,10615,1.0,1,10.2
2025-09-04T10:33:58.917453,0,10615,1.0,1,10.5
2025-09-04T10:33:59.420477,0,10615,1.0,1,11.4
2025-09-04T10:33:59.925742,0,10615,1.0,1,3.0
2025-09-04T10:34:00.429056,0,10615,1.0,1,7.2
2025-09-04T10:34:00.931062,0,10615,1.0,1,5.5
2025-09-04T10:34:01.436333,0,10615,1.0,1,16.0
2025-09-04T10:34:01.941545,0,10615,1.0,1,1.7
2025-09-04T10:34:02.444619,0,10615,1.0,1,2.5
2025-09-04T10:34:02.950008,0,10615,1.0,1,2.7
2025-09-04T10:34:03.455376,0,10615,1.0,1,4.7
2025-09-04T10:34:03.960653,0,10615,1.0,1,1.5
2025-09-04T10:34:04.461391,0,10615,1.0,1,3.5
2025-09-04T10:34:04.966616,0,10615,1.0,1,4.7
2025-09-04T10:34:05.471701,0,10615,1.0,1,2.2
2025-09-04T10:34:05.977056,0,10615,1.0,1,3.7
2025-09-04T10:34:06.482373,0,10615,1.0,1,3.9
2025-09-04T10:34:06.987663,0,10615,1.0,1,5.0
2025-09-04T10:34:07.492694,0,10615,1.0,1,1.7
2025-09-04T10:34:07.997956,0,10615,1.0,1,2.2
2025-09-04T10:34:08.503284,0,10615,1.0,1,2.7
2025-09-04T10:34:09.008672,0,10615,1.0,1,5.0
2025-09-04T10:34:09.509454,0,10615,1.0,1,1.7
2025-09-04T10:34:10.011855,0,10615,1.0,1,6.2
2025-09-04T10:34:10.517249,0,10615,1.0,1,2.2
2025-09-04T10:34:11.022652,0,10615,1.0,1,5.2
2025-09-04T10:34:11.528045,0,10615,1.0,1,2.5
2025-09-04T10:34:12.033430,0,10615,1.0,1,2.5
2025-09-04T10:34:12.538780,0,10615,1.0,1,2.5
2025-09-04T10:34:13.042757,0,10615,1.0,1,4.0
2025-09-04T10:34:13.544764,0,10615,1.0,1,2.7
2025-09-04T10:34:14.047324,0,10615,1.0,1,4.3
2025-09-04T10:34:14.552412,0,10615,1.0,1,4.0
2025-09-04T10:34:15.057135,0,10615,1.0,1,3.2
2025-09-04T10:34:15.562554,0,10615,1.0,1,8.4
2025-09-04T10:34:16.066010,0,10615,1.0,1,5.5
2025-09-04T10:34:16.570675,0,10615,1.0,1,8.9
2025-09-04T10:34:17.075989,0,10615,1.0,1,5.5
2025-09-04T10:34:17.579763,0,10615,1.0,1,3.2
2025-09-04T10:34:18.081147,0,10615,1.0,1,4.3
2025-09-04T10:34:18.582437,0,10615,1.0,1,3.5
2025-09-04T10:34:19.083274,0,10615,1.0,1,4.3
2025-09-04T10:34:19.588677,0,10615,1.0,1,5.4
2025-09-04T10:34:20.094106,0,10615,1.0,1,6.2
2025-09-04T10:34:20.599900,0,10615,1.0,1,1.7
2025-09-04T10:34:21.105102,0,10615,1.0,1,2.5
2025-09-04T10:34:21.606453,0,10615,1.0,1,3.0
2025-09-04T10:34:22.111425,0,10615,1.0,1,4.7
2025-09-04T10:34:22.616839,0,10615,1.0,1,3.5
2025-09-04T10:34:23.122265,0,10615,1.0,1,6.5
2025-09-04T10:34:23.624980,0,10615,1.0,1,1.5
2025-09-04T10:34:24.128406,0,10615,1.0,1,3.2
2025-09-04T10:34:24.629147,0,10615,1.0,1,6.0
2025-09-04T10:34:25.134477,0,10615,1.0,1,10.4
2025-09-04T10:34:25.638446,0,10615,1.0,1,4.0
2025-09-04T10:34:26.143810,0,10615,1.0,1,3.2
2025-09-04T10:34:26.646427,0,10615,1.0,1,2.5
2025-09-04T10:34:27.150428,0,10615,1.0,1,1.5
2025-09-04T10:34:27.655811,0,10615,1.0,1,2.0
2025-09-04T10:34:28.161145,0,10615,1.0,1,2.0
2025-09-04T10:34:28.662404,0,10615,1.0,1,2.0
2025-09-04T10:34:29.167705,0,10615,1.0,1,11.0
2025-09-04T10:34:29.673038,0,10615,1.0,1,12.1
2025-09-04T10:34:30.178439,0,10615,1.0,1,12.1
2025-09-04T10:34:30.683195,0,10615,1.0,1,6.5
2025-09-04T10:34:31.188874,0,10615,1.0,1,8.6
2025-09-04T10:34:31.691701,0,10615,1.0,1,1.5
2025-09-04T10:34:32.192634,0,10615,1.0,1,2.0
2025-09-04T10:34:32.698013,0,10615,1.0,1,6.5
2025-09-04T10:34:33.203427,0,10615,1.0,1,8.2
2025-09-04T10:34:33.708844,0,10615,1.0,1,5.2
2025-09-04T10:34:34.214252,0,10615,1.0,1,3.7
2025-09-04T10:34:34.716450,0,10615,1.0,1,6.2
2025-09-04T10:34:35.217000,0,10615,1.0,1,4.8
2025-09-04T10:34:35.722412,0,10615,1.0,1,2.2
2025-09-04T10:34:36.225065,0,10615,1.0,1,4.5
2025-09-04T10:34:36.726435,0,10615,1.0,1,2.3
2025-09-04T10:34:37.231792,0,10615,1.0,1,5.2
2025-09-04T10:34:37.734506,0,10615,1.0,1,5.2
2025-09-04T10:34:38.235723,0,10615,1.0,1,5.5
2025-09-04T10:34:38.741077,0,10615,1.0,1,5.2
2025-09-04T10:34:39.242526,0,10615,1.0,1,3.5
2025-09-04T10:34:39.747896,0,10615,1.0,1,1.2
2025-09-04T10:34:40.253275,0,10615,1.0,1,1.7
2025-09-04T10:34:40.758678,0,10615,1.0,1,2.2
2025-09-04T10:34:41.264071,0,10615,1.0,1,1.5
2025-09-04T10:34:41.766429,0,10615,1.0,1,2.0
2025-09-04T10:34:42.271807,0,10615,1.0,1,2.2
2025-09-04T10:34:42.777146,0,10615,1.0,1,2.5
2025-09-04T10:34:43.282504,0,10615,1.0,1,2.2
2025-09-04T10:34:43.787886,0,10615,1.0,1,2.0
2025-09-04T10:34:44.293252,0,10615,1.0,1,2.2
2025-09-04T10:34:44.798616,0,10615,1.0,1,1.7
2025-09-04T10:34:45.304099,0,10615,1.0,1,10.8
2025-09-04T10:34:45.809082,0,10615,1.0,1,13.4
2025-09-04T10:34:46.314389,0,10615,1.0,1,7.2
2025-09-04T10:34:46.819754,0,10615,1.0,1,8.8
2025-09-04T10:34:47.320764,0,10615,1.0,1,5.0
2025-09-04T10:34:47.826138,0,10615,1.0,1,6.7
2025-09-04T10:34:48.331564,0,10615,1.0,1,2.2
2025-09-04T10:34:48.833005,0,10615,1.0,1,5.0
2025-09-04T10:34:49.338393,0,10615,1.0,1,7.2
2025-09-04T10:34:49.840337,0,10615,1.0,1,6.5
2025-09-04T10:34:50.345143,0,10615,1.0,1,5.2
2025-09-04T10:34:50.849036,0,10615,1.0,1,2.7
2025-09-04T10:34:51.351256,0,10615,1.0,1,5.5
2025-09-04T10:34:51.851728,0,10615,1.0,1,5.8
2025-09-04T10:34:52.353021,0,10615,1.0,1,5.0
2025-09-04T10:34:52.854324,0,10615,1.0,1,6.7
2025-09-04T10:34:53.359680,0,10615,1.0,1,6.7
2025-09-04T10:34:53.862430,0,10615,1.0,1,4.5
2025-09-04T10:34:54.367762,0,10615,1.0,1,5.4
2025-09-04T10:34:54.873141,0,10615,1.0,1,4.0
2025-09-04T10:34:55.377264,0,10615,1.0,1,4.0
2025-09-04T10:34:55.882654,0,10615,1.0,1,5.2
2025-09-04T10:34:56.385174,0,10615,1.0,1,4.0
2025-09-04T10:34:56.890577,0,10615,1.0,1,2.7
2025-09-04T10:34:57.392416,0,10615,1.0,1,1.5
2025-09-04T10:34:57.894368,0,10615,1.0,1,2.0
2025-09-04T10:34:58.396619,0,10615,1.0,1,2.2
2025-09-04T10:34:58.900248,0,10615,1.0,1,2.2
2025-09-04T10:34:59.405616,0,10615,1.0,1,8.7
2025-09-04T10:34:59.910981,0,10615,1.0,1,5.2
2025-09-04T10:35:00.413297,0,10615,1.0,1,3.3
2025-09-04T10:35:00.918322,0,10615,1.0,1,4.7
2025-09-04T10:35:01.419606,0,10615,1.0,1,14.0
2025-09-04T10:35:01.924921,0,10615,1.0,1,6.7
2025-09-04T10:35:02.430325,0,10615,1.0,1,4.2
2025-09-04T10:35:02.930854,0,10615,1.0,1,3.0
2025-09-04T10:35:03.435703,0,10615,1.0,1,5.7
2025-09-04T10:35:03.936915,0,10615,1.0,1,6.2
2025-09-04T10:35:04.442323,0,10615,1.0,1,6.2
2025-09-04T10:35:04.945108,0,10615,1.0,1,7.0
2025-09-04T10:35:05.450472,0,10615,1.0,1,8.6
2025-09-04T10:35:05.953029,0,10615,1.0,1,4.5
2025-09-04T10:35:06.458398,0,10615,1.0,1,4.0
2025-09-04T10:35:06.959041,0,10615,1.0,1,2.7
2025-09-04T10:35:07.464421,0,10615,1.0,1,6.5
2025-09-04T10:35:07.968142,0,10615,1.0,1,4.0
2025-09-04T10:35:08.473533,0,10615,1.0,1,4.2
2025-09-04T10:35:08.975125,0,10615,1.0,1,3.5
2025-09-04T10:35:09.475670,0,10615,1.0,1,2.0
2025-09-04T10:35:09.981052,0,10615,1.0,1,3.7
2025-09-04T10:35:10.486463,0,10615,1.0,1,3.2
2025-09-04T10:35:10.990410,0,10615,1.0,1,1.5
2025-09-04T10:35:11.495817,0,10615,1.0,1,6.2
2025-09-04T10:35:11.996921,0,10615,1.0,1,1.5
2025-09-04T10:35:12.497573,0,10615,1.0,1,6.7
2025-09-04T10:35:13.002984,0,10615,1.0,1,2.0
2025-09-04T10:35:13.503997,0,10615,1.0,1,4.0
2025-09-04T10:35:14.009220,0,10615,1.0,1,5.0
2025-09-04T10:35:14.514610,0,10615,1.0,1,3.2
2025-09-04T10:35:15.018475,0,10615,1.0,1,4.5
2025-09-04T10:35:15.523814,0,10615,1.0,1,8.4
2025-09-04T10:35:16.029195,0,10615,1.0,1,4.7
2025-09-04T10:35:16.534577,0,10615,1.0,1,4.7
2025-09-04T10:35:17.039961,0,10615,1.0,1,5.5
2025-09-04T10:35:17.542333,0,10615,1.0,1,2.2
2025-09-04T10:35:18.047699,0,10615,1.0,1,2.5
2025-09-04T10:35:18.553056,0,10615,1.0,1,2.7
2025-09-04T10:35:19.054210,0,10615,1.0,1,2.2
2025-09-04T10:35:19.558288,0,10615,1.0,1,1.7
2025-09-04T10:35:20.059160,0,10615,1.0,1,6.0
2025-09-04T10:35:20.560927,0,10615,1.0,1,1.8
2025-09-04T10:35:21.067186,0,10615,1.0,1,3.9
2025-09-04T10:35:21.571204,0,10615,1.0,1,5.8
2025-09-04T10:35:22.073934,0,10615,1.0,1,6.0
2025-09-04T10:35:22.574527,0,10615,1.0,1,2.3
2025-09-04T10:35:23.078236,0,10615,1.0,1,3.0
2025-09-04T10:35:23.583594,0,10615,1.0,1,2.0
2025-09-04T10:35:24.086364,0,10615,1.0,1,4.5
2025-09-04T10:35:24.591715,0,10615,1.0,1,6.5
2025-09-04T10:35:25.096957,0,10615,1.0,1,5.2
2025-09-04T10:35:25.601932,0,10615,1.0,1,6.0
2025-09-04T10:35:26.107263,0,10615,1.0,1,5.5
2025-09-04T10:35:26.612630,0,10615,1.0,1,2.7
2025-09-04T10:35:27.118061,0,10615,1.0,1,4.7
2025-09-04T10:35:27.623463,0,10615,1.0,1,6.9
2025-09-04T10:35:28.125578,0,10615,1.0,1,5.5
2025-09-04T10:35:28.630974,0,10615,1.0,1,3.7
2025-09-04T10:35:29.136376,0,10615,1.0,1,6.0
2025-09-04T10:35:29.641757,0,10615,1.0,1,5.7
2025-09-04T10:35:30.147096,0,10615,1.0,1,2.5
2025-09-04T10:35:30.652478,0,10615,1.0,1,1.7
2025-09-04T10:35:31.157871,0,10615,1.0,1,3.5
2025-09-04T10:35:31.659605,0,10615,1.0,1,3.5
2025-09-04T10:35:32.160929,0,10615,1.0,1,5.0
2025-09-04T10:35:32.662543,0,10615,1.0,1,1.5
2025-09-04T10:35:33.166668,0,10615,1.0,1,2.0
2025-09-04T10:35:33.670300,0,10615,1.0,1,4.2
2025-09-04T10:35:34.174464,0,10615,1.0,1,4.7
2025-09-04T10:35:34.678202,0,10615,1.0,1,2.7
2025-09-04T10:35:35.182107,0,10615,1.0,1,3.7
2025-09-04T10:35:35.687564,0,10615,1.0,1,6.5
2025-09-04T10:35:36.192377,0,10615,1.0,1,6.9
2025-09-04T10:35:36.697760,0,10615,1.0,1,5.5
2025-09-04T10:35:37.200880,0,10615,1.0,1,7.2
2025-09-04T10:35:37.706280,0,10615,1.0,1,4.7
2025-09-04T10:35:38.211725,0,10615,1.0,1,3.7
2025-09-04T10:35:38.717032,0,10615,1.0,1,4.5
2025-09-04T10:35:39.219020,0,10615,1.0,1,6.0
2025-09-04T10:35:39.724400,0,10615,1.0,1,5.2
2025-09-04T10:35:40.229800,0,10615,1.0,1,3.0
2025-09-04T10:35:40.732037,0,10615,1.0,1,2.7
2025-09-04T10:35:41.237428,0,10615,1.0,1,2.0
2025-09-04T10:35:41.737942,0,10615,1.0,1,1.7
2025-09-04T10:35:42.241613,0,10615,1.0,1,2.0
2025-09-04T10:35:42.746980,0,10615,1.0,1,1.7
2025-09-04T10:35:43.252343,0,10615,1.0,1,2.2
2025-09-04T10:35:43.756979,0,10615,1.0,1,1.2
2025-09-04T10:35:44.262346,0,10615,1.0,1,2.0
2025-09-04T10:35:44.765013,0,10615,1.0,1,2.2
2025-09-04T10:35:45.270354,0,10615,1.0,1,2.0
2025-09-04T10:35:45.775421,0,10615,1.0,1,6.2
2025-09-04T10:35:46.280791,0,10615,1.0,1,1.7
2025-09-04T10:35:46.784924,0,10615,1.0,1,7.5
2025-09-04T10:35:47.290302,0,10615,1.0,1,1.7
2025-09-04T10:35:47.792079,0,10615,1.0,1,5.5
2025-09-04T10:35:48.297190,0,10615,1.0,1,3.0
2025-09-04T10:35:48.802489,0,10615,1.0,1,2.7
2025-09-04T10:35:49.304499,0,10615,1.0,1,5.2
2025-09-04T10:35:49.809911,0,10615,1.0,1,5.0
2025-09-04T10:35:50.315685,0,10615,1.0,1,8.2
2025-09-04T10:35:50.816906,0,10615,1.0,1,5.5
2025-09-04T10:35:51.322309,0,10615,1.0,1,5.0
2025-09-04T10:35:51.825428,0,10615,1.0,1,1.8
2025-09-04T10:35:52.330864,0,10615,1.0,1,2.5
2025-09-04T10:35:52.836211,0,10615,1.0,1,1.7
2025-09-04T10:35:53.341610,0,10615,1.0,1,4.4
2025-09-04T10:35:53.842580,0,10615,1.0,1,18.7
2025-09-04T10:35:54.347860,0,10615,1.0,1,17.8
2025-09-04T10:35:54.853277,0,10615,1.0,1,7.7
2025-09-04T10:35:55.356843,0,10615,1.0,1,2.7
2025-09-04T10:35:55.862160,0,10615,1.0,1,7.2
2025-09-04T10:35:56.367538,0,10615,1.0,1,2.7
2025-09-04T10:35:56.872914,0,10615,1.0,1,1.7
2025-09-04T10:35:57.376764,0,10615,1.0,1,2.2
2025-09-04T10:35:57.882119,0,10615,1.0,1,1.7
2025-09-04T10:35:58.384976,0,10615,1.0,1,1.7
2025-09-04T10:35:58.890250,0,10615,1.0,1,5.2
2025-09-04T10:35:59.395500,0,10615,1.0,1,12.2
2025-09-04T10:35:59.899576,0,10615,1.0,1,12.7
2025-09-04T10:36:00.405038,0,10615,1.0,1,14.3
2025-09-04T10:36:00.906206,0,10615,1.0,1,13.9
2025-09-04T10:36:01.411503,0,10615,1.0,1,9.4
2025-09-04T10:36:01.912561,0,10615,1.0,1,14.8
2025-09-04T10:36:02.417925,0,10615,1.0,1,11.3
2025-09-04T10:36:02.921012,0,10615,1.0,1,14.9
2025-09-04T10:36:03.426420,0,10615,1.0,1,11.3
2025-09-04T10:36:03.931846,0,10615,1.0,1,13.3
2025-09-04T10:36:04.434418,0,10615,1.0,1,20.6
2025-09-04T10:36:04.939654,0,10615,1.0,1,17.0
2025-09-04T10:36:05.443986,0,10615,1.0,1,12.8
2025-09-04T10:36:05.949548,0,10615,1.0,1,10.3
2025-09-04T10:36:06.455107,0,10615,1.0,1,9.2
2025-09-04T10:36:06.958428,0,10615,1.0,1,5.4
2025-09-04T10:36:07.459117,0,10615,1.0,1,4.2
2025-09-04T10:36:07.964511,0,10615,1.0,1,6.5
2025-09-04T10:36:08.469917,0,10615,1.0,1,4.7
2025-09-04T10:36:08.975314,0,10615,1.0,1,5.0
2025-09-04T10:36:09.480720,0,10615,1.0,1,2.7
2025-09-04T10:36:09.984854,0,10615,1.0,1,3.5
2025-09-04T10:36:10.486394,0,10615,1.0,1,2.7
2025-09-04T10:36:10.991794,0,10615,1.0,1,3.5
2025-09-04T10:36:11.493772,0,10615,1.0,1,4.0
2025-09-04T10:36:11.999175,0,10615,1.0,1,6.5
2025-09-04T10:36:12.504474,0,10615,1.0,1,5.9
2025-09-04T10:36:13.007967,0,10615,1.0,1,1.8
2025-09-04T10:36:13.508581,0,10615,1.0,1,7.2
2025-09-04T10:36:14.013644,0,10615,1.0,1,2.0
2025-09-04T10:36:14.518269,0,10615,1.0,1,2.2
2025-09-04T10:36:15.023650,0,10615,1.0,1,3.0
2025-09-04T10:36:15.528919,0,10615,1.0,1,0.0
2025-09-04T10:36:16.034127,0,10615,1.0,1,7.1
2025-09-04T10:36:16.539753,0,10615,1.0,1,2.7
2025-09-04T10:36:17.045046,0,10615,1.0,1,5.2
2025-09-04T10:36:17.547435,0,10615,1.0,1,5.5
2025-09-04T10:36:18.052833,0,10615,1.0,1,5.7
2025-09-04T10:36:18.556549,0,10615,1.0,1,3.0
2025-09-04T10:36:19.059516,0,10615,1.0,1,5.5
2025-09-04T10:36:19.563405,0,10615,1.0,1,2.5
2025-09-04T10:36:20.065655,0,10615,1.0,1,10.1
2025-09-04T10:36:20.571102,0,10615,1.0,1,5.2
2025-09-04T10:36:21.076517,0,10615,1.0,1,7.9
2025-09-04T10:36:21.581930,0,10615,1.0,1,3.0
2025-09-04T10:36:22.087332,0,10615,1.0,1,6.0
2025-09-04T10:36:22.592704,0,10615,1.0,1,4.7
2025-09-04T10:36:23.094425,0,10615,1.0,1,2.0
2025-09-04T10:36:23.599769,0,10615,1.0,1,13.5
2025-09-04T10:36:24.105090,0,10615,1.0,1,3.2
2025-09-04T10:36:24.610414,0,10615,1.0,1,6.2
2025-09-04T10:36:25.115775,0,10615,1.0,1,3.2
2025-09-04T10:36:25.621109,0,10615,1.0,1,2.0
2025-09-04T10:36:26.126476,0,10615,1.0,1,2.7
2025-09-04T10:36:26.630264,0,10615,1.0,1,4.0
2025-09-04T10:36:27.130768,0,10615,1.0,1,6.0
2025-09-04T10:36:27.636092,0,10615,1.0,1,7.7
2025-09-04T10:36:28.139518,0,10615,1.0,1,4.2
2025-09-04T10:36:28.644863,0,10615,1.0,1,5.0
2025-09-04T10:36:29.150196,0,10615,1.0,1,7.2
2025-09-04T10:36:29.654117,0,10615,1.0,1,5.0
2025-09-04T10:36:30.158405,0,10615,1.0,1,5.2
2025-09-04T10:36:30.663627,0,10615,1.0,1,3.7
2025-09-04T10:36:31.168977,0,10615,1.0,1,1.5
2025-09-04T10:36:31.674053,0,10615,1.0,1,5.2
2025-09-04T10:36:32.176741,0,10615,1.0,1,5.7
2025-09-04T10:36:32.680262,0,10615,1.0,1,2.5
2025-09-04T10:36:33.184794,0,10615,1.0,1,6.9
2025-09-04T10:36:33.687170,0,10615,1.0,1,3.5
2025-09-04T10:36:34.191817,0,10615,1.0,1,4.7
2025-09-04T10:36:34.693356,0,10615,1.0,1,5.0
2025-09-04T10:36:35.195495,0,10615,1.0,1,4.0
2025-09-04T10:36:35.700911,0,10615,1.0,1,2.0
2025-09-04T10:36:36.206276,0,10615,1.0,1,1.7
2025-09-04T10:36:36.708459,0,10615,1.0,1,6.0
2025-09-04T10:36:37.209932,0,10615,1.0,1,5.3
2025-09-04T10:36:37.712785,0,10615,1.0,1,2.5
2025-09-04T10:36:38.214067,0,10615,1.0,1,3.0
2025-09-04T10:36:38.715361,0,10615,1.0,1,1.7
2025-09-04T10:36:39.220756,0,10615,1.0,1,1.5
2025-09-04T10:36:39.726112,0,10615,1.0,1,2.0
2025-09-04T10:36:40.230093,0,10615,1.0,1,2.5
2025-09-04T10:36:40.732161,0,10615,1.0,1,2.0
2025-09-04T10:36:41.237504,0,10615,1.0,1,1.2
2025-09-04T10:36:41.742880,0,10615,1.0,1,1.7
2025-09-04T10:36:42.248251,0,10615,1.0,1,2.2
2025-09-04T10:36:42.752787,0,10615,1.0,1,2.2
2025-09-04T10:36:43.256019,0,10615,1.0,1,1.5
2025-09-04T10:36:43.760779,0,10615,1.0,1,1.3
2025-09-04T10:36:44.261346,0,10615,1.0,1,2.0
2025-09-04T10:36:44.761974,0,10615,1.0,1,2.7
2025-09-04T10:36:45.267388,0,10615,1.0,1,4.5
2025-09-04T10:36:45.771676,0,10615,1.0,1,0.0
2025-09-04T10:36:46.275026,0,10615,1.0,1,4.1
2025-09-04T10:36:46.780319,0,10615,1.0,1,5.0
2025-09-04T10:36:47.285568,0,10615,1.0,1,4.4
2025-09-04T10:36:47.790903,0,10615,1.0,1,1.2
2025-09-04T10:36:48.295480,0,10615,1.0,1,2.5
2025-09-04T10:36:48.799782,0,10615,1.0,1,1.7
2025-09-04T10:36:49.301631,0,10615,1.0,1,1.5
2025-09-04T10:36:49.807125,0,10615,1.0,1,2.7
2025-09-04T10:36:50.312441,0,10615,1.0,1,6.2
2025-09-04T10:36:50.818202,0,10615,1.0,1,2.2
2025-09-04T10:36:51.323597,0,10615,1.0,1,2.2
2025-09-04T10:36:51.825957,0,10615,1.0,1,1.7
2025-09-04T10:36:52.331373,0,10615,1.0,1,2.2
2025-09-04T10:36:52.832241,0,10615,1.0,1,1.8
2025-09-04T10:36:53.335694,0,10615,1.0,1,1.5
2025-09-04T10:36:53.841070,0,10615,1.0,1,2.2
2025-09-04T10:36:54.341653,0,10615,1.0,1,1.0
2025-09-04T10:36:54.847063,0,10615,1.0,1,2.2
2025-09-04T10:36:55.350022,0,10615,1.0,1,1.5
2025-09-04T10:36:55.851375,0,10615,1.0,1,3.8
2025-09-04T10:36:56.356744,0,10615,1.0,1,1.7
2025-09-04T10:36:56.859351,0,10615,1.0,1,2.5
2025-09-04T10:36:57.363905,0,10615,1.0,1,1.0
2025-09-04T10:36:57.867360,0,10615,1.0,1,3.0
2025-09-04T10:36:58.368650,0,10615,1.0,1,3.0
2025-09-04T10:36:58.874005,0,10615,1.0,1,2.5
2025-09-04T10:36:59.378888,0,10615,1.0,1,4.2
2025-09-04T10:36:59.884285,0,10615,1.0,1,3.2
2025-09-04T10:37:00.389644,0,10615,1.0,1,3.7
2025-09-04T10:37:00.891304,0,10615,1.0,1,4.2
2025-09-04T10:37:01.396592,0,10615,1.0,1,2.5
2025-09-04T10:37:01.901867,0,10615,1.0,1,2.7
2025-09-04T10:37:02.405979,0,10615,1.0,1,1.5
2025-09-04T10:37:02.907394,0,10615,1.0,1,2.5
2025-09-04T10:37:03.408193,0,10615,1.0,1,1.2
2025-09-04T10:37:03.913486,0,10615,1.0,1,2.0
2025-09-04T10:37:04.416694,0,10615,1.0,1,2.0
2025-09-04T10:37:04.922060,0,10615,1.0,1,2.2
2025-09-04T10:37:05.427476,0,10615,1.0,1,2.2
2025-09-04T10:37:05.932011,0,10615,1.0,1,2.0
2025-09-04T10:37:06.432669,0,10615,1.0,1,1.5
2025-09-04T10:37:06.934023,0,10615,1.0,1,2.5
2025-09-04T10:37:07.439375,0,10615,1.0,1,3.2
2025-09-04T10:37:07.942011,0,10615,1.0,1,1.7
2025-09-04T10:37:08.443878,0,10615,1.0,1,1.5
2025-09-04T10:37:08.946983,0,10615,1.0,1,3.2
2025-09-04T10:37:09.452381,0,10615,1.0,1,3.5
2025-09-04T10:37:09.957765,0,10615,1.0,1,2.0
2025-09-04T10:37:10.463204,0,10615,1.0,1,2.0
2025-09-04T10:37:10.966008,0,10615,1.0,1,1.5
2025-09-04T10:37:11.467334,0,10615,1.0,1,1.5
2025-09-04T10:37:11.972727,0,10615,1.0,1,4.2
2025-09-04T10:37:12.474830,0,10615,1.0,1,2.0
2025-09-04T10:37:12.979359,0,10615,1.0,1,2.2
2025-09-04T10:37:13.483342,0,10615,1.0,1,2.0
2025-09-04T10:37:13.984665,0,10615,1.0,1,2.0
2025-09-04T10:37:14.486017,0,10615,1.0,1,1.7
2025-09-04T10:37:14.991386,0,10615,1.0,1,2.5
2025-09-04T10:37:15.496749,0,10615,1.0,1,1.7
2025-09-04T10:37:16.002130,0,10615,1.0,1,7.6
2025-09-04T10:37:16.507970,0,10615,1.0,1,2.5
2025-09-04T10:37:17.013286,0,10615,1.0,1,5.0
2025-09-04T10:37:17.518518,0,10615,1.0,1,2.0
2025-09-04T10:37:18.020599,0,10615,1.0,1,1.8
2025-09-04T10:37:18.524813,0,10615,1.0,1,2.0
2025-09-04T10:37:19.026762,0,10615,1.0,1,2.0
2025-09-04T10:37:19.528861,0,10615,1.0,1,1.5
2025-09-04T10:37:20.031829,0,10615,1.0,1,6.9
2025-09-04T10:37:20.533976,0,10615,1.0,1,1.5
2025-09-04T10:37:21.038905,0,10615,1.0,1,2.0
2025-09-04T10:37:21.541419,0,10615,1.0,1,2.2
2025-09-04T10:37:22.046783,0,10615,1.0,1,2.0
2025-09-04T10:37:22.552111,0,10615,1.0,1,1.5
2025-09-04T10:37:23.057469,0,10615,1.0,1,2.0
2025-09-04T10:37:23.561859,0,10615,1.0,1,2.0
2025-09-04T10:37:24.067238,0,10615,1.0,1,2.0
2025-09-04T10:37:24.571223,0,10615,1.0,1,2.5
2025-09-04T10:37:25.076195,0,10615,1.0,1,1.5
2025-09-04T10:37:25.579304,0,10615,1.0,1,2.2
2025-09-04T10:37:26.082325,0,10615,1.0,1,1.7
2025-09-04T10:37:26.585364,0,10615,1.0,1,1.5
2025-09-04T10:37:27.088623,0,10615,1.0,1,2.0
2025-09-04T10:37:27.591373,0,10615,1.0,1,1.2
2025-09-04T10:37:28.094590,0,10615,1.0,1,5.8
2025-09-04T10:37:28.599165,0,10615,1.0,1,4.7
2025-09-04T10:37:29.104019,0,10615,1.0,1,4.5
2025-09-04T10:37:29.605968,0,10615,1.0,1,2.0
2025-09-04T10:37:30.111274,0,10615,1.0,1,3.2
2025-09-04T10:37:30.616480,0,10615,1.0,1,2.7
2025-09-04T10:37:31.121823,0,10615,1.0,1,2.5
2025-09-04T10:37:31.627183,0,10615,1.0,1,2.2
2025-09-04T10:37:32.128950,0,10615,1.0,1,6.5
2025-09-04T10:37:32.629994,0,10615,1.0,1,1.3
2025-09-04T10:37:33.131960,0,10615,1.0,1,2.0
2025-09-04T10:37:33.637320,0,10615,1.0,1,2.5
2025-09-04T10:37:34.140628,0,10615,1.0,1,1.5
2025-09-04T10:37:34.643268,0,10615,1.0,1,1.3
2025-09-04T10:37:35.146360,0,10615,1.0,1,2.2
2025-09-04T10:37:35.648609,0,10615,1.0,1,1.7
2025-09-04T10:37:36.152161,0,10615,1.0,1,1.5
2025-09-04T10:37:36.656401,0,10615,1.0,1,2.2
2025-09-04T10:37:37.157866,0,10615,1.0,1,2.5
2025-09-04T10:37:37.659719,0,10615,1.0,1,1.5
2025-09-04T10:37:38.162590,0,10615,1.0,1,2.5
2025-09-04T10:37:38.667262,0,10615,1.0,1,1.7
2025-09-04T10:37:39.170729,0,10615,1.0,1,2.2
2025-09-04T10:37:39.676084,0,10615,1.0,1,1.5
2025-09-04T10:37:40.180530,0,10615,1.0,1,4.5
2025-09-04T10:37:40.685922,0,10615,1.0,1,5.9
2025-09-04T10:37:41.191287,0,10615,1.0,1,3.2
2025-09-04T10:37:41.696600,0,10615,1.0,1,1.5
2025-09-04T10:37:42.201924,0,10615,1.0,1,2.0
2025-09-04T10:37:42.707250,0,10615,1.0,1,1.7
2025-09-04T10:37:43.211268,0,10615,1.0,1,3.2
2025-09-04T10:37:43.712703,0,10615,1.0,1,1.3
2025-09-04T10:37:44.218065,0,10615,1.0,1,2.2
2025-09-04T10:37:44.723483,0,10615,1.0,1,2.0
2025-09-04T10:37:45.228800,0,10615,1.0,1,2.2
2025-09-04T10:37:45.733152,0,10615,1.0,1,2.2
2025-09-04T10:37:46.238529,0,10615,1.0,1,0.0
2025-09-04T10:37:46.743968,0,10615,1.0,1,3.8
2025-09-04T10:37:47.249351,0,10615,1.0,1,5.7
2025-09-04T10:37:47.749897,0,10615,1.0,1,1.8
2025-09-04T10:37:48.251240,0,10615,1.0,1,1.5
2025-09-04T10:37:48.752591,0,10615,1.0,1,2.2
2025-09-04T10:37:49.255288,0,10615,1.0,1,1.3
2025-09-04T10:37:49.759472,0,10615,1.0,1,3.7
2025-09-04T10:37:50.264888,0,10615,1.0,1,4.7
2025-09-04T10:37:50.770685,0,10615,1.0,1,4.2
2025-09-04T10:37:51.276017,0,10615,1.0,1,3.0
2025-09-04T10:37:51.779874,0,10615,1.0,1,1.5
2025-09-04T10:37:52.283219,0,10615,1.0,1,2.0
2025-09-04T10:37:52.784559,0,10615,1.0,1,1.5
2025-09-04T10:37:53.288235,0,10615,1.0,1,2.3
2025-09-04T10:37:53.793613,0,10615,1.0,1,2.0
2025-09-04T10:37:54.296268,0,10615,1.0,1,1.5
2025-09-04T10:37:54.801643,0,10615,1.0,1,2.2
2025-09-04T10:37:55.306891,0,10615,1.0,1,1.2
2025-09-04T10:37:55.807854,0,10615,1.0,1,2.0
2025-09-04T10:37:56.310473,0,10615,1.0,1,2.0
2025-09-04T10:37:56.815705,0,10615,1.0,1,2.0
2025-09-04T10:37:57.319980,0,10615,1.0,1,2.0
2025-09-04T10:37:57.824513,0,10615,1.0,1,1.5
2025-09-04T10:37:58.329890,0,10615,1.0,1,1.7
2025-09-04T10:37:58.831859,0,10615,1.0,1,2.0
2025-09-04T10:37:59.337262,0,10615,1.0,1,4.2
2025-09-04T10:37:59.841175,0,10615,1.0,1,3.5
2025-09-04T10:38:00.341897,0,10615,1.0,1,3.0
2025-09-04T10:38:00.845059,0,10615,1.0,1,3.7
2025-09-04T10:38:01.350266,0,10615,1.0,1,3.0
2025-09-04T10:38:01.855495,0,10615,1.0,1,3.4
2025-09-04T10:38:02.357854,0,10615,1.0,1,1.0
2025-09-04T10:38:02.863260,0,10615,1.0,1,2.5
2025-09-04T10:38:03.365140,0,10615,1.0,1,1.8
2025-09-04T10:38:03.867204,0,10615,1.0,1,1.7
2025-09-04T10:38:04.371551,0,10615,1.0,1,2.2
2025-09-04T10:38:04.874485,0,10615,1.0,1,2.0
2025-09-04T10:38:05.379834,0,10615,1.0,1,1.7
2025-09-04T10:38:05.885186,0,10615,1.0,1,2.7
2025-09-04T10:38:06.390550,0,10615,1.0,1,1.2
2025-09-04T10:38:06.891138,0,10615,1.0,1,2.5
2025-09-04T10:38:07.396494,0,10615,1.0,1,1.2
2025-09-04T10:38:07.901813,0,10615,1.0,1,2.5
2025-09-04T10:38:08.407104,0,10615,1.0,1,2.0
2025-09-04T10:38:08.912390,0,10615,1.0,1,4.7
2025-09-04T10:38:09.417728,0,10615,1.0,1,1.5
2025-09-04T10:38:09.923086,0,10615,1.0,1,1.7
2025-09-04T10:38:10.427257,0,10615,1.0,1,1.5
2025-09-04T10:38:10.929938,0,10615,1.0,1,2.2
2025-09-04T10:38:11.435313,0,10615,1.0,1,1.2
2025-09-04T10:38:11.936554,0,10615,1.0,1,2.0
2025-09-04T10:38:12.441064,0,10615,1.0,1,1.5
2025-09-04T10:38:12.944477,0,10615,1.0,1,1.7
2025-09-04T10:38:13.445892,0,10615,1.0,1,2.2
2025-09-04T10:38:13.951252,0,10615,1.0,1,1.2
2025-09-04T10:38:14.456608,0,10615,1.0,1,2.5
2025-09-04T10:38:14.957740,0,10615,1.0,1,2.0
2025-09-04T10:38:15.461851,0,10615,1.0,1,4.5
2025-09-04T10:38:15.963520,0,10615,1.0,1,12.5
2025-09-04T10:38:16.468735,0,10615,1.0,1,4.2
2025-09-04T10:38:16.973885,0,10615,1.0,1,2.7
2025-09-04T10:38:17.479159,0,10615,1.0,1,4.9
2025-09-04T10:38:17.984532,0,10615,1.0,1,1.5
2025-09-04T10:38:18.485827,0,10615,1.0,1,2.0
2025-09-04T10:38:18.987182,0,10615,1.0,1,1.5
2025-09-04T10:38:19.491008,0,10615,1.0,1,1.2
2025-09-04T10:38:19.996403,0,10615,1.0,1,4.9
2025-09-04T10:38:20.501886,0,10615,1.0,1,1.7
2025-09-04T10:38:21.003193,0,10615,1.0,1,2.2
2025-09-04T10:38:21.508556,0,10615,1.0,1,2.0
2025-09-04T10:38:22.013909,0,10615,1.0,1,2.5
2025-09-04T10:38:22.519272,0,10615,1.0,1,2.0
2025-09-04T10:38:23.024408,0,10615,1.0,1,2.2
2025-09-04T10:38:23.529779,0,10615,1.0,1,1.7
2025-09-04T10:38:24.035148,0,10615,1.0,1,1.5
2025-09-04T10:38:24.539132,0,10615,1.0,1,2.5
2025-09-04T10:38:25.044454,0,10615,1.0,1,2.5
2025-09-04T10:38:25.547147,0,10615,1.0,1,1.2
2025-09-04T10:38:26.051898,0,10615,1.0,1,2.0
2025-09-04T10:38:26.557259,0,10615,1.0,1,1.5
2025-09-04T10:38:27.062623,0,10615,1.0,1,1.7
2025-09-04T10:38:27.563839,0,10615,1.0,1,2.5
2025-09-04T10:38:28.064474,0,10615,1.0,1,1.0
2025-09-04T10:38:28.565464,0,10615,1.0,1,2.0
2025-09-04T10:38:29.070865,0,10615,1.0,1,3.9
2025-09-04T10:38:29.575881,0,10615,1.0,1,1.7
2025-09-04T10:38:30.080757,0,10615,1.0,1,2.0
2025-09-04T10:38:30.586106,0,10615,1.0,1,1.2
2025-09-04T10:38:31.091444,0,10615,1.0,1,1.7
2025-09-04T10:38:31.596782,0,10615,1.0,1,1.0
2025-09-04T10:38:32.101122,0,10615,1.0,1,2.0
2025-09-04T10:38:32.603858,0,10615,1.0,1,1.2
2025-09-04T10:38:33.109202,0,10615,1.0,1,2.2
2025-09-04T10:38:33.612975,0,10615,1.0,1,2.0
2025-09-04T10:38:34.117777,0,10615,1.0,1,1.8
2025-09-04T10:38:34.619129,0,10615,1.0,1,1.7
2025-09-04T10:38:35.124505,0,10615,1.0,1,3.7
2025-09-04T10:38:35.626500,0,10615,1.0,1,2.2
2025-09-04T10:38:36.131844,0,10615,1.0,1,1.7
2025-09-04T10:38:36.637183,0,10615,1.0,1,1.5
2025-09-04T10:38:37.142517,0,10615,1.0,1,2.2
2025-09-04T10:38:37.647904,0,10615,1.0,1,1.0
2025-09-04T10:38:38.153255,0,10615,1.0,1,2.0
2025-09-04T10:38:38.658647,0,10615,1.0,1,1.2
2025-09-04T10:38:39.164002,0,10615,1.0,1,1.2
2025-09-04T10:38:39.664479,0,10615,1.0,1,2.2
2025-09-04T10:38:40.169817,0,10615,1.0,1,1.7
2025-09-04T10:38:40.675157,0,10615,1.0,1,1.2
2025-09-04T10:38:41.180498,0,10615,1.0,1,1.7
2025-09-04T10:38:41.685767,0,10615,1.0,1,1.2
2025-09-04T10:38:42.186544,0,10615,1.0,1,1.7
2025-09-04T10:38:42.691897,0,10615,1.0,1,2.5
2025-09-04T10:38:43.197242,0,10615,1.0,1,2.7
2025-09-04T10:38:43.702638,0,10615,1.0,1,1.7
2025-09-04T10:38:44.203104,0,10615,1.0,1,3.5
2025-09-04T10:38:44.708510,0,10615,1.0,1,1.7
2025-09-04T10:38:45.213136,0,10615,1.0,1,2.0
2025-09-04T10:38:45.718516,0,10615,1.0,1,2.9
2025-09-04T10:38:46.223864,0,10615,1.0,1,35.8
2025-09-04T10:38:46.729157,0,10615,1.0,1,2.5
2025-09-04T10:38:47.232298,0,10615,1.0,1,6.5
2025-09-04T10:38:47.735779,0,10615,1.0,1,2.7
2025-09-04T10:38:48.241109,0,10615,1.0,1,4.4
2025-09-04T10:38:48.741786,0,10615,1.0,1,2.5
2025-09-04T10:38:49.247121,0,10615,1.0,1,2.2
2025-09-04T10:38:49.752620,0,10615,1.0,1,3.2
2025-09-04T10:38:50.254505,0,10615,1.0,1,25.9
2025-09-04T10:38:50.760139,0,10615,1.0,1,16.1
2025-09-04T10:38:51.264401,0,10615,1.0,1,17.4
2025-09-04T10:38:51.770846,0,10615,1.0,1,18.9
2025-09-04T10:38:52.272432,0,10615,1.0,1,16.2
2025-09-04T10:38:52.778945,0,10615,1.0,1,16.0
2025-09-04T10:38:53.284522,0,10615,1.0,1,17.7
2025-09-04T10:38:53.787855,0,10615,1.0,1,1.7
2025-09-04T10:38:54.293227,0,10615,1.0,1,1.5
2025-09-04T10:38:54.795208,0,10615,1.0,1,2.7
2025-09-04T10:38:55.296562,0,10615,1.0,1,2.0
2025-09-04T10:38:55.802064,0,10615,1.0,1,2.0
2025-09-04T10:38:56.304597,0,10615,1.0,1,1.3
2025-09-04T10:38:56.807342,0,10615,1.0,1,2.0
2025-09-04T10:38:57.312635,0,10615,1.0,1,12.0
2025-09-04T10:38:57.817918,0,10615,1.0,1,2.0
2025-09-04T10:38:58.323191,0,10615,1.0,1,5.7
2025-09-04T10:38:58.825101,0,10615,1.0,1,2.7
2025-09-04T10:38:59.329509,0,10615,1.0,1,6.9
2025-09-04T10:38:59.834792,0,10615,1.0,1,4.0
2025-09-04T10:39:00.340172,0,10615,1.0,1,4.5
2025-09-04T10:39:00.844656,0,10615,1.0,1,4.2
2025-09-04T10:39:01.349826,0,10615,1.0,1,3.5
2025-09-04T10:39:01.855060,0,10615,1.0,1,2.0
2025-09-04T10:39:02.357432,0,10615,1.0,1,1.7
2025-09-04T10:39:02.862769,0,10615,1.0,1,2.7
2025-09-04T10:39:03.364937,0,10615,1.0,1,1.3
2025-09-04T10:39:03.870313,0,10615,1.0,1,3.0
2025-09-04T10:39:04.374075,0,10615,1.0,1,1.5
2025-09-04T10:39:04.874992,0,10615,1.0,1,2.2
2025-09-04T10:39:05.380319,0,10615,1.0,1,2.2
2025-09-04T10:39:05.885683,0,10615,1.0,1,2.7
2025-09-04T10:39:06.390670,0,10615,1.0,1,1.7
2025-09-04T10:39:06.896060,0,10615,1.0,1,2.5
2025-09-04T10:39:07.401396,0,10615,1.0,1,2.0
2025-09-04T10:39:07.906717,0,10615,1.0,1,2.0
2025-09-04T10:39:08.411159,0,10615,1.0,1,2.0
2025-09-04T10:39:08.916491,0,10615,1.0,1,1.5
2025-09-04T10:39:09.418957,0,10615,1.0,1,1.5
2025-09-04T10:39:09.923998,0,10615,1.0,1,2.0
2025-09-04T10:39:10.427029,0,10615,1.0,1,1.5
2025-09-04T10:39:10.932463,0,10615,1.0,1,2.7
2025-09-04T10:39:11.437810,0,10615,1.0,1,1.0
2025-09-04T10:39:11.940695,0,10615,1.0,1,3.2
2025-09-04T10:39:12.443034,0,10615,1.0,1,2.0
2025-09-04T10:39:12.948400,0,10615,1.0,1,2.5
2025-09-04T10:39:13.451011,0,10615,1.0,1,1.5
2025-09-04T10:39:13.956367,0,10615,1.0,1,2.5
2025-09-04T10:39:14.457329,0,10615,1.0,1,5.0
2025-09-04T10:39:14.962718,0,10615,1.0,1,8.5
2025-09-04T10:39:15.468056,0,10615,1.0,1,2.5
2025-09-04T10:39:15.973479,0,10615,1.0,1,2.2
2025-09-04T10:39:16.475137,0,10615,1.0,1,5.1
2025-09-04T10:39:16.980969,0,10615,1.0,1,2.2
2025-09-04T10:39:17.486244,0,10615,1.0,1,4.7
2025-09-04T10:39:17.991525,0,10615,1.0,1,5.4
2025-09-04T10:39:18.496409,0,10615,1.0,1,1.5
2025-09-04T10:39:19.001808,0,10615,1.0,1,1.7
2025-09-04T10:39:19.507160,0,10615,1.0,1,1.5
2025-09-04T10:39:20.010961,0,10615,1.0,1,5.5
2025-09-04T10:39:20.516259,0,10615,1.0,1,2.2
2025-09-04T10:39:21.019006,0,10615,1.0,1,2.3
2025-09-04T10:39:21.523932,0,10615,1.0,1,2.0
2025-09-04T10:39:22.027120,0,10615,1.0,1,3.0
2025-09-04T10:39:22.528328,0,10615,1.0,1,1.5
2025-09-04T10:39:23.030453,0,10615,1.0,1,1.7
2025-09-04T10:39:23.531030,0,10615,1.0,1,2.0
2025-09-04T10:39:24.036369,0,10615,1.0,1,2.0
2025-09-04T10:39:24.538684,0,10615,1.0,1,2.7
2025-09-04T10:39:25.044064,0,10615,1.0,1,2.3
2025-09-04T10:39:25.548611,0,10615,1.0,1,3.2
2025-09-04T10:39:26.052713,0,10615,1.0,1,3.2
2025-09-04T10:39:26.557195,0,10615,1.0,1,2.0
2025-09-04T10:39:27.062540,0,10615,1.0,1,2.2
2025-09-04T10:39:27.567936,0,10615,1.0,1,1.7
2025-09-04T10:39:28.073320,0,10615,1.0,1,2.7
2025-09-04T10:39:28.573836,0,10615,1.0,1,1.2
2025-09-04T10:39:29.079216,0,10615,1.0,1,4.0
2025-09-04T10:39:29.582558,0,10615,1.0,1,2.2
2025-09-04T10:39:30.087915,0,10615,1.0,1,2.2
2025-09-04T10:39:30.593251,0,10615,1.0,1,1.7
2025-09-04T10:39:31.098489,0,10615,1.0,1,6.2
2025-09-04T10:39:31.603740,0,10615,1.0,1,16.1
2025-09-04T10:39:32.109096,0,10615,1.0,1,3.0
2025-09-04T10:39:32.614436,0,10615,1.0,1,1.7
2025-09-04T10:39:33.119082,0,10615,1.0,1,2.2
2025-09-04T10:39:33.624432,0,10615,1.0,1,2.0
2025-09-04T10:39:34.128134,0,10615,1.0,1,2.5
2025-09-04T10:39:34.633483,0,10615,1.0,1,2.2
2025-09-04T10:39:35.136340,0,10615,1.0,1,2.3
2025-09-04T10:39:35.637701,0,10615,1.0,1,1.7
2025-09-04T10:39:36.139076,0,10615,1.0,1,2.5
2025-09-04T10:39:36.640474,0,10615,1.0,1,1.8
2025-09-04T10:39:37.145883,0,10615,1.0,1,3.0
2025-09-04T10:39:37.651263,0,10615,1.0,1,2.2
2025-09-04T10:39:38.154959,0,10615,1.0,1,2.0
2025-09-04T10:39:38.659289,0,10615,1.0,1,1.7
2025-09-04T10:39:39.162969,0,10615,1.0,1,2.2
2025-09-04T10:39:39.664267,0,10615,1.0,1,2.7
2025-09-04T10:39:40.169586,0,10615,1.0,1,1.7
2025-09-04T10:39:40.674922,0,10615,1.0,1,2.2
2025-09-04T10:39:41.179914,0,10615,1.0,1,1.2
2025-09-04T10:39:41.685261,0,10615,1.0,1,2.0
2025-09-04T10:39:42.186945,0,10615,1.0,1,2.2
2025-09-04T10:39:42.690556,0,10615,1.0,1,1.7
2025-09-04T10:39:43.195894,0,10615,1.0,1,1.7
2025-09-04T10:39:43.696270,0,10615,1.0,1,1.5
2025-09-04T10:39:44.201598,0,10615,1.0,1,2.0
2025-09-04T10:39:44.707429,0,10615,1.0,1,4.2
2025-09-04T10:39:45.212807,0,10615,1.0,1,7.2
2025-09-04T10:39:45.717625,0,10615,1.0,1,2.7
2025-09-04T10:39:46.218915,0,10615,1.0,1,2.8
2025-09-04T10:39:46.723751,0,10615,1.0,1,6.9
2025-09-04T10:39:47.226949,0,10615,1.0,1,2.5
2025-09-04T10:39:47.730452,0,10615,1.0,1,5.0
2025-09-04T10:39:48.231063,0,10615,1.0,1,4.5
2025-09-04T10:39:48.735892,0,10615,1.0,1,2.2
2025-09-04T10:39:49.241236,0,10615,1.0,1,1.7
2025-09-04T10:39:49.744948,0,10615,1.0,1,3.7
2025-09-04T10:39:50.250476,0,10615,1.0,1,9.5
2025-09-04T10:39:50.756372,0,10615,1.0,1,2.0
2025-09-04T10:39:51.258640,0,10615,1.0,1,2.5
2025-09-04T10:39:51.763998,0,10615,1.0,1,1.7
2025-09-04T10:39:52.266924,0,10615,1.0,1,2.0
2025-09-04T10:39:52.772259,0,10615,1.0,1,2.2
2025-09-04T10:39:53.275476,0,10615,1.0,1,2.0
2025-09-04T10:39:53.776272,0,10615,1.0,1,1.5
2025-09-04T10:39:54.281665,0,10615,1.0,1,2.5
2025-09-04T10:39:54.787030,0,10615,1.0,1,1.7
2025-09-04T10:39:55.290897,0,10615,1.0,1,1.7
2025-09-04T10:39:55.792253,0,10615,1.0,1,1.7
2025-09-04T10:39:56.293616,0,10615,1.0,1,2.0
2025-09-04T10:39:56.798970,0,10615,1.0,1,1.0
2025-09-04T10:39:57.304251,0,10615,1.0,1,2.7
2025-09-04T10:39:57.809546,0,10615,1.0,1,1.2
2025-09-04T10:39:58.314882,0,10615,1.0,1,2.5
2025-09-04T10:39:58.816255,0,10615,1.0,1,1.5
2025-09-04T10:39:59.316909,0,10615,1.0,1,5.2
2025-09-04T10:39:59.818970,0,10615,1.0,1,3.5
2025-09-04T10:40:00.324300,0,10615,1.0,1,3.5
2025-09-04T10:40:00.829570,0,10615,1.0,1,3.5
2025-09-04T10:40:01.334836,0,10615,1.0,1,2.2
2025-09-04T10:40:01.840222,0,10615,1.0,1,2.3
2025-09-04T10:40:02.345633,0,10615,1.0,1,2.0
2025-09-04T10:40:02.850989,0,10615,1.0,1,2.5
2025-09-04T10:40:03.355872,0,10615,1.0,1,2.0
2025-09-04T10:40:03.856969,0,10615,1.0,1,1.5
2025-09-04T10:40:04.362341,0,10615,1.0,1,2.2
2025-09-04T10:40:04.864216,0,10615,1.0,1,1.8
2025-09-04T10:40:05.369615,0,10615,1.0,1,3.7
2025-09-04T10:40:05.873590,0,10615,1.0,1,2.2
2025-09-04T10:40:06.378929,0,10615,1.0,1,2.0
2025-09-04T10:40:06.881467,0,10615,1.0,1,2.2
2025-09-04T10:40:07.386853,0,10615,1.0,1,1.7
2025-09-04T10:40:07.890255,0,10615,1.0,1,2.2
2025-09-04T10:40:08.395025,0,10615,1.0,1,2.0
2025-09-04T10:40:08.896388,0,10615,1.0,1,2.0
2025-09-04T10:40:09.401680,0,10615,1.0,1,1.7
2025-09-04T10:40:09.906908,0,10615,1.0,1,2.2
2025-09-04T10:40:10.410852,0,10615,1.0,1,2.2
2025-09-04T10:40:10.915651,0,10615,1.0,1,1.7
2025-09-04T10:40:11.421052,0,10615,1.0,1,2.0
2025-09-04T10:40:11.923618,0,10615,1.0,1,1.7
2025-09-04T10:40:12.428974,0,10615,1.0,1,1.8
2025-09-04T10:40:12.934327,0,10615,1.0,1,1.7
2025-09-04T10:40:13.439705,0,10615,1.0,1,2.5
2025-09-04T10:40:13.940216,0,10615,1.0,1,1.7
2025-09-04T10:40:14.445576,0,10615,1.0,1,3.5
2025-09-04T10:40:14.949377,0,10615,1.0,1,2.7
2025-09-04T10:40:15.454736,0,10615,1.0,1,2.7
2025-09-04T10:40:15.956896,0,10615,1.0,1,2.0
2025-09-04T10:40:16.458476,0,10615,1.0,1,0.0
2025-09-04T10:40:16.963850,0,10615,1.0,1,5.0
2025-09-04T10:40:17.469167,0,10615,1.0,1,4.2
2025-09-04T10:40:17.974472,0,10615,1.0,1,3.5
2025-09-04T10:40:18.478385,0,10615,1.0,1,4.2
2025-09-04T10:40:18.981532,0,10615,1.0,1,1.5
2025-09-04T10:40:19.486934,0,10615,1.0,1,2.5
2025-09-04T10:40:19.991308,0,10615,1.0,1,4.0
2025-09-04T10:40:20.497167,0,10615,1.0,1,2.2
2025-09-04T10:40:20.997531,0,10615,1.0,1,2.2
2025-09-04T10:40:21.502944,0,10615,1.0,1,8.0
2025-09-04T10:40:22.006893,0,10615,1.0,1,2.7
2025-09-04T10:40:22.512187,0,10615,1.0,1,3.5
2025-09-04T10:40:23.013551,0,10615,1.0,1,2.3
2025-09-04T10:40:23.518959,0,10615,1.0,1,2.2
2025-09-04T10:40:24.023511,0,10615,1.0,1,1.7
2025-09-04T10:40:24.528855,0,10615,1.0,1,3.7
2025-09-04T10:40:25.034220,0,10615,1.0,1,2.2
2025-09-04T10:40:25.539587,0,10615,1.0,1,2.5
2025-09-04T10:40:26.044921,0,10615,1.0,1,2.7
2025-09-04T10:40:26.547204,0,10615,1.0,1,2.0
2025-09-04T10:40:27.049949,0,10615,1.0,1,2.2
2025-09-04T10:40:27.555320,0,10615,1.0,1,2.5
2025-09-04T10:40:28.060667,0,10615,1.0,1,2.7
2025-09-04T10:40:28.566016,0,10615,1.0,1,1.7
2025-09-04T10:40:29.071419,0,10615,1.0,1,4.4
2025-09-04T10:40:29.573627,0,10615,1.0,1,2.5
2025-09-04T10:40:30.075560,0,10615,1.0,1,3.8
2025-09-04T10:40:30.580931,0,10615,1.0,1,2.0
2025-09-04T10:40:31.082821,0,10615,1.0,1,3.0
2025-09-04T10:40:31.584148,0,10615,1.0,1,3.0
2025-09-04T10:40:32.085620,0,10615,1.0,1,1.7
2025-09-04T10:40:32.590971,0,10615,1.0,1,2.7
2025-09-04T10:40:33.096281,0,10615,1.0,1,1.7
2025-09-04T10:40:33.601634,0,10615,1.0,1,2.2
2025-09-04T10:40:34.106837,0,10615,1.0,1,2.0
2025-09-04T10:40:34.612221,0,10615,1.0,1,2.0
2025-09-04T10:40:35.113680,0,10615,1.0,1,2.3
2025-09-04T10:40:35.619025,0,10615,1.0,1,2.0
2025-09-04T10:40:36.122803,0,10615,1.0,1,1.8
2025-09-04T10:40:36.628152,0,10615,1.0,1,2.0
2025-09-04T10:40:37.132202,0,10615,1.0,1,2.2
2025-09-04T10:40:37.637548,0,10615,1.0,1,2.0
2025-09-04T10:40:38.142845,0,10615,1.0,1,2.0
2025-09-04T10:40:38.646624,0,10615,1.0,1,1.7
2025-09-04T10:40:39.152002,0,10615,1.0,1,2.0
2025-09-04T10:40:39.657342,0,10615,1.0,1,1.2
2025-09-04T10:40:40.160122,0,10615,1.0,1,2.0
2025-09-04T10:40:40.662612,0,10615,1.0,1,1.5
2025-09-04T10:40:41.167970,0,10615,1.0,1,2.2
2025-09-04T10:40:41.673298,0,10615,1.0,1,1.7
2025-09-04T10:40:42.178635,0,10615,1.0,1,1.5
2025-09-04T10:40:42.682842,0,10615,1.0,1,2.5
2025-09-04T10:40:43.188176,0,10615,1.0,1,1.5
2025-09-04T10:40:43.690815,0,10615,1.0,1,1.5
2025-09-04T10:40:44.196202,0,10615,1.0,1,2.0
2025-09-04T10:40:44.701528,0,10615,1.0,1,1.5
2025-09-04T10:40:45.206875,0,10615,1.0,1,2.7
2025-09-04T10:40:45.712217,0,10615,1.0,1,2.0
2025-09-04T10:40:46.213434,0,10615,1.0,1,1.2
2025-09-04T10:40:46.718783,0,10615,1.0,1,0.0
2025-09-04T10:40:47.223526,0,10615,1.0,1,5.4
2025-09-04T10:40:47.728821,0,10615,1.0,1,4.7
2025-09-04T10:40:48.234087,0,10615,1.0,1,5.2
2025-09-04T10:40:48.739152,0,10615,1.0,1,2.5
2025-09-04T10:40:49.244472,0,10615,1.0,1,1.7
2025-09-04T10:40:49.749118,0,10615,1.0,1,2.0
2025-09-04T10:40:50.254549,0,10615,1.0,1,8.6
2025-09-04T10:40:50.757219,0,10615,1.0,1,2.2
2025-09-04T10:40:51.258805,0,10615,1.0,1,1.7
2025-09-04T10:40:51.760101,0,10615,1.0,1,2.0
2025-09-04T10:40:52.265450,0,10615,1.0,1,2.2
2025-09-04T10:40:52.768101,0,10615,1.0,1,2.0
2025-09-04T10:40:53.273455,0,10615,1.0,1,1.2
2025-09-04T10:40:53.778808,0,10615,1.0,1,1.7
2025-09-04T10:40:54.284155,0,10615,1.0,1,1.7
2025-09-04T10:40:54.789499,0,10615,1.0,1,2.0
2025-09-04T10:40:55.293058,0,10615,1.0,1,1.5
2025-09-04T10:40:55.795267,0,10615,1.0,1,1.5
2025-09-04T10:40:56.300571,0,10615,1.0,1,6.0
2025-09-04T10:40:56.805897,0,10615,1.0,1,12.5
2025-09-04T10:40:57.311287,0,10615,1.0,1,10.8
2025-09-04T10:40:57.815299,0,10615,1.0,1,7.0
2025-09-04T10:40:58.320403,0,10615,1.0,1,7.7
2025-09-04T10:40:58.825635,0,10615,1.0,1,4.2
2025-09-04T10:40:59.331089,0,10615,1.0,1,17.0
2025-09-04T10:40:59.836417,0,10615,1.0,1,18.2
2025-09-04T10:41:00.341643,0,10615,1.0,1,6.7
2025-09-04T10:41:00.843868,0,10615,1.0,1,5.2
2025-09-04T10:41:01.349092,0,10615,1.0,1,2.2
2025-09-04T10:41:01.854451,0,10615,1.0,1,12.2
2025-09-04T10:41:02.356609,0,10615,1.0,1,3.3
2025-09-04T10:41:02.862015,0,10615,1.0,1,3.2
2025-09-04T10:41:03.363779,0,10615,1.0,1,1.5
2025-09-04T10:41:03.869138,0,10615,1.0,1,2.2
2025-09-04T10:41:04.373293,0,10615,1.0,1,4.5
2025-09-04T10:41:04.878640,0,10615,1.0,1,2.5
2025-09-04T10:41:05.384028,0,10615,1.0,1,2.7
2025-09-04T10:41:05.888090,0,10615,1.0,1,1.7
2025-09-04T10:41:06.389847,0,10615,1.0,1,1.7
2025-09-04T10:41:06.895242,0,10615,1.0,1,1.7
2025-09-04T10:41:07.397361,0,10615,1.0,1,2.0
2025-09-04T10:41:07.901221,0,10615,1.0,1,1.3
2025-09-04T10:41:08.404884,0,10615,1.0,1,8.2
2025-09-04T10:41:08.910254,0,10615,1.0,1,6.0
2025-09-04T10:41:09.415638,0,10615,1.0,1,2.0
2025-09-04T10:41:09.920068,0,10615,1.0,1,4.0
2025-09-04T10:41:10.425433,0,10615,1.0,1,2.0
2025-09-04T10:41:10.930794,0,10615,1.0,1,2.5
2025-09-04T10:41:11.436157,0,10615,1.0,1,2.0
2025-09-04T10:41:11.941531,0,10615,1.0,1,2.2
2025-09-04T10:41:12.446904,0,10615,1.0,1,2.2
2025-09-04T10:41:12.952232,0,10615,1.0,1,1.5
2025-09-04T10:41:13.457567,0,10615,1.0,1,1.7
2025-09-04T10:41:13.962917,0,10615,1.0,1,2.7
2025-09-04T10:41:14.468256,0,10615,1.0,1,1.7
2025-09-04T10:41:14.973619,0,10615,1.0,1,3.0
2025-09-04T10:41:15.479075,0,10615,1.0,1,2.2
2025-09-04T10:41:15.984463,0,10615,1.0,1,1.7
2025-09-04T10:41:16.485444,0,10615,1.0,1,4.0
2025-09-04T10:41:16.990798,0,10615,1.0,1,7.8
2025-09-04T10:41:17.496638,0,10615,1.0,1,2.2
2025-09-04T10:41:18.002016,0,10615,1.0,1,5.2
2025-09-04T10:41:18.506456,0,10615,1.0,1,1.5
2025-09-04T10:41:19.011877,0,10615,1.0,1,2.2
2025-09-04T10:41:19.517293,0,10615,1.0,1,1.7
2025-09-04T10:41:20.022689,0,10615,1.0,1,6.7
2025-09-04T10:41:20.523103,0,10615,1.0,1,2.0
2025-09-04T10:41:21.028469,0,10615,1.0,1,2.0
2025-09-04T10:41:21.533846,0,10615,1.0,1,2.2
2025-09-04T10:41:22.039203,0,10615,1.0,1,1.7
2025-09-04T10:41:22.544618,0,10615,1.0,1,2.2
2025-09-04T10:41:23.050000,0,10615,1.0,1,2.0
2025-09-04T10:41:23.552042,0,10615,1.0,1,1.2
2025-09-04T10:41:24.053349,0,10615,1.0,1,1.5
2025-09-04T10:41:24.556398,0,10615,1.0,1,2.5
2025-09-04T10:41:25.061748,0,10615,1.0,1,2.5
2025-09-04T10:41:25.567095,0,10615,1.0,1,1.7
2025-09-04T10:41:26.071309,0,10615,1.0,1,2.0
2025-09-04T10:41:26.571802,0,10615,1.0,1,9.0
2025-09-04T10:41:27.077343,0,10615,1.0,1,5.0
2025-09-04T10:41:27.582728,0,10615,1.0,1,2.5
2025-09-04T10:41:28.085377,0,10615,1.0,1,1.7
2025-09-04T10:41:28.590739,0,10615,1.0,1,1.7
2025-09-04T10:41:29.096089,0,10615,1.0,1,5.2
2025-09-04T10:41:29.600470,0,10615,1.0,1,2.0
2025-09-04T10:41:30.101330,0,10615,1.0,1,2.5
2025-09-04T10:41:30.606350,0,10615,1.0,1,2.0
2025-09-04T10:41:31.109488,0,10615,1.0,1,2.0
2025-09-04T10:41:31.610713,0,10615,1.0,1,1.3
2025-09-04T10:41:32.116060,0,10615,1.0,1,1.7
2025-09-04T10:41:32.621416,0,10615,1.0,1,2.7
2025-09-04T10:41:33.122990,0,10615,1.0,1,2.2
2025-09-04T10:41:33.628343,0,10615,1.0,1,1.5
2025-09-04T10:41:34.133694,0,10615,1.0,1,2.2
2025-09-04T10:41:34.634723,0,10615,1.0,1,1.8
2025-09-04T10:41:35.137121,0,10615,1.0,1,2.5
2025-09-04T10:41:35.639690,0,10615,1.0,1,10.5
2025-09-04T10:41:36.144992,0,10615,1.0,1,8.4
2025-09-04T10:41:36.650364,0,10615,1.0,1,2.5
2025-09-04T10:41:37.155720,0,10615,1.0,1,2.7
2025-09-04T10:41:37.658660,0,10615,1.0,1,2.5
2025-09-04T10:41:38.164023,0,10615,1.0,1,2.5
2025-09-04T10:41:38.667820,0,10615,1.0,1,1.5
2025-09-04T10:41:39.168698,0,10615,1.0,1,2.0
2025-09-04T10:41:39.670079,0,10615,1.0,1,1.3
2025-09-04T10:41:40.175424,0,10615,1.0,1,2.5
2025-09-04T10:41:40.680783,0,10615,1.0,1,1.5
2025-09-04T10:41:41.186139,0,10615,1.0,1,2.2
2025-09-04T10:41:41.691472,0,10615,1.0,1,1.5
2025-09-04T10:41:42.196813,0,10615,1.0,1,1.5
2025-09-04T10:41:42.702151,0,10615,1.0,1,2.7
2025-09-04T10:41:43.207532,0,10615,1.0,1,1.7
2025-09-04T10:41:43.712865,0,10615,1.0,1,1.5
2025-09-04T10:41:44.213448,0,10615,1.0,1,1.8
2025-09-04T10:41:44.717420,0,10615,1.0,1,5.7
2025-09-04T10:41:45.219913,0,10615,1.0,1,3.8
2025-09-04T10:41:45.725003,0,10615,1.0,1,7.2
2025-09-04T10:41:46.229505,0,10615,1.0,1,2.0
2025-09-04T10:41:46.730338,0,10615,1.0,1,60.0
2025-09-04T10:41:47.233855,0,10615,1.0,1,10.6
2025-09-04T10:41:47.735204,0,10615,1.0,1,6.5
2025-09-04T10:41:48.241267,0,10615,1.0,1,5.2
2025-09-04T10:41:48.746571,0,10615,1.0,1,5.7
2025-09-04T10:41:49.252000,0,10615,1.0,1,7.9
2025-09-04T10:41:49.755594,0,10615,1.0,1,4.5
2025-09-04T10:41:50.259371,0,10615,1.0,1,10.8
2025-09-04T10:41:50.762928,0,10615,1.0,1,3.2
2025-09-04T10:41:51.267044,0,10615,1.0,1,3.2
2025-09-04T10:41:51.770642,0,10615,1.0,1,3.0
2025-09-04T10:41:52.272865,0,10615,1.0,1,1.5
2025-09-04T10:41:52.778241,0,10615,1.0,1,4.0
2025-09-04T10:41:53.279963,0,10615,1.0,1,1.7
2025-09-04T10:41:53.781339,0,10615,1.0,1,1.5
2025-09-04T10:41:54.286704,0,10615,1.0,1,1.7
2025-09-04T10:41:54.792077,0,10615,1.0,1,2.2
2025-09-04T10:41:55.295043,0,10615,1.0,1,1.5
2025-09-04T10:41:55.800402,0,10615,1.0,1,1.7
2025-09-04T10:41:56.305761,0,10615,1.0,1,2.0
2025-09-04T10:41:56.810622,0,10615,1.0,1,1.7
2025-09-04T10:41:57.311945,0,10615,1.0,1,1.7
2025-09-04T10:41:57.815330,0,10615,1.0,1,2.2
2025-09-04T10:41:58.320674,0,10615,1.0,1,1.7
2025-09-04T10:41:58.826045,0,10615,1.0,1,2.7
2025-09-04T10:41:59.327924,0,10615,1.0,1,3.3
2025-09-04T10:41:59.833406,0,10615,1.0,1,2.7
2025-09-04T10:42:00.338782,0,10615,1.0,1,4.0
2025-09-04T10:42:00.844104,0,10615,1.0,1,3.5
2025-09-04T10:42:01.349354,0,10615,1.0,1,1.0
2025-09-04T10:42:01.854706,0,10615,1.0,1,5.9
2025-09-04T10:42:02.357268,0,10615,1.0,1,2.2
2025-09-04T10:42:02.858626,0,10615,1.0,1,2.0
2025-09-04T10:42:03.363977,0,10615,1.0,1,2.0
2025-09-04T10:42:03.869333,0,10615,1.0,1,1.5
2025-09-04T10:42:04.373255,0,10615,1.0,1,1.7
2025-09-04T10:42:04.878579,0,10615,1.0,1,2.5
2025-09-04T10:42:05.383966,0,10615,1.0,1,4.2
2025-09-04T10:42:05.888530,0,10615,1.0,1,2.2
2025-09-04T10:42:06.393912,0,10615,1.0,1,4.9
2025-09-04T10:42:06.897266,0,10615,1.0,1,2.7
2025-09-04T10:42:07.402726,0,10615,1.0,1,3.2
2025-09-04T10:42:07.907117,0,10615,1.0,1,6.5
2025-09-04T10:42:08.412481,0,10615,1.0,1,2.7
2025-09-04T10:42:08.917967,0,10615,1.0,1,2.5
2025-09-04T10:42:09.422234,0,10615,1.0,1,4.4
2025-09-04T10:42:09.922800,0,10615,1.0,1,6.5
2025-09-04T10:42:10.428108,0,10615,1.0,1,4.7
2025-09-04T10:42:10.933487,0,10615,1.0,1,4.7
2025-09-04T10:42:11.438814,0,10615,1.0,1,5.2
2025-09-04T10:42:11.941231,0,10615,1.0,1,3.0
2025-09-04T10:42:12.446608,0,10615,1.0,1,4.2
2025-09-04T10:42:12.952042,0,10615,1.0,1,5.2
2025-09-04T10:42:13.455914,0,10615,1.0,1,1.7
2025-09-04T10:42:13.957246,0,10615,1.0,1,2.2
2025-09-04T10:42:14.458526,0,10615,1.0,1,1.3
2025-09-04T10:42:14.963900,0,10615,1.0,1,2.2
2025-09-04T10:42:15.469268,0,10615,1.0,1,3.2
2025-09-04T10:42:15.974622,0,10615,1.0,1,3.7
2025-09-04T10:42:16.480059,0,10615,1.0,1,6.4
2025-09-04T10:42:16.985439,0,10615,1.0,1,14.5
2025-09-04T10:42:17.490806,0,10615,1.0,1,2.0
2025-09-04T10:42:17.996097,0,10615,1.0,1,6.4
2025-09-04T10:42:18.501369,0,10615,1.0,1,2.7
2025-09-04T10:42:19.002554,0,10615,1.0,1,2.0
2025-09-04T10:42:19.507921,0,10615,1.0,1,1.5
2025-09-04T10:42:20.010550,0,10615,1.0,1,3.0
2025-09-04T10:42:20.515956,0,10615,1.0,1,5.7
2025-09-04T10:42:21.018150,0,10615,1.0,1,7.7
2025-09-04T10:42:21.522667,0,10615,1.0,1,6.5
2025-09-04T10:42:22.028011,0,10615,1.0,1,8.2
2025-09-04T10:42:22.533228,0,10615,1.0,1,4.7
2025-09-04T10:42:23.038574,0,10615,1.0,1,2.7
2025-09-04T10:42:23.543934,0,10615,1.0,1,2.2
2025-09-04T10:42:24.047881,0,10615,1.0,1,1.5
2025-09-04T10:42:24.553218,0,10615,1.0,1,3.2
2025-09-04T10:42:25.056188,0,10615,1.0,1,6.2
2025-09-04T10:42:25.561535,0,10615,1.0,1,1.5
2025-09-04T10:42:26.066856,0,10615,1.0,1,2.0
2025-09-04T10:42:26.572214,0,10615,1.0,1,2.2
2025-09-04T10:42:27.077512,0,10615,1.0,1,1.7
2025-09-04T10:42:27.582866,0,10615,1.0,1,2.0
2025-09-04T10:42:28.088066,0,10615,1.0,1,2.5
2025-09-04T10:42:28.589264,0,10615,1.0,1,1.3
2025-09-04T10:42:29.094606,0,10615,1.0,1,5.0
2025-09-04T10:42:29.599950,0,10615,1.0,1,1.5
2025-09-04T10:42:30.102334,0,10615,1.0,1,5.0
2025-09-04T10:42:30.606599,0,10615,1.0,1,6.7
2025-09-04T10:42:31.109126,0,10615,1.0,1,2.5
2025-09-04T10:42:31.613010,0,10615,1.0,1,5.8
2025-09-04T10:42:32.117650,0,10615,1.0,1,3.7
2025-09-04T10:42:32.623033,0,10615,1.0,1,2.5
2025-09-04T10:42:33.128398,0,10615,1.0,1,3.5
2025-09-04T10:42:33.631849,0,10615,1.0,1,6.2
2025-09-04T10:42:34.137181,0,10615,1.0,1,4.2
2025-09-04T10:42:34.639322,0,10615,1.0,1,4.7
2025-09-04T10:42:35.144710,0,10615,1.0,1,6.7
2025-09-04T10:42:35.650139,0,10615,1.0,1,5.4
2025-09-04T10:42:36.155682,0,10615,1.0,1,3.5
2025-09-04T10:42:36.660878,0,10615,1.0,1,6.7
2025-09-04T10:42:37.166220,0,10615,1.0,1,4.5
2025-09-04T10:42:37.671607,0,10615,1.0,1,2.7
2025-09-04T10:42:38.176995,0,10615,1.0,1,4.5
2025-09-04T10:42:38.682405,0,10615,1.0,1,5.2
2025-09-04T10:42:39.187786,0,10615,1.0,1,6.2
2025-09-04T10:42:39.693216,0,10615,1.0,1,2.7
2025-09-04T10:42:40.193743,0,10615,1.0,1,5.0
2025-09-04T10:42:40.699164,0,10615,1.0,1,7.6
2025-09-04T10:42:41.199791,0,10615,1.0,1,9.7
2025-09-04T10:42:41.705137,0,10615,1.0,1,9.0
2025-09-04T10:42:42.209013,0,10615,1.0,1,6.5
2025-09-04T10:42:42.714412,0,10615,1.0,1,6.7
2025-09-04T10:42:43.219783,0,10615,1.0,1,11.3
2025-09-04T10:42:43.723720,0,10615,1.0,1,6.5
2025-09-04T10:42:44.229089,0,10615,1.0,1,4.0
2025-09-04T10:42:44.730799,0,10615,1.0,1,3.0
2025-09-04T10:42:45.234386,0,10615,1.0,1,4.7
2025-09-04T10:42:45.738492,0,10615,1.0,1,2.5
2025-09-04T10:42:46.239131,0,10615,1.0,1,2.0
2025-09-04T10:42:46.744428,0,10615,1.0,1,2.7
2025-09-04T10:42:47.249765,0,10615,1.0,1,8.7
2025-09-04T10:42:47.755088,0,10615,1.0,1,7.9
2025-09-04T10:42:48.260372,0,10615,1.0,1,7.0
2025-09-04T10:42:48.764525,0,10615,1.0,1,4.5
2025-09-04T10:42:49.269337,0,10615,1.0,1,2.0
2025-09-04T10:42:49.774739,0,10615,1.0,1,2.5
2025-09-04T10:42:50.277122,0,10615,1.0,1,3.8
2025-09-04T10:42:50.782482,0,10615,1.0,1,3.5
2025-09-04T10:42:51.287758,0,10615,1.0,1,4.2
2025-09-04T10:42:51.789160,0,10615,1.0,1,8.5
2025-09-04T10:42:52.294551,0,10615,1.0,1,7.6
2025-09-04T10:42:52.795198,0,10615,1.0,1,8.8
2025-09-04T10:42:53.299314,0,10615,1.0,1,7.2
2025-09-04T10:42:53.799874,0,10615,1.0,1,5.0
2025-09-04T10:42:54.305154,0,10615,1.0,1,3.7
2025-09-04T10:42:54.810536,0,10615,1.0,1,4.0
2025-09-04T10:42:55.311829,0,10615,1.0,1,2.7
2025-09-04T10:42:55.817157,0,10615,1.0,1,4.7
2025-09-04T10:42:56.322506,0,10615,1.0,1,6.4
2025-09-04T10:42:56.827012,0,10615,1.0,1,4.4
2025-09-04T10:42:57.332351,0,10615,1.0,1,2.8
2025-09-04T10:42:57.837724,0,10615,1.0,1,4.7
2025-09-04T10:42:58.343123,0,10615,1.0,1,5.2
2025-09-04T10:42:58.843757,0,10615,1.0,1,1.5
2025-09-04T10:42:59.344449,0,10615,1.0,1,6.2
2025-09-04T10:42:59.849834,0,10615,1.0,1,5.9
2025-09-04T10:43:00.354037,0,10615,1.0,1,3.5
2025-09-04T10:43:00.857499,0,10615,1.0,1,4.2
2025-09-04T10:43:01.362764,0,10615,1.0,1,5.7
2025-09-04T10:43:01.868158,0,10615,1.0,1,5.9
2025-09-04T10:43:02.372055,0,10615,1.0,1,5.5
2025-09-04T10:43:02.877427,0,10615,1.0,1,2.7
2025-09-04T10:43:03.382766,0,10615,1.0,1,3.0
2025-09-04T10:43:03.887951,0,10615,1.0,1,5.8
2025-09-04T10:43:04.389032,0,10615,1.0,1,6.2
2025-09-04T10:43:04.889992,0,10615,1.0,1,5.5
2025-09-04T10:43:05.391793,0,10615,1.0,1,3.2
2025-09-04T10:43:05.894627,0,10615,1.0,1,7.2
2025-09-04T10:43:06.400043,0,10615,1.0,1,7.2
2025-09-04T10:43:06.901112,0,10615,1.0,1,4.3
2025-09-04T10:43:07.405716,0,10615,1.0,1,5.2
2025-09-04T10:43:07.911277,0,10615,1.0,1,4.0
2025-09-04T10:43:08.415463,0,10615,1.0,1,4.0
2025-09-04T10:43:08.919801,0,10615,1.0,1,3.0
2025-09-04T10:43:09.423780,0,10615,1.0,1,3.5
2025-09-04T10:43:09.925267,0,10615,1.0,1,6.0
2025-09-04T10:43:10.430641,0,10615,1.0,1,5.5
2025-09-04T10:43:10.936054,0,10615,1.0,1,4.7
2025-09-04T10:43:11.441434,0,10615,1.0,1,4.5
2025-09-04T10:43:11.946838,0,10615,1.0,1,3.5
2025-09-04T10:43:12.452213,0,10615,1.0,1,2.2
2025-09-04T10:43:12.955711,0,10615,1.0,1,2.5
2025-09-04T10:43:13.460711,0,10615,1.0,1,5.7
2025-09-04T10:43:13.962421,0,10615,1.0,1,4.0
2025-09-04T10:43:14.467788,0,10615,1.0,1,8.7
2025-09-04T10:43:14.972332,0,10615,1.0,1,6.2
2025-09-04T10:43:15.477094,0,10615,1.0,1,4.2
2025-09-04T10:43:15.982399,0,10615,1.0,1,7.5
2025-09-04T10:43:16.487651,0,10615,1.0,1,14.0
2025-09-04T10:43:16.992983,0,10615,1.0,1,9.0
2025-09-04T10:43:17.497402,0,10615,1.0,1,5.9
2025-09-04T10:43:18.002816,0,10615,1.0,1,6.2
2025-09-04T10:43:18.508070,0,10615,1.0,1,6.5
2025-09-04T10:43:19.012903,0,10615,1.0,1,16.6
2025-09-04T10:43:19.518293,0,10615,1.0,1,1.2
2025-09-04T10:43:20.022296,0,10615,1.0,1,8.9
2025-09-04T10:43:20.523883,0,10615,1.0,1,3.0
2025-09-04T10:43:21.029294,0,10615,1.0,1,4.2
2025-09-04T10:43:21.533842,0,10615,1.0,1,9.0
2025-09-04T10:43:22.037103,0,10615,1.0,1,4.0
2025-09-04T10:43:22.542493,0,10615,1.0,1,2.2
2025-09-04T10:43:23.047916,0,10615,1.0,1,3.5
2025-09-04T10:43:23.551404,0,10615,1.0,1,2.0
2025-09-04T10:43:24.056670,0,10615,1.0,1,2.2
2025-09-04T10:43:24.562002,0,10615,1.0,1,2.5
2025-09-04T10:43:25.065548,0,10615,1.0,1,3.2
2025-09-04T10:43:25.570854,0,10615,1.0,1,2.2
2025-09-04T10:43:26.072021,0,10615,1.0,1,1.5
2025-09-04T10:43:26.575722,0,10615,1.0,1,1.5
2025-09-04T10:43:27.079483,0,10615,1.0,1,1.7
2025-09-04T10:43:27.584859,0,10615,1.0,1,1.7
2025-09-04T10:43:28.090231,0,10615,1.0,1,2.5
2025-09-04T10:43:28.591707,0,10615,1.0,1,1.7
2025-09-04T10:43:29.097110,0,10615,1.0,1,3.7
2025-09-04T10:43:29.599765,0,10615,1.0,1,1.0
2025-09-04T10:43:30.105168,0,10615,1.0,1,1.7
2025-09-04T10:43:30.609099,0,10615,1.0,1,2.0
2025-09-04T10:43:31.114466,0,10615,1.0,1,1.7
2025-09-04T10:43:31.615937,0,10615,1.0,1,1.0
2025-09-04T10:43:32.121092,0,10615,1.0,1,1.5
2025-09-04T10:43:32.623649,0,10615,1.0,1,1.5
2025-09-04T10:43:33.129079,0,10615,1.0,1,2.2
2025-09-04T10:43:33.634459,0,10615,1.0,1,1.5
2025-09-04T10:43:34.138818,0,10615,1.0,1,1.5
2025-09-04T10:43:34.644232,0,10615,1.0,1,2.2
2025-09-04T10:43:35.149636,0,10615,1.0,1,2.7
2025-09-04T10:43:35.653018,0,10615,1.0,1,1.2
2025-09-04T10:43:36.155440,0,10615,1.0,1,2.5
2025-09-04T10:43:36.660775,0,10615,1.0,1,2.2
2025-09-04T10:43:37.166118,0,10615,1.0,1,1.5
2025-09-04T10:43:37.671396,0,10615,1.0,1,2.0
2025-09-04T10:43:38.175073,0,10615,1.0,1,1.7
2025-09-04T10:43:38.680444,0,10615,1.0,1,1.2
2025-09-04T10:43:39.185803,0,10615,1.0,1,1.7
2025-09-04T10:43:39.690523,0,10615,1.0,1,2.0
2025-09-04T10:43:40.191742,0,10615,1.0,1,1.7
2025-09-04T10:43:40.697129,0,10615,1.0,1,1.5
2025-09-04T10:43:41.202503,0,10615,1.0,1,2.0
2025-09-04T10:43:41.705455,0,10615,1.0,1,1.7
2025-09-04T10:43:42.210879,0,10615,1.0,1,1.0
2025-09-04T10:43:42.714389,0,10615,1.0,1,2.2
2025-09-04T10:43:43.215660,0,10615,1.0,1,2.5
2025-09-04T10:43:43.721052,0,10615,1.0,1,2.2
2025-09-04T10:43:44.223674,0,10615,1.0,1,4.2
2025-09-04T10:43:44.729072,0,10615,1.0,1,2.2
2025-09-04T10:43:45.231667,0,10615,1.0,1,2.0
2025-09-04T10:43:45.737045,0,10615,1.0,1,2.2
2025-09-04T10:43:46.238760,0,10615,1.0,1,1.3
2025-09-04T10:43:46.744137,0,10615,1.0,1,2.2
2025-09-04T10:43:47.249499,0,10615,1.0,1,13.0
2025-09-04T10:43:47.754896,0,10615,1.0,1,4.2
2025-09-04T10:43:48.260229,0,10615,1.0,1,4.0
2025-09-04T10:43:48.765531,0,10615,1.0,1,4.7
2025-09-04T10:43:49.270651,0,10615,1.0,1,1.7
2025-09-04T10:43:49.772123,0,10615,1.0,1,2.5
2025-09-04T10:43:50.277497,0,10615,1.0,1,5.1
2025-09-04T10:43:50.782848,0,10615,1.0,1,1.0
2025-09-04T10:43:51.286674,0,10615,1.0,1,3.2
2025-09-04T10:43:51.791123,0,10615,1.0,1,1.0
2025-09-04T10:43:52.296504,0,10615,1.0,1,3.4
2025-09-04T10:43:52.801887,0,10615,1.0,1,2.5
2025-09-04T10:43:53.307267,0,10615,1.0,1,2.0
2025-09-04T10:43:53.807630,0,10615,1.0,1,1.5
2025-09-04T10:43:54.309032,0,10615,1.0,1,2.0
2025-09-04T10:43:54.814419,0,10615,1.0,1,2.5
2025-09-04T10:43:55.316242,0,10615,1.0,1,2.5
2025-09-04T10:43:55.821621,0,10615,1.0,1,2.2
2025-09-04T10:43:56.326978,0,10615,1.0,1,1.7
2025-09-04T10:43:56.831685,0,10615,1.0,1,2.0
2025-09-04T10:43:57.332947,0,10615,1.0,1,1.3
2025-09-04T10:43:57.834358,0,10615,1.0,1,2.0
2025-09-04T10:43:58.338679,0,10615,1.0,1,4.2
2025-09-04T10:43:58.844040,0,10615,1.0,1,2.0
2025-09-04T10:43:59.349362,0,10615,1.0,1,15.5
2025-09-04T10:43:59.854603,0,10615,1.0,1,5.7
2025-09-04T10:44:00.359901,0,10615,1.0,1,5.9
2025-09-04T10:44:00.862116,0,10615,1.0,1,3.7
2025-09-04T10:44:01.367416,0,10615,1.0,1,2.5
2025-09-04T10:44:01.872760,0,10615,1.0,1,5.2
2025-09-04T10:44:02.373449,0,10615,1.0,1,1.5
2025-09-04T10:44:02.878843,0,10615,1.0,1,1.5
2025-09-04T10:44:03.384203,0,10615,1.0,1,1.7
2025-09-04T10:44:03.888604,0,10615,1.0,1,1.0
2025-09-04T10:44:04.394033,0,10615,1.0,1,2.2
2025-09-04T10:44:04.899420,0,10615,1.0,1,2.2
2025-09-04T10:44:05.404794,0,10615,1.0,1,2.5
2025-09-04T10:44:05.909106,0,10615,1.0,1,2.3
2025-09-04T10:44:06.414421,0,10615,1.0,1,5.2
2025-09-04T10:44:06.916689,0,10615,1.0,1,1.3
2025-09-04T10:44:07.419710,0,10615,1.0,1,2.2
2025-09-04T10:44:07.925093,0,10615,1.0,1,3.2
2025-09-04T10:44:08.430446,0,10615,1.0,1,1.2
2025-09-04T10:44:08.935803,0,10615,1.0,1,1.7
2025-09-04T10:44:09.439574,0,10615,1.0,1,1.2
2025-09-04T10:44:09.940906,0,10615,1.0,1,1.5
2025-09-04T10:44:10.446320,0,10615,1.0,1,1.7
2025-09-04T10:44:10.948938,0,10615,1.0,1,3.0
2025-09-04T10:44:11.451617,0,10615,1.0,1,4.0
2025-09-04T10:44:11.957007,0,10615,1.0,1,2.5
2025-09-04T10:44:12.458371,0,10615,1.0,1,1.5
2025-09-04T10:44:12.963718,0,10615,1.0,1,2.0
2025-09-04T10:44:13.466407,0,10615,1.0,1,2.0
2025-09-04T10:44:13.971816,0,10615,1.0,1,2.2
2025-09-04T10:44:14.472201,0,10615,1.0,1,1.5
2025-09-04T10:44:14.977565,0,10615,1.0,1,2.2
2025-09-04T10:44:15.482449,0,10615,1.0,1,3.0
2025-09-04T10:44:15.987813,0,10615,1.0,1,2.7
2025-09-04T10:44:16.493173,0,10615,1.0,1,2.0
2025-09-04T10:44:16.998547,0,10615,1.0,1,3.0
2025-09-04T10:44:17.503879,0,10615,1.0,1,8.6
2025-09-04T10:44:18.009248,0,10615,1.0,1,3.0
2025-09-04T10:44:18.511494,0,10615,1.0,1,4.5
2025-09-04T10:44:19.016714,0,10615,1.0,1,2.7
2025-09-04T10:44:19.522066,0,10615,1.0,1,1.2
2025-09-04T10:44:20.023586,0,10615,1.0,1,3.0
2025-09-04T10:44:20.529011,0,10615,1.0,1,2.2
2025-09-04T10:44:21.034234,0,10615,1.0,1,2.2
2025-09-04T10:44:21.539581,0,10615,1.0,1,1.7
2025-09-04T10:44:22.044582,0,10615,1.0,1,2.7
2025-09-04T10:44:22.549918,0,10615,1.0,1,2.0
2025-09-04T10:44:23.055253,0,10615,1.0,1,2.7
2025-09-04T10:44:23.556227,0,10615,1.0,1,1.2
2025-09-04T10:44:24.061284,0,10615,1.0,1,2.0
2025-09-04T10:44:24.566574,0,10615,1.0,1,2.0
2025-09-04T10:44:25.071872,0,10615,1.0,1,2.2
2025-09-04T10:44:25.577216,0,10615,1.0,1,1.5
2025-09-04T10:44:26.082564,0,10615,1.0,1,4.0
2025-09-04T10:44:26.587875,0,10615,1.0,1,1.2
2025-09-04T10:44:27.093259,0,10615,1.0,1,2.2
2025-09-04T10:44:27.595701,0,10615,1.0,1,0.7
2025-09-04T10:44:28.100877,0,10615,1.0,1,3.0
2025-09-04T10:44:28.605101,0,10615,1.0,1,1.7
2025-09-04T10:44:29.108908,0,10615,1.0,1,4.2
2025-09-04T10:44:29.612652,0,10615,1.0,1,1.3
2025-09-04T10:44:30.117974,0,10615,1.0,1,2.5
2025-09-04T10:44:30.621748,0,10615,1.0,1,1.3
2025-09-04T10:44:31.124900,0,10615,1.0,1,1.7
2025-09-04T10:44:31.629576,0,10615,1.0,1,1.2
2025-09-04T10:44:32.134936,0,10615,1.0,1,1.7
2025-09-04T10:44:32.639524,0,10615,1.0,1,1.7
2025-09-04T10:44:33.140926,0,10615,1.0,1,2.3
2025-09-04T10:44:33.642269,0,10615,1.0,1,1.5
2025-09-04T10:44:34.143570,0,10615,1.0,1,2.0
2025-09-04T10:44:34.648875,0,10615,1.0,1,1.5
2025-09-04T10:44:35.154178,0,10615,1.0,1,2.5
2025-09-04T10:44:35.659503,0,10615,1.0,1,1.7
2025-09-04T10:44:36.161685,0,10615,1.0,1,2.5
2025-09-04T10:44:36.667027,0,10615,1.0,1,1.2
2025-09-04T10:44:37.170597,0,10615,1.0,1,2.5
2025-09-04T10:44:37.671704,0,10615,1.0,1,1.8
2025-09-04T10:44:38.175533,0,10615,1.0,1,2.0
2025-09-04T10:44:38.676896,0,10615,1.0,1,2.0
2025-09-04T10:44:39.182257,0,10615,1.0,1,1.5
2025-09-04T10:44:39.687607,0,10615,1.0,1,1.5
2025-09-04T10:44:40.188374,0,10615,1.0,1,1.7
2025-09-04T10:44:40.689923,0,10615,1.0,1,2.0
2025-09-04T10:44:41.195287,0,10615,1.0,1,1.5
2025-09-04T10:44:41.700689,0,10615,1.0,1,1.2
2025-09-04T10:44:42.205001,0,10615,1.0,1,1.7
2025-09-04T10:44:42.708833,0,10615,1.0,1,1.5
2025-09-04T10:44:43.210175,0,10615,1.0,1,2.3
2025-09-04T10:44:43.715568,0,10615,1.0,1,1.5
2025-09-04T10:44:44.220946,0,10615,1.0,1,2.0
2025-09-04T10:44:44.724830,0,10615,1.0,1,1.2
2025-09-04T10:44:45.226167,0,10615,1.0,1,2.0
2025-09-04T10:44:45.731405,0,10615,1.0,1,2.7
2025-09-04T10:44:46.236849,0,10615,1.0,1,2.0
2025-09-04T10:44:46.739868,0,10615,1.0,1,3.5
2025-09-04T10:44:47.245244,0,10615,1.0,1,2.7
2025-09-04T10:44:47.750584,0,10615,1.0,1,0.0
2025-09-04T10:44:48.255004,0,10615,1.0,1,4.1
2025-09-04T10:44:48.760383,0,10615,1.0,1,4.0
2025-09-04T10:44:49.265752,0,10615,1.0,1,2.5
2025-09-04T10:44:49.767785,0,10615,1.0,1,13.2
2025-09-04T10:44:50.269181,0,10615,1.0,1,9.7
2025-09-04T10:44:50.771666,0,10615,1.0,1,2.0
2025-09-04T10:44:51.277008,0,10615,1.0,1,2.7
2025-09-04T10:44:51.782375,0,10615,1.0,1,1.5
2025-09-04T10:44:52.287811,0,10615,1.0,1,2.2
2025-09-04T10:44:52.788817,0,10615,1.0,1,1.2
2025-09-04T10:44:53.290150,0,10615,1.0,1,2.3
2025-09-04T10:44:53.794592,0,10615,1.0,1,1.7
2025-09-04T10:44:54.298157,0,10615,1.0,1,1.7
2025-09-04T10:44:54.803518,0,10615,1.0,1,2.2
2025-09-04T10:44:55.306102,0,10615,1.0,1,2.5
2025-09-04T10:44:55.811450,0,10615,1.0,1,1.5
2025-09-04T10:44:56.316152,0,10615,1.0,1,2.0
2025-09-04T10:44:56.820833,0,10615,1.0,1,1.0
2025-09-04T10:44:57.322283,0,10615,1.0,1,2.0
2025-09-04T10:44:57.822633,0,10615,1.0,1,1.5
2025-09-04T10:44:58.324835,0,10615,1.0,1,2.5
2025-09-04T10:44:58.830211,0,10615,1.0,1,2.5
2025-09-04T10:44:59.335127,0,10615,1.0,1,4.2
2025-09-04T10:44:59.840526,0,10615,1.0,1,3.0
2025-09-04T10:45:00.345915,0,10615,1.0,1,3.5
2025-09-04T10:45:00.851271,0,10615,1.0,1,4.2
2025-09-04T10:45:01.356483,0,10615,1.0,1,2.5
2025-09-04T10:45:01.860812,0,10615,1.0,1,3.7
2025-09-04T10:45:02.366180,0,10615,1.0,1,1.2
2025-09-04T10:45:02.869117,0,10615,1.0,1,2.0
2025-09-04T10:45:03.371516,0,10615,1.0,1,2.7
2025-09-04T10:45:03.876780,0,10615,1.0,1,1.5
2025-09-04T10:45:04.382144,0,10615,1.0,1,2.7
2025-09-04T10:45:04.884802,0,10615,1.0,1,13.0
2025-09-04T10:45:05.390161,0,10615,1.0,1,1.5
2025-09-04T10:45:05.895239,0,10615,1.0,1,3.7
2025-09-04T10:45:06.400637,0,10615,1.0,1,3.5
2025-09-04T10:45:06.906012,0,10615,1.0,1,2.5
2025-09-04T10:45:07.411364,0,10615,1.0,1,2.2
2025-09-04T10:45:07.916709,0,10615,1.0,1,2.0
2025-09-04T10:45:08.422059,0,10615,1.0,1,2.0
2025-09-04T10:45:08.927462,0,10615,1.0,1,1.7
2025-09-04T10:45:09.432814,0,10615,1.0,1,1.2
2025-09-04T10:45:09.938158,0,10615,1.0,1,1.5
2025-09-04T10:45:10.443505,0,10615,1.0,1,2.7
2025-09-04T10:45:10.948856,0,10615,1.0,1,2.2
2025-09-04T10:45:11.454198,0,10615,1.0,1,1.7
2025-09-04T10:45:11.959527,0,10615,1.0,1,2.2
2025-09-04T10:45:12.464865,0,10615,1.0,1,1.7
2025-09-04T10:45:12.970219,0,10615,1.0,1,1.7
2025-09-04T10:45:13.475620,0,10615,1.0,1,2.2
2025-09-04T10:45:13.978098,0,10615,1.0,1,1.8
2025-09-04T10:45:14.479420,0,10615,1.0,1,3.0
2025-09-04T10:45:14.985972,0,10615,1.0,1,2.5
2025-09-04T10:45:15.491332,0,10615,1.0,1,1.7
2025-09-04T10:45:15.996712,0,10615,1.0,1,1.7
2025-09-04T10:45:16.502080,0,10615,1.0,1,1.7
2025-09-04T10:45:17.006841,0,10615,1.0,1,1.7
2025-09-04T10:45:17.510163,0,10615,1.0,1,1.0
2025-09-04T10:45:18.015399,0,10615,1.0,1,6.4
2025-09-04T10:45:18.520770,0,10615,1.0,1,3.0
2025-09-04T10:45:19.026112,0,10615,1.0,1,4.5
2025-09-04T10:45:19.530119,0,10615,1.0,1,2.7
2025-09-04T10:45:20.032371,0,10615,1.0,1,3.0
2025-09-04T10:45:20.532806,0,10615,1.0,1,3.5
2025-09-04T10:45:21.034101,0,10615,1.0,1,2.7
2025-09-04T10:45:21.539494,0,10615,1.0,1,1.5
2025-09-04T10:45:22.044521,0,10615,1.0,1,2.5
2025-09-04T10:45:22.548749,0,10615,1.0,1,2.0
2025-09-04T10:45:23.050094,0,10615,1.0,1,2.7
2025-09-04T10:45:23.555452,0,10615,1.0,1,1.5
2025-09-04T10:45:24.060748,0,10615,1.0,1,2.0
2025-09-04T10:45:24.564743,0,10615,1.0,1,2.0
2025-09-04T10:45:25.066032,0,10615,1.0,1,2.5
2025-09-04T10:45:25.567592,0,10615,1.0,1,1.8
2025-09-04T10:45:26.070756,0,10615,1.0,1,1.7
2025-09-04T10:45:26.571403,0,10615,1.0,1,1.5
2025-09-04T10:45:27.076733,0,10615,1.0,1,2.0
2025-09-04T10:45:27.578509,0,10615,1.0,1,4.2
2025-09-04T10:45:28.083863,0,10615,1.0,1,7.0
2025-09-04T10:45:28.588220,0,10615,1.0,1,2.2
2025-09-04T10:45:29.093625,0,10615,1.0,1,5.7
2025-09-04T10:45:29.599071,0,10615,1.0,1,1.2
2025-09-04T10:45:30.102152,0,10615,1.0,1,2.2
2025-09-04T10:45:30.604723,0,10615,1.0,1,1.8
2025-09-04T10:45:31.109079,0,10615,1.0,1,1.7
2025-09-04T10:45:31.611885,0,10615,1.0,1,1.2
2025-09-04T10:45:32.116733,0,10615,1.0,1,1.5
2025-09-04T10:45:32.621329,0,10615,1.0,1,1.0
2025-09-04T10:45:33.126675,0,10615,1.0,1,2.7
2025-09-04T10:45:33.628498,0,10615,1.0,1,1.0
2025-09-04T10:45:34.132447,0,10615,1.0,1,2.0
2025-09-04T10:45:34.634111,0,10615,1.0,1,1.2
2025-09-04T10:45:35.137978,0,10615,1.0,1,1.7
2025-09-04T10:45:35.643315,0,10615,1.0,1,2.0
2025-09-04T10:45:36.148634,0,10615,1.0,1,2.5
2025-09-04T10:45:36.653926,0,10615,1.0,1,1.2
2025-09-04T10:45:37.154586,0,10615,1.0,1,1.7
2025-09-04T10:45:37.659865,0,10615,1.0,1,1.5
2025-09-04T10:45:38.165194,0,10615,1.0,1,2.0
2025-09-04T10:45:38.669491,0,10615,1.0,1,1.5
2025-09-04T10:45:39.172758,0,10615,1.0,1,1.3
2025-09-04T10:45:39.676660,0,10615,1.0,1,1.7
2025-09-04T10:45:40.180771,0,10615,1.0,1,2.0
2025-09-04T10:45:40.686151,0,10615,1.0,1,2.0
2025-09-04T10:45:41.187962,0,10615,1.0,1,1.7
2025-09-04T10:45:41.690066,0,10615,1.0,1,1.5
2025-09-04T10:45:42.195108,0,10615,1.0,1,1.5
2025-09-04T10:45:42.700473,0,10615,1.0,1,1.5
2025-09-04T10:45:43.204695,0,10615,1.0,1,2.2
2025-09-04T10:45:43.710037,0,10615,1.0,1,1.5
2025-09-04T10:45:44.213426,0,10615,1.0,1,2.0
2025-09-04T10:45:44.718795,0,10615,1.0,1,1.2
2025-09-04T10:45:45.220739,0,10615,1.0,1,2.2
2025-09-04T10:45:45.726115,0,10615,1.0,1,1.7
2025-09-04T10:45:46.231520,0,10615,1.0,1,2.5
2025-09-04T10:45:46.736914,0,10615,1.0,1,2.0
2025-09-04T10:45:47.242001,0,10615,1.0,1,2.0
2025-09-04T10:45:47.745227,0,10615,1.0,1,14.7
2025-09-04T10:45:48.251018,0,10615,1.0,1,3.5
2025-09-04T10:45:48.756344,0,10615,1.0,1,2.7
2025-09-04T10:45:49.261760,0,10615,1.0,1,4.7
2025-09-04T10:45:49.764598,0,10615,1.0,1,4.2
2025-09-04T10:45:50.268875,0,10615,1.0,1,5.7
2025-09-04T10:45:50.772673,0,10615,1.0,1,1.5
2025-09-04T10:45:51.277109,0,10615,1.0,1,2.7
2025-09-04T10:45:51.778617,0,10615,1.0,1,1.0
2025-09-04T10:45:52.283985,0,10615,1.0,1,2.5
2025-09-04T10:45:52.787837,0,10615,1.0,1,1.5
2025-09-04T10:45:53.289997,0,10615,1.0,1,2.5
2025-09-04T10:45:53.795348,0,10615,1.0,1,1.5
2025-09-04T10:45:54.297992,0,10615,1.0,1,1.3
2025-09-04T10:45:54.799362,0,10615,1.0,1,1.8
2025-09-04T10:45:55.301311,0,10615,1.0,1,2.0
2025-09-04T10:45:55.804504,0,10615,1.0,1,1.7
2025-09-04T10:45:56.309848,0,10615,1.0,1,1.7
2025-09-04T10:45:56.815219,0,10615,1.0,1,1.7
2025-09-04T10:45:57.316647,0,10615,1.0,1,1.5
2025-09-04T10:45:57.821143,0,10615,1.0,1,1.7
2025-09-04T10:45:58.324649,0,10615,1.0,1,2.2
2025-09-04T10:45:58.825981,0,10615,1.0,1,1.5
2025-09-04T10:45:59.327556,0,10615,1.0,1,4.0
2025-09-04T10:45:59.828653,0,10615,1.0,1,3.0
2025-09-04T10:46:00.329968,0,10615,1.0,1,3.2
2025-09-04T10:46:00.831271,0,10615,1.0,1,3.0
2025-09-04T10:46:01.336509,0,10615,1.0,1,1.8
2025-09-04T10:46:01.839325,0,10615,1.0,1,10.7
2025-09-04T10:46:02.345087,0,10615,1.0,1,1.5
2025-09-04T10:46:02.850431,0,10615,1.0,1,2.0
2025-09-04T10:46:03.354426,0,10615,1.0,1,2.5
2025-09-04T10:46:03.859763,0,10615,1.0,1,1.2
2025-09-04T10:46:04.365112,0,10615,1.0,1,3.5
2025-09-04T10:46:04.870486,0,10615,1.0,1,2.2
2025-09-04T10:46:05.375303,0,10615,1.0,1,1.7
2025-09-04T10:46:05.875804,0,10615,1.0,1,2.8
2025-09-04T10:46:06.381196,0,10615,1.0,1,15.6
2025-09-04T10:46:06.886528,0,10615,1.0,1,1.7
2025-09-04T10:46:07.387737,0,10615,1.0,1,2.0
2025-09-04T10:46:07.893093,0,10615,1.0,1,1.0
2025-09-04T10:46:08.398438,0,10615,1.0,1,2.2
2025-09-04T10:46:08.899085,0,10615,1.0,1,2.0
2025-09-04T10:46:09.401999,0,10615,1.0,1,1.5
2025-09-04T10:46:09.906478,0,10615,1.0,1,1.0
2025-09-04T10:46:10.411836,0,10615,1.0,1,2.9
2025-09-04T10:46:10.916655,0,10615,1.0,1,1.5
2025-09-04T10:46:11.422050,0,10615,1.0,1,1.7
2025-09-04T10:46:11.927420,0,10615,1.0,1,2.0
2025-09-04T10:46:12.432773,0,10615,1.0,1,2.2
2025-09-04T10:46:12.938003,0,10615,1.0,1,2.0
2025-09-04T10:46:13.443336,0,10615,1.0,1,4.7
2025-09-04T10:46:13.948649,0,10615,1.0,1,1.2
2025-09-04T10:46:14.453974,0,10615,1.0,1,2.0
2025-09-04T10:46:14.959310,0,10615,1.0,1,1.5
2025-09-04T10:46:15.460648,0,10615,1.0,1,2.0
2025-09-04T10:46:15.962060,0,10615,1.0,1,2.7
2025-09-04T10:46:16.463317,0,10615,1.0,1,1.5
2025-09-04T10:46:16.968629,0,10615,1.0,1,2.0
2025-09-04T10:46:17.473964,0,10615,1.0,1,1.2
2025-09-04T10:46:17.979314,0,10615,1.0,1,9.4
2025-09-04T10:46:18.485166,0,10615,1.0,1,3.0
2025-09-04T10:46:18.990453,0,10615,1.0,1,4.7
2025-09-04T10:46:19.495684,0,10615,1.0,1,1.5
2025-09-04T10:46:20.000668,0,10615,1.0,1,3.5
2025-09-04T10:46:20.506029,0,10615,1.0,1,4.4
2025-09-04T10:46:21.011398,0,10615,1.0,1,3.0
2025-09-04T10:46:21.513935,0,10615,1.0,1,1.5
2025-09-04T10:46:22.019295,0,10615,1.0,1,2.2
2025-09-04T10:46:22.524102,0,10615,1.0,1,1.7
2025-09-04T10:46:23.029444,0,10615,1.0,1,4.4
2025-09-04T10:46:23.534781,0,10615,1.0,1,1.5
2025-09-04T10:46:24.040154,0,10615,1.0,1,1.5
2025-09-04T10:46:24.544380,0,10615,1.0,1,1.7
2025-09-04T10:46:25.049739,0,10615,1.0,1,2.0
2025-09-04T10:46:25.551966,0,10615,1.0,1,1.7
2025-09-04T10:46:26.055550,0,10615,1.0,1,2.0
2025-09-04T10:46:26.559909,0,10615,1.0,1,2.2
2025-09-04T10:46:27.060204,0,10615,1.0,1,1.8
2025-09-04T10:46:27.562595,0,10615,1.0,1,1.2
2025-09-04T10:46:28.063358,0,10615,1.0,1,2.0
2025-09-04T10:46:28.565333,0,10615,1.0,1,2.7
2025-09-04T10:46:29.070654,0,10615,1.0,1,5.9
2025-09-04T10:46:29.576104,0,10615,1.0,1,1.5
2025-09-04T10:46:30.081496,0,10615,1.0,1,4.7
2025-09-04T10:46:30.586576,0,10615,1.0,1,1.7
2025-09-04T10:46:31.088588,0,10615,1.0,1,2.2
2025-09-04T10:46:31.593898,0,10615,1.0,1,1.2
2025-09-04T10:46:32.096090,0,10615,1.0,1,1.7
2025-09-04T10:46:32.596514,0,10615,1.0,1,1.3
2025-09-04T10:46:33.098681,0,10615,1.0,1,1.7
2025-09-04T10:46:33.604066,0,10615,1.0,1,1.7
2025-09-04T10:46:34.107808,0,10615,1.0,1,1.5
2025-09-04T10:46:34.611525,0,10615,1.0,1,1.5
2025-09-04T10:46:35.116869,0,10615,1.0,1,1.7
2025-09-04T10:46:35.619894,0,10615,1.0,1,1.7
2025-09-04T10:46:36.125268,0,10615,1.0,1,3.0
2025-09-04T10:46:36.630678,0,10615,1.0,1,2.2
2025-09-04T10:46:37.135237,0,10615,1.0,1,1.7
2025-09-04T10:46:37.637290,0,10615,1.0,1,1.3
2025-09-04T10:46:38.142637,0,10615,1.0,1,3.2
2025-09-04T10:46:38.647947,0,10615,1.0,1,1.2
2025-09-04T10:46:39.151183,0,10615,1.0,1,1.5
2025-09-04T10:46:39.656464,0,10615,1.0,1,1.2
2025-09-04T10:46:40.161799,0,10615,1.0,1,2.0
2025-09-04T10:46:40.667168,0,10615,1.0,1,2.0
2025-09-04T10:46:41.172530,0,10615,1.0,1,2.0
2025-09-04T10:46:41.677896,0,10615,1.0,1,1.2
2025-09-04T10:46:42.181674,0,10615,1.0,1,1.7
2025-09-04T10:46:42.687079,0,10615,1.0,1,1.7
2025-09-04T10:46:43.187534,0,10615,1.0,1,2.5
2025-09-04T10:46:43.692952,0,10615,1.0,1,2.0
2025-09-04T10:46:44.198306,0,10615,1.0,1,1.5
2025-09-04T10:46:44.702796,0,10615,1.0,1,2.2
2025-09-04T10:46:45.204163,0,10615,1.0,1,1.8
2025-09-04T10:46:45.709502,0,10615,1.0,1,1.5
2025-09-04T10:46:46.214900,0,10615,1.0,1,2.2
2025-09-04T10:46:46.719257,0,10615,1.0,1,2.0
2025-09-04T10:46:47.220800,0,10615,1.0,1,1.5
2025-09-04T10:46:47.726128,0,10615,1.0,1,1.0
2025-09-04T10:46:48.231516,0,10615,1.0,1,6.7
2025-09-04T10:46:48.735216,0,10615,1.0,1,2.2
2025-09-04T10:46:49.237464,0,10615,1.0,1,5.7
2025-09-04T10:46:49.738197,0,10615,1.0,1,2.8
2025-09-04T10:46:50.243543,0,10615,1.0,1,4.2
2025-09-04T10:46:50.748222,0,10615,1.0,1,2.5
2025-09-04T10:46:51.252500,0,10615,1.0,1,2.2
2025-09-04T10:46:51.757853,0,10615,1.0,1,1.5
2025-09-04T10:46:52.260550,0,10615,1.0,1,2.5
2025-09-04T10:46:52.765905,0,10615,1.0,1,1.7
2025-09-04T10:46:53.270606,0,10615,1.0,1,2.0
2025-09-04T10:46:53.775952,0,10615,1.0,1,1.5
2025-09-04T10:46:54.276524,0,10615,1.0,1,2.3
2025-09-04T10:46:54.777845,0,10615,1.0,1,1.7
2025-09-04T10:46:55.279160,0,10615,1.0,1,1.5
2025-09-04T10:46:55.782999,0,10615,1.0,1,1.5
2025-09-04T10:46:56.288366,0,10615,1.0,1,1.5
2025-09-04T10:46:56.793780,0,10615,1.0,1,1.2
2025-09-04T10:46:57.294313,0,10615,1.0,1,1.5
2025-09-04T10:46:57.796508,0,10615,1.0,1,1.5
2025-09-04T10:46:58.301854,0,10615,1.0,1,2.5
2025-09-04T10:46:58.804046,0,10615,1.0,1,1.3
2025-09-04T10:46:59.309390,0,10615,1.0,1,3.9
2025-09-04T10:46:59.814823,0,10615,1.0,1,2.7
2025-09-04T10:47:00.320172,0,10615,1.0,1,3.9
2025-09-04T10:47:00.825512,0,10615,1.0,1,3.0
2025-09-04T10:47:01.330726,0,10615,1.0,1,2.2
2025-09-04T10:47:01.833825,0,10615,1.0,1,2.0
2025-09-04T10:47:02.335179,0,10615,1.0,1,2.0
2025-09-04T10:47:02.840575,0,10615,1.0,1,1.7
2025-09-04T10:47:03.343266,0,10615,1.0,1,2.5
2025-09-04T10:47:03.848657,0,10615,1.0,1,1.7
2025-09-04T10:47:04.354008,0,10615,1.0,1,2.2
2025-09-04T10:47:04.859378,0,10615,1.0,1,1.5
2025-09-04T10:47:05.364430,0,10615,1.0,1,6.0
2025-09-04T10:47:05.869146,0,10615,1.0,1,4.7
2025-09-04T10:47:06.372478,0,10615,1.0,1,3.5
2025-09-04T10:47:06.875207,0,10615,1.0,1,2.5
2025-09-04T10:47:07.380583,0,10615,1.0,1,2.0
2025-09-04T10:47:07.885943,0,10615,1.0,1,2.2
2025-09-04T10:47:08.391284,0,10615,1.0,1,2.5
2025-09-04T10:47:08.895744,0,10615,1.0,1,9.2
2025-09-04T10:47:09.396482,0,10615,1.0,1,1.8
2025-09-04T10:47:09.902047,0,10615,1.0,1,4.7
2025-09-04T10:47:10.407439,0,10615,1.0,1,2.0
2025-09-04T10:47:10.911760,0,10615,1.0,1,4.0
2025-09-04T10:47:11.417056,0,10615,1.0,1,5.0
2025-09-04T10:47:11.919496,0,10615,1.0,1,3.2
2025-09-04T10:47:12.425901,0,10615,1.0,1,3.0
2025-09-04T10:47:12.927171,0,10615,1.0,1,4.2
2025-09-04T10:47:13.428490,0,10615,1.0,1,6.0
2025-09-04T10:47:13.929774,0,10615,1.0,1,1.3
2025-09-04T10:47:14.435210,0,10615,1.0,1,3.0
2025-09-04T10:47:14.940635,0,10615,1.0,1,6.7
2025-09-04T10:47:15.444589,0,10615,1.0,1,4.5
2025-09-04T10:47:15.949999,0,10615,1.0,1,6.0
2025-09-04T10:47:16.455325,0,10615,1.0,1,5.7
2025-09-04T10:47:16.960657,0,10615,1.0,1,2.0
2025-09-04T10:47:17.466040,0,10615,1.0,1,2.5
2025-09-04T10:47:17.969622,0,10615,1.0,1,20.0
2025-09-04T10:47:18.474960,0,10615,1.0,1,6.5
2025-09-04T10:47:18.980291,0,10615,1.0,1,7.7
2025-09-04T10:47:19.485544,0,10615,1.0,1,4.0
2025-09-04T10:47:19.987551,0,10615,1.0,1,3.5
2025-09-04T10:47:20.492921,0,10615,1.0,1,1.5
2025-09-04T10:47:20.998357,0,10615,1.0,1,5.7
2025-09-04T10:47:21.503322,0,10615,1.0,1,1.2
2025-09-04T10:47:22.003956,0,10615,1.0,1,2.5
2025-09-04T10:47:22.509335,0,10615,1.0,1,1.7
2025-09-04T10:47:23.012414,0,10615,1.0,1,1.5
2025-09-04T10:47:23.517816,0,10615,1.0,1,2.2
2025-09-04T10:47:24.023184,0,10615,1.0,1,2.7
2025-09-04T10:47:24.527097,0,10615,1.0,1,2.2
2025-09-04T10:47:25.032467,0,10615,1.0,1,2.2
2025-09-04T10:47:25.537238,0,10615,1.0,1,4.0
2025-09-04T10:47:26.040342,0,10615,1.0,1,4.0
2025-09-04T10:47:26.544498,0,10615,1.0,1,2.2
2025-09-04T10:47:27.049821,0,10615,1.0,1,4.0
2025-09-04T10:47:27.554479,0,10615,1.0,1,3.2
2025-09-04T10:47:28.059818,0,10615,1.0,1,2.7
2025-09-04T10:47:28.561348,0,10615,1.0,1,3.7
2025-09-04T10:47:29.067002,0,10615,1.0,1,6.7
2025-09-04T10:47:29.570164,0,10615,1.0,1,2.5
2025-09-04T10:47:30.075489,0,10615,1.0,1,3.7
2025-09-04T10:47:30.580861,0,10615,1.0,1,1.2
2025-09-04T10:47:31.086214,0,10615,1.0,1,2.5
2025-09-04T10:47:31.591473,0,10615,1.0,1,22.6
2025-09-04T10:47:32.096720,0,10615,1.0,1,11.5
2025-09-04T10:47:32.602031,0,10615,1.0,1,21.3
2025-09-04T10:47:33.104883,0,10615,1.0,1,14.2
2025-09-04T10:47:33.610193,0,10615,1.0,1,9.9
2025-09-04T10:47:34.111626,0,10615,1.0,1,10.9
2025-09-04T10:47:34.613301,0,10615,1.0,1,10.6
2025-09-04T10:47:35.118506,0,10615,1.0,1,6.2
2025-09-04T10:47:35.619445,0,10615,1.0,1,12.4
2025-09-04T10:47:36.121794,0,10615,1.0,1,7.8
2025-09-04T10:47:36.627092,0,10615,1.0,1,9.7
2025-09-04T10:47:37.132315,0,10615,1.0,1,11.9
2025-09-04T10:47:37.637600,0,10615,1.0,1,11.5
2025-09-04T10:47:38.140818,0,10615,1.0,1,13.8
2025-09-04T10:47:38.646029,0,10615,1.0,1,11.5
2025-09-04T10:47:39.151228,0,10615,1.0,1,11.7
2025-09-04T10:47:39.656443,0,10615,1.0,1,11.1
2025-09-04T10:47:40.158517,0,10615,1.0,1,11.3
2025-09-04T10:47:40.663883,0,10615,1.0,1,17.1
2025-09-04T10:47:41.169114,0,10615,1.0,1,16.8
2025-09-04T10:47:41.674186,0,10615,1.0,1,12.8
2025-09-04T10:47:42.179414,0,10615,1.0,1,16.1
2025-09-04T10:47:42.681778,0,10615,1.0,1,12.6
2025-09-04T10:47:43.187550,0,10615,1.0,1,11.9
2025-09-04T10:47:43.687910,0,10615,1.0,1,11.7
2025-09-04T10:47:44.191083,0,10615,1.0,1,11.1
2025-09-04T10:47:44.696368,0,10615,1.0,1,12.6
2025-09-04T10:47:45.201525,0,10615,1.0,1,11.9
2025-09-04T10:47:45.706779,0,10615,1.0,1,10.5
2025-09-04T10:47:46.212076,0,10615,1.0,1,11.8
2025-09-04T10:47:46.717300,0,10615,1.0,1,11.8
2025-09-04T10:47:47.222632,0,10615,1.0,1,12.3
2025-09-04T10:47:47.727570,0,10615,1.0,1,12.1
2025-09-04T10:47:48.232789,0,10615,1.0,1,13.1
2025-09-04T10:47:48.737072,0,10615,1.0,1,12.2
2025-09-04T10:47:49.242744,0,10615,1.0,1,12.2
2025-09-04T10:47:49.747925,0,10615,1.0,1,14.1
2025-09-04T10:47:50.253145,0,10615,1.0,1,14.8
2025-09-04T10:47:50.758383,0,10615,1.0,1,11.7
2025-09-04T10:47:51.263549,0,10615,1.0,1,12.3
2025-09-04T10:47:51.764153,0,10615,1.0,1,11.1
2025-09-04T10:47:52.269435,0,10615,1.0,1,14.2
2025-09-04T10:47:52.770386,0,10615,1.0,1,12.0
2025-09-04T10:47:53.273632,0,10615,1.0,1,11.2
2025-09-04T10:47:53.778865,0,10615,1.0,1,11.0
2025-09-04T10:47:54.284056,0,10615,1.0,1,11.9
2025-09-04T10:47:54.789265,0,10615,1.0,1,11.6
2025-09-04T10:47:55.294491,0,10615,1.0,1,11.5
2025-09-04T10:47:55.799831,0,10615,1.0,1,11.9
2025-09-04T10:47:56.303607,0,10615,1.0,1,19.7
2025-09-04T10:47:56.808869,0,10615,1.0,1,12.4
2025-09-04T10:47:57.314521,0,10615,1.0,1,11.2
2025-09-04T10:47:57.819762,0,10615,1.0,1,13.1
2025-09-04T10:47:58.324967,0,10615,1.0,1,11.5
2025-09-04T10:47:58.830139,0,10615,1.0,1,11.4
2025-09-04T10:47:59.335342,0,10615,1.0,1,14.1
2025-09-04T10:47:59.840632,0,10615,1.0,1,12.3
2025-09-04T10:48:00.341531,0,10615,1.0,1,13.4
2025-09-04T10:48:00.846722,0,10615,1.0,1,12.8
2025-09-04T10:48:01.347735,0,10615,1.0,1,10.8
2025-09-04T10:48:01.852989,0,10615,1.0,1,12.1
2025-09-04T10:48:02.358224,0,10615,1.0,1,11.0
2025-09-04T10:48:02.863429,0,10615,1.0,1,11.4
2025-09-04T10:48:03.368682,0,10615,1.0,1,11.9
2025-09-04T10:48:03.873926,0,10615,1.0,1,11.9
2025-09-04T10:48:04.378308,0,10615,1.0,1,11.2
2025-09-04T10:48:04.883575,0,10615,1.0,1,19.5
2025-09-04T10:48:05.388818,0,10615,1.0,1,13.8
2025-09-04T10:48:05.894044,0,10615,1.0,1,10.3
2025-09-04T10:48:06.399347,0,10615,1.0,1,12.3
2025-09-04T10:48:06.903551,0,10615,1.0,1,11.3
2025-09-04T10:48:07.406430,0,10615,1.0,1,10.5
2025-09-04T10:48:07.911671,0,10615,1.0,1,12.7
2025-09-04T10:48:08.416872,0,10615,1.0,1,11.2
2025-09-04T10:48:08.920231,0,10615,1.0,1,12.0
2025-09-04T10:48:09.425489,0,10615,1.0,1,10.7
2025-09-04T10:48:09.926033,0,10615,1.0,1,12.5
2025-09-04T10:48:10.431745,0,10615,1.0,1,10.9
2025-09-04T10:48:10.937022,0,10615,1.0,1,11.9
2025-09-04T10:48:11.442335,0,10615,1.0,1,10.7
2025-09-04T10:48:11.947594,0,10615,1.0,1,11.6
2025-09-04T10:48:12.452777,0,10615,1.0,1,11.2
2025-09-04T10:48:12.957958,0,10615,1.0,1,11.4
2025-09-04T10:48:13.463171,0,10615,1.0,1,11.7
2025-09-04T10:48:13.968333,0,10615,1.0,1,11.6
2025-09-04T10:48:14.470168,0,10615,1.0,1,11.2
2025-09-04T10:48:14.975410,0,10615,1.0,1,11.2
2025-09-04T10:48:15.480575,0,10615,1.0,1,13.2
2025-09-04T10:48:15.985834,0,10615,1.0,1,14.9
2025-09-04T10:48:16.486905,0,10615,1.0,1,11.5
2025-09-04T10:48:16.987728,0,10615,1.0,1,10.8
2025-09-04T10:48:17.492972,0,10615,1.0,1,11.4
2025-09-04T10:48:17.998359,0,10615,1.0,1,11.4
2025-09-04T10:48:18.498991,0,10615,1.0,1,0.0
2025-09-04T10:48:19.003599,0,10615,1.0,1,11.4
2025-09-04T10:48:19.508884,0,10615,1.0,1,12.4
2025-09-04T10:48:20.014070,0,10615,1.0,1,14.1
2025-09-04T10:48:20.519479,0,10615,1.0,1,10.9
2025-09-04T10:48:21.022863,0,10615,1.0,1,11.7
2025-09-04T10:48:21.528085,0,10615,1.0,1,13.9
2025-09-04T10:48:22.033306,0,10615,1.0,1,11.9
2025-09-04T10:48:22.536582,0,10615,1.0,1,10.8
2025-09-04T10:48:23.040795,0,10615,1.0,1,11.4
2025-09-04T10:48:23.546009,0,10615,1.0,1,10.7
2025-09-04T10:48:24.049984,0,10615,1.0,1,11.4
2025-09-04T10:48:24.555311,0,10615,1.0,1,11.4
2025-09-04T10:48:25.059796,0,10615,1.0,1,11.5
2025-09-04T10:48:25.564988,0,10615,1.0,1,10.2
2025-09-04T10:48:26.070171,0,10615,1.0,1,11.9
2025-09-04T10:48:26.574981,0,10615,1.0,1,11.1
2025-09-04T10:48:27.080184,0,10615,1.0,1,11.7
2025-09-04T10:48:27.582899,0,10615,1.0,1,19.8
2025-09-04T10:48:28.086818,0,10615,1.0,1,11.8
2025-09-04T10:48:28.590735,0,10615,1.0,1,12.5
2025-09-04T10:48:29.095965,0,10615,1.0,1,13.8
2025-09-04T10:48:29.601196,0,10615,1.0,1,10.9
2025-09-04T10:48:30.103426,0,10615,1.0,1,11.7
2025-09-04T10:48:30.608121,0,10615,1.0,1,10.8
2025-09-04T10:48:31.113347,0,10615,1.0,1,12.4
2025-09-04T10:48:31.618586,0,10615,1.0,1,10.4
2025-09-04T10:48:32.123834,0,10615,1.0,1,11.1
2025-09-04T10:48:32.624870,0,10615,1.0,1,11.1
2025-09-04T10:48:33.130088,0,10615,1.0,1,11.4
2025-09-04T10:48:33.635278,0,10615,1.0,1,12.5
2025-09-04T10:48:34.136749,0,10615,1.0,1,11.2
2025-09-04T10:48:34.643168,0,10615,1.0,1,20.6
2025-09-04T10:48:35.148384,0,10615,1.0,1,11.2
2025-09-04T10:48:35.653447,0,10615,1.0,1,11.7
2025-09-04T10:48:36.158754,0,10615,1.0,1,12.3
2025-09-04T10:48:36.663917,0,10615,1.0,1,10.7
2025-09-04T10:48:37.169206,0,10615,1.0,1,7.2
2025-09-04T10:48:37.672906,0,10615,1.0,1,10.5
2025-09-04T10:48:38.178254,0,10615,1.0,1,8.9
2025-09-04T10:48:38.683601,0,10615,1.0,1,8.7
2025-09-04T10:48:39.187664,0,10615,1.0,1,10.7
2025-09-04T10:48:39.690257,0,10615,1.0,1,9.3
2025-09-04T10:48:40.195617,0,10615,1.0,1,10.7
2025-09-04T10:48:40.700814,0,10615,1.0,1,11.9
2025-09-04T10:48:41.206089,0,10615,1.0,1,10.7
2025-09-04T10:48:41.707307,0,10615,1.0,1,10.8
2025-09-04T10:48:42.212542,0,10615,1.0,1,10.7
2025-09-04T10:48:42.717703,0,10615,1.0,1,10.9
2025-09-04T10:48:43.223022,0,10615,1.0,1,10.7
2025-09-04T10:48:43.728279,0,10615,1.0,1,12.4
2025-09-04T10:48:44.233464,0,10615,1.0,1,11.9
2025-09-04T10:48:44.736692,0,10615,1.0,1,12.4
2025-09-04T10:48:45.241925,0,10615,1.0,1,12.7
2025-09-04T10:48:45.743627,0,10615,1.0,1,10.8
2025-09-04T10:48:46.248885,0,10615,1.0,1,10.7
2025-09-04T10:48:46.754120,0,10615,1.0,1,11.6
2025-09-04T10:48:47.257990,0,10615,1.0,1,12.0
2025-09-04T10:48:47.763270,0,10615,1.0,1,11.4
2025-09-04T10:48:48.268429,0,10615,1.0,1,0.0
2025-09-04T10:48:48.773775,0,10615,1.0,1,11.7
2025-09-04T10:48:49.279111,0,10615,1.0,1,11.0
2025-09-04T10:48:49.784322,0,10615,1.0,1,12.9
2025-09-04T10:48:50.289729,0,10615,1.0,1,13.9
2025-09-04T10:48:50.794987,0,10615,1.0,1,12.4
2025-09-04T10:48:51.300179,0,10615,1.0,1,12.2
2025-09-04T10:48:51.801130,0,10615,1.0,1,11.6
2025-09-04T10:48:52.305889,0,10615,1.0,1,11.7
2025-09-04T10:48:52.811089,0,10615,1.0,1,11.4
2025-09-04T10:48:53.316276,0,10615,1.0,1,11.0
2025-09-04T10:48:53.821550,0,10615,1.0,1,11.9
2025-09-04T10:48:54.326577,0,10615,1.0,1,10.5
2025-09-04T10:48:54.831883,0,10615,1.0,1,12.1
2025-09-04T10:48:55.336644,0,10615,1.0,1,10.5
2025-09-04T10:48:55.838581,0,10615,1.0,1,11.0
2025-09-04T10:48:56.341105,0,10615,1.0,1,11.7
2025-09-04T10:48:56.846313,0,10615,1.0,1,12.0
2025-09-04T10:48:57.351504,0,10615,1.0,1,11.3
2025-09-04T10:48:57.853248,0,10615,1.0,1,12.2
2025-09-04T10:48:58.354402,0,10615,1.0,1,21.4
2025-09-04T10:48:58.857427,0,10615,1.0,1,11.2
2025-09-04T10:48:59.362056,0,10615,1.0,1,13.9
2025-09-04T10:48:59.864121,0,10615,1.0,1,13.5
2025-09-04T10:49:00.369375,0,10615,1.0,1,12.7
2025-09-04T10:49:00.874677,0,10615,1.0,1,12.4
2025-09-04T10:49:01.375260,0,10615,1.0,1,12.5
2025-09-04T10:49:01.880459,0,10615,1.0,1,12.4
2025-09-04T10:49:02.385674,0,10615,1.0,1,11.4
2025-09-04T10:49:02.888283,0,10615,1.0,1,11.4
2025-09-04T10:49:03.393500,0,10615,1.0,1,10.3
2025-09-04T10:49:03.898955,0,10615,1.0,1,11.4
2025-09-04T10:49:04.404328,0,10615,1.0,1,11.4
2025-09-04T10:49:04.908602,0,10615,1.0,1,11.7
2025-09-04T10:49:05.413808,0,10615,1.0,1,10.4
2025-09-04T10:49:05.918995,0,10615,1.0,1,19.6
2025-09-04T10:49:06.421660,0,10615,1.0,1,12.8
2025-09-04T10:49:06.926892,0,10615,1.0,1,12.4
2025-09-04T10:49:07.432085,0,10615,1.0,1,13.9
2025-09-04T10:49:07.937350,0,10615,1.0,1,12.9
2025-09-04T10:49:08.441582,0,10615,1.0,1,11.2
2025-09-04T10:49:08.942196,0,10615,1.0,1,11.8
2025-09-04T10:49:09.447372,0,10615,1.0,1,19.9
2025-09-04T10:49:09.952597,0,10615,1.0,1,12.0
2025-09-04T10:49:10.457977,0,10615,1.0,1,11.5
2025-09-04T10:49:10.958701,0,10615,1.0,1,10.3
2025-09-04T10:49:11.463886,0,10615,1.0,1,12.2
2025-09-04T10:49:11.969116,0,10615,1.0,1,11.0
2025-09-04T10:49:12.473603,0,10615,1.0,1,11.2
2025-09-04T10:49:12.976074,0,10615,1.0,1,11.7
2025-09-04T10:49:13.479015,0,10615,1.0,1,12.2
2025-09-04T10:49:13.984219,0,10615,1.0,1,13.5
2025-09-04T10:49:14.489444,0,10615,1.0,1,12.3
2025-09-04T10:49:14.990800,0,10615,1.0,1,10.4
2025-09-04T10:49:15.491849,0,10615,1.0,1,11.7
2025-09-04T10:49:15.997056,0,10615,1.0,1,10.9
2025-09-04T10:49:16.502342,0,10615,1.0,1,11.0
2025-09-04T10:49:17.003209,0,10615,1.0,1,11.8
2025-09-04T10:49:17.508230,0,10615,1.0,1,11.2
2025-09-04T10:49:18.013413,0,10615,1.0,1,11.6
2025-09-04T10:49:18.518686,0,10615,1.0,1,12.6
2025-09-04T10:49:19.023087,0,10615,1.0,1,11.2
2025-09-04T10:49:19.528295,0,10615,1.0,1,11.9
2025-09-04T10:49:20.033479,0,10615,1.0,1,12.9
2025-09-04T10:49:20.538685,0,10615,1.0,1,11.2
2025-09-04T10:49:21.040787,0,10615,1.0,1,15.1
2025-09-04T10:49:21.545987,0,10615,1.0,1,10.9
2025-09-04T10:49:22.050272,0,10615,1.0,1,10.8
2025-09-04T10:49:22.555467,0,10615,1.0,1,11.4
2025-09-04T10:49:23.060673,0,10615,1.0,1,10.9
2025-09-04T10:49:23.565990,0,10615,1.0,1,11.4
2025-09-04T10:49:24.071488,0,10615,1.0,1,11.0
2025-09-04T10:49:24.577089,0,10615,1.0,1,10.7
2025-09-04T10:49:25.082385,0,10615,1.0,1,11.1
2025-09-04T10:49:25.586480,0,10615,1.0,1,11.2
2025-09-04T10:49:26.087543,0,10615,1.0,1,10.8
2025-09-04T10:49:26.590711,0,10615,1.0,1,11.4
2025-09-04T10:49:27.095871,0,10615,1.0,1,11.2
2025-09-04T10:49:27.601083,0,10615,1.0,1,10.4
2025-09-04T10:49:28.103044,0,10615,1.0,1,11.0
2025-09-04T10:49:28.604517,0,10615,1.0,1,12.3
2025-09-04T10:49:29.109848,0,10615,1.0,1,14.1
2025-09-04T10:49:29.615273,0,10615,1.0,1,11.2
2025-09-04T10:49:30.120562,0,10615,1.0,1,10.7
2025-09-04T10:49:30.625786,0,10615,1.0,1,11.6
2025-09-04T10:49:31.130945,0,10615,1.0,1,11.4
2025-09-04T10:49:31.636171,0,10615,1.0,1,11.2
2025-09-04T10:49:32.141454,0,10615,1.0,1,11.4
2025-09-04T10:49:32.646631,0,10615,1.0,1,11.7
2025-09-04T10:49:33.151909,0,10615,1.0,1,10.7
2025-09-04T10:49:33.657194,0,10615,1.0,1,11.9
2025-09-04T10:49:34.157515,0,10615,1.0,1,11.3
2025-09-04T10:49:34.662710,0,10615,1.0,1,11.0
2025-09-04T10:49:35.167610,0,10615,1.0,1,11.0
2025-09-04T10:49:35.669686,0,10615,1.0,1,11.7
2025-09-04T10:49:36.174957,0,10615,1.0,1,13.9
2025-09-04T10:49:36.680589,0,10615,1.0,1,19.2
2025-09-04T10:49:37.185812,0,10615,1.0,1,11.7
2025-09-04T10:49:37.686324,0,10615,1.0,1,11.1
2025-09-04T10:49:38.188662,0,10615,1.0,1,12.3
2025-09-04T10:49:38.690582,0,10615,1.0,1,11.1
2025-09-04T10:49:39.191516,0,10615,1.0,1,12.9
2025-09-04T10:49:39.696693,0,10615,1.0,1,10.6
2025-09-04T10:49:40.201958,0,10615,1.0,1,11.1
2025-09-04T10:49:40.707280,0,10615,1.0,1,11.2
2025-09-04T10:49:41.212531,0,10615,1.0,1,10.9
2025-09-04T10:49:41.717724,0,10615,1.0,1,11.0
2025-09-04T10:49:42.222949,0,10615,1.0,1,10.9
2025-09-04T10:49:42.723467,0,10615,1.0,1,11.5
2025-09-04T10:49:43.228795,0,10615,1.0,1,9.8
2025-09-04T10:49:43.733984,0,10615,1.0,1,11.6
2025-09-04T10:49:44.237578,0,10615,1.0,1,11.4
2025-09-04T10:49:44.740008,0,10615,1.0,1,11.7
2025-09-04T10:49:45.245208,0,10615,1.0,1,10.7
2025-09-04T10:49:45.750428,0,10615,1.0,1,13.2
2025-09-04T10:49:46.255786,0,10615,1.0,1,10.7
2025-09-04T10:49:46.757252,0,10615,1.0,1,11.0
2025-09-04T10:49:47.262439,0,10615,1.0,1,10.9
2025-09-04T10:49:47.767671,0,10615,1.0,1,10.5
2025-09-04T10:49:48.268911,0,10615,1.0,1,11.2
2025-09-04T10:49:48.773072,0,10615,1.0,1,10.9
2025-09-04T10:49:49.274368,0,10615,1.0,1,11.1
2025-09-04T10:49:49.779734,0,10615,1.0,1,12.1
2025-09-04T10:49:50.285016,0,10615,1.0,1,13.2
2025-09-04T10:49:50.790302,0,10615,1.0,1,12.9
2025-09-04T10:49:51.295907,0,10615,1.0,1,12.4
2025-09-04T10:49:51.801138,0,10615,1.0,1,11.2
2025-09-04T10:49:52.306356,0,10615,1.0,1,11.4
2025-09-04T10:49:52.809233,0,10615,1.0,1,11.6
2025-09-04T10:49:53.314417,0,10615,1.0,1,11.0
2025-09-04T10:49:53.819666,0,10615,1.0,1,10.8
2025-09-04T10:49:54.323274,0,10615,1.0,1,11.9
2025-09-04T10:49:54.828471,0,10615,1.0,1,11.5
2025-09-04T10:49:55.333651,0,10615,1.0,1,11.0
2025-09-04T10:49:55.838833,0,10615,1.0,1,11.6
2025-09-04T10:49:56.340070,0,10615,1.0,1,11.2
2025-09-04T10:49:56.845262,0,10615,1.0,1,10.2
2025-09-04T10:49:57.350470,0,10615,1.0,1,11.6
2025-09-04T10:49:57.855710,0,10615,1.0,1,11.9
2025-09-04T10:49:58.361006,0,10615,1.0,1,10.2
2025-09-04T10:49:58.862780,0,10615,1.0,1,11.0
2025-09-04T10:49:59.368015,0,10615,1.0,1,13.8
2025-09-04T10:49:59.872192,0,10615,1.0,1,11.3
2025-09-04T10:50:00.373473,0,10615,1.0,1,11.7
2025-09-04T10:50:00.878769,0,10615,1.0,1,11.7
2025-09-04T10:50:01.383974,0,10615,1.0,1,10.9
2025-09-04T10:50:01.887823,0,10615,1.0,1,11.5
2025-09-04T10:50:02.393112,0,10615,1.0,1,11.1
2025-09-04T10:50:02.898287,0,10615,1.0,1,11.2
2025-09-04T10:50:03.402869,0,10615,1.0,1,10.5
2025-09-04T10:50:03.908090,0,10615,1.0,1,11.3
2025-09-04T10:50:04.413258,0,10615,1.0,1,11.0
2025-09-04T10:50:04.918396,0,10615,1.0,1,11.9
2025-09-04T10:50:05.422885,0,10615,1.0,1,11.9
2025-09-04T10:50:05.928094,0,10615,1.0,1,10.6
2025-09-04T10:50:06.433278,0,10615,1.0,1,11.7
2025-09-04T10:50:06.938453,0,10615,1.0,1,10.9
2025-09-04T10:50:07.441633,0,10615,1.0,1,11.0
2025-09-04T10:50:07.946792,0,10615,1.0,1,10.3
2025-09-04T10:50:08.452043,0,10615,1.0,1,11.7
2025-09-04T10:50:08.953471,0,10615,1.0,1,10.6
2025-09-04T10:50:09.457018,0,10615,1.0,1,10.5
2025-09-04T10:50:09.962221,0,10615,1.0,1,11.4
2025-09-04T10:50:10.467446,0,10615,1.0,1,10.5
2025-09-04T10:50:10.970495,0,10615,1.0,1,12.9
2025-09-04T10:50:11.473152,0,10615,1.0,1,10.8
2025-09-04T10:50:11.978357,0,10615,1.0,1,11.3
2025-09-04T10:50:12.483569,0,10615,1.0,1,11.7
2025-09-04T10:50:12.988484,0,10615,1.0,1,10.9
2025-09-04T10:50:13.491360,0,10615,1.0,1,11.3
2025-09-04T10:50:13.996558,0,10615,1.0,1,11.2
2025-09-04T10:50:14.501825,0,10615,1.0,1,13.1
2025-09-04T10:50:15.003942,0,10615,1.0,1,11.5
2025-09-04T10:50:15.508113,0,10615,1.0,1,12.4
2025-09-04T10:50:16.013322,0,10615,1.0,1,10.7
2025-09-04T10:50:16.518524,0,10615,1.0,1,11.5
2025-09-04T10:50:17.024939,0,10615,1.0,1,11.1
2025-09-04T10:50:17.530182,0,10615,1.0,1,10.4
2025-09-04T10:50:18.035474,0,10615,1.0,1,10.6
2025-09-04T10:50:18.540775,0,10615,1.0,1,10.9
2025-09-04T10:50:19.046126,0,10615,1.0,1,11.2
2025-09-04T10:50:19.549882,0,10615,1.0,1,11.4
2025-09-04T10:50:20.055130,0,10615,1.0,1,11.5
2025-09-04T10:50:20.556735,0,10615,1.0,1,12.0
2025-09-04T10:50:21.061981,0,10615,1.0,1,14.0
2025-09-04T10:50:21.567149,0,10615,1.0,1,12.2
2025-09-04T10:50:22.069408,0,10615,1.0,1,14.6
2025-09-04T10:50:22.574619,0,10615,1.0,1,11.4
2025-09-04T10:50:23.079777,0,10615,1.0,1,9.7
2025-09-04T10:50:23.584959,0,10615,1.0,1,11.2
2025-09-04T10:50:24.090227,0,10615,1.0,1,11.4
2025-09-04T10:50:24.595572,0,10615,1.0,1,11.6
2025-09-04T10:50:25.100811,0,10615,1.0,1,17.3
2025-09-04T10:50:25.604624,0,10615,1.0,1,10.9
2025-09-04T10:50:26.109848,0,10615,1.0,1,12.2
2025-09-04T10:50:26.614998,0,10615,1.0,1,10.7
2025-09-04T10:50:27.120248,0,10615,1.0,1,11.1
2025-09-04T10:50:27.621920,0,10615,1.0,1,10.6
2025-09-04T10:50:28.127138,0,10615,1.0,1,11.1
2025-09-04T10:50:28.632330,0,10615,1.0,1,10.9
2025-09-04T10:50:29.137609,0,10615,1.0,1,14.4
2025-09-04T10:50:29.642937,0,10615,1.0,1,10.5
2025-09-04T10:50:30.148159,0,10615,1.0,1,10.6
2025-09-04T10:50:30.652671,0,10615,1.0,1,10.5
2025-09-04T10:50:31.154342,0,10615,1.0,1,10.8
2025-09-04T10:50:31.659543,0,10615,1.0,1,12.2
2025-09-04T10:50:32.165109,0,10615,1.0,1,11.6
2025-09-04T10:50:32.670401,0,10615,1.0,1,10.9
2025-09-04T10:50:33.171880,0,10615,1.0,1,11.5
2025-09-04T10:50:33.675266,0,10615,1.0,1,11.2
2025-09-04T10:50:34.180463,0,10615,1.0,1,11.6
2025-09-04T10:50:34.685762,0,10615,1.0,1,11.1
2025-09-04T10:50:35.190776,0,10615,1.0,1,10.9
2025-09-04T10:50:35.695975,0,10615,1.0,1,10.0
2025-09-04T10:50:36.201192,0,10615,1.0,1,11.9
2025-09-04T10:50:36.702701,0,10615,1.0,1,10.6
2025-09-04T10:50:37.203927,0,10615,1.0,1,11.7
2025-09-04T10:50:37.704717,0,10615,1.0,1,12.3
2025-09-04T10:50:38.206661,0,10615,1.0,1,12.4
2025-09-04T10:50:38.711980,0,10615,1.0,1,10.9
2025-09-04T10:50:39.216499,0,10615,1.0,1,10.7
2025-09-04T10:50:39.719369,0,10615,1.0,1,10.7
2025-09-04T10:50:40.224662,0,10615,1.0,1,10.7
2025-09-04T10:50:40.729844,0,10615,1.0,1,11.2
2025-09-04T10:50:41.235185,0,10615,1.0,1,11.1
2025-09-04T10:50:41.739815,0,10615,1.0,1,10.3
2025-09-04T10:50:42.245090,0,10615,1.0,1,10.9
2025-09-04T10:50:42.750269,0,10615,1.0,1,12.1
2025-09-04T10:50:43.252975,0,10615,1.0,1,10.7
2025-09-04T10:50:43.758309,0,10615,1.0,1,11.4
2025-09-04T10:50:44.263669,0,10615,1.0,1,10.9
2025-09-04T10:50:44.768937,0,10615,1.0,1,10.9
2025-09-04T10:50:45.269328,0,10615,1.0,1,11.0
2025-09-04T10:50:45.774535,0,10615,1.0,1,11.4
2025-09-04T10:50:46.279763,0,10615,1.0,1,10.9
2025-09-04T10:50:46.785035,0,10615,1.0,1,11.4
2025-09-04T10:50:47.288896,0,10615,1.0,1,10.9
2025-09-04T10:50:47.791237,0,10615,1.0,1,10.5
2025-09-04T10:50:48.296423,0,10615,1.0,1,11.0
2025-09-04T10:50:48.801709,0,10615,1.0,1,11.3
2025-09-04T10:50:49.304312,0,10615,1.0,1,10.8
2025-09-04T10:50:49.806478,0,10615,1.0,1,15.4
2025-09-04T10:50:50.307222,0,10615,1.0,1,12.3
2025-09-04T10:50:50.812404,0,10615,1.0,1,11.0
2025-09-04T10:50:51.317568,0,10615,1.0,1,12.3
2025-09-04T10:50:51.822839,0,10615,1.0,1,11.0
2025-09-04T10:50:52.328114,0,10615,1.0,1,10.7
2025-09-04T10:50:52.833332,0,10615,1.0,1,10.9
2025-09-04T10:50:53.334225,0,10615,1.0,1,11.3
2025-09-04T10:50:53.835910,0,10615,1.0,1,11.2
2025-09-04T10:50:54.341190,0,10615,1.0,1,11.8
2025-09-04T10:50:54.846457,0,10615,1.0,1,10.7
2025-09-04T10:50:55.351670,0,10615,1.0,1,10.0
2025-09-04T10:50:55.852610,0,10615,1.0,1,11.0
2025-09-04T10:50:56.355888,0,10615,1.0,1,11.0
2025-09-04T10:50:56.858315,0,10615,1.0,1,10.3
2025-09-04T10:50:57.363555,0,10615,1.0,1,11.0
2025-09-04T10:50:57.868803,0,10615,1.0,1,10.9
2025-09-04T10:50:58.371114,0,10615,1.0,1,11.3
2025-09-04T10:50:58.873390,0,10615,1.0,1,10.9
2025-09-04T10:50:59.378629,0,10615,1.0,1,13.0
2025-09-04T10:50:59.879722,0,10615,1.0,1,12.3
2025-09-04T10:51:00.384912,0,10615,1.0,1,12.1
2025-09-04T10:51:00.885855,0,10615,1.0,1,12.1
2025-09-04T10:51:01.390115,0,10615,1.0,1,11.0
2025-09-04T10:51:01.895337,0,10615,1.0,1,21.2
2025-09-04T10:51:02.400870,0,10615,1.0,1,10.4
2025-09-04T10:51:02.904868,0,10615,1.0,1,11.2
2025-09-04T10:51:03.410063,0,10615,1.0,1,10.4
2025-09-04T10:51:03.915287,0,10615,1.0,1,11.6
2025-09-04T10:51:04.420597,0,10615,1.0,1,12.5
2025-09-04T10:51:04.924976,0,10615,1.0,1,11.4
2025-09-04T10:51:05.430268,0,10615,1.0,1,10.8
2025-09-04T10:51:05.935523,0,10615,1.0,1,11.1
2025-09-04T10:51:06.440647,0,10615,1.0,1,12.1
2025-09-04T10:51:06.945917,0,10615,1.0,1,10.4
2025-09-04T10:51:07.451192,0,10615,1.0,1,11.0
2025-09-04T10:51:07.956492,0,10615,1.0,1,10.6
2025-09-04T10:51:08.461731,0,10615,1.0,1,11.1
2025-09-04T10:51:08.966525,0,10615,1.0,1,10.8
2025-09-04T10:51:09.469204,0,10615,1.0,1,10.4
2025-09-04T10:51:09.974557,0,10615,1.0,1,11.2
2025-09-04T10:51:10.479933,0,10615,1.0,1,10.7
2025-09-04T10:51:10.985134,0,10615,1.0,1,10.9
2025-09-04T10:51:11.489791,0,10615,1.0,1,10.7
2025-09-04T10:51:11.994967,0,10615,1.0,1,10.2
2025-09-04T10:51:12.500124,0,10615,1.0,1,11.2
2025-09-04T10:51:13.005313,0,10615,1.0,1,10.7
2025-09-04T10:51:13.507768,0,10615,1.0,1,12.5
2025-09-04T10:51:14.012941,0,10615,1.0,1,11.3
2025-09-04T10:51:14.518198,0,10615,1.0,1,10.9
2025-09-04T10:51:15.019148,0,10615,1.0,1,11.1
2025-09-04T10:51:15.524430,0,10615,1.0,1,11.2
2025-09-04T10:51:16.029619,0,10615,1.0,1,9.7
2025-09-04T10:51:16.534816,0,10615,1.0,1,11.6
2025-09-04T10:51:17.035830,0,10615,1.0,1,10.8
2025-09-04T10:51:17.539727,0,10615,1.0,1,10.4
2025-09-04T10:51:18.044937,0,10615,1.0,1,10.7
2025-09-04T10:51:18.550119,0,10615,1.0,1,11.4
2025-09-04T10:51:19.052520,0,10615,1.0,1,10.3
2025-09-04T10:51:19.557838,0,10615,1.0,1,11.1
2025-09-04T10:51:20.063174,0,10615,1.0,1,14.4
2025-09-04T10:51:20.568708,0,10615,1.0,1,10.7
2025-09-04T10:51:21.070418,0,10615,1.0,1,14.5
2025-09-04T10:51:21.572325,0,10615,1.0,1,11.0
2025-09-04T10:51:22.077687,0,10615,1.0,1,10.0
2025-09-04T10:51:22.582870,0,10615,1.0,1,12.6
2025-09-04T10:51:23.088152,0,10615,1.0,1,11.2
2025-09-04T10:51:23.590425,0,10615,1.0,1,10.9
2025-09-04T10:51:24.095641,0,10615,1.0,1,11.2
2025-09-04T10:51:24.598354,0,10615,1.0,1,10.8
2025-09-04T10:51:25.103585,0,10615,1.0,1,10.9
2025-09-04T10:51:25.608905,0,10615,1.0,1,10.7
2025-09-04T10:51:26.114114,0,10615,1.0,1,11.1
2025-09-04T10:51:26.619365,0,10615,1.0,1,10.2
2025-09-04T10:51:27.124637,0,10615,1.0,1,10.9
2025-09-04T10:51:27.629796,0,10615,1.0,1,10.7
2025-09-04T10:51:28.130076,0,10615,1.0,1,11.5
2025-09-04T10:51:28.635377,0,10615,1.0,1,10.7
2025-09-04T10:51:29.139727,0,10615,1.0,1,14.2
2025-09-04T10:51:29.641067,0,10615,1.0,1,10.6
2025-09-04T10:51:30.146280,0,10615,1.0,1,11.2
2025-09-04T10:51:30.651538,0,10615,1.0,1,11.5
2025-09-04T10:51:31.156828,0,10615,1.0,1,11.0
2025-09-04T10:51:31.662147,0,10615,1.0,1,10.2
2025-09-04T10:51:32.167331,0,10615,1.0,1,10.5
2025-09-04T10:51:32.668958,0,10615,1.0,1,11.4
2025-09-04T10:51:33.173885,0,10615,1.0,1,10.3
2025-09-04T10:51:33.679104,0,10615,1.0,1,10.9
2025-09-04T10:51:34.184311,0,10615,1.0,1,10.5
2025-09-04T10:51:34.689522,0,10615,1.0,1,11.6
2025-09-04T10:51:35.194723,0,10615,1.0,1,11.1
2025-09-04T10:51:35.699901,0,10615,1.0,1,10.5
2025-09-04T10:51:36.205086,0,10615,1.0,1,11.6
2025-09-04T10:51:36.707042,0,10615,1.0,1,10.7
2025-09-04T10:51:37.212219,0,10615,1.0,1,12.1
2025-09-04T10:51:37.717402,0,10615,1.0,1,11.4
2025-09-04T10:51:38.222620,0,10615,1.0,1,10.8
2025-09-04T10:51:38.727819,0,10615,1.0,1,10.9
2025-09-04T10:51:39.232972,0,10615,1.0,1,11.5
2025-09-04T10:51:39.738165,0,10615,1.0,1,10.5
2025-09-04T10:51:40.238708,0,10615,1.0,1,11.2
2025-09-04T10:51:40.744012,0,10615,1.0,1,10.4
2025-09-04T10:51:41.244519,0,10615,1.0,1,10.8
2025-09-04T10:51:41.747025,0,10615,1.0,1,10.8
2025-09-04T10:51:42.252244,0,10615,1.0,1,10.9
2025-09-04T10:51:42.756976,0,10615,1.0,1,11.2
2025-09-04T10:51:43.262142,0,10615,1.0,1,10.2
2025-09-04T10:51:43.767338,0,10615,1.0,1,10.9
2025-09-04T10:51:44.272513,0,10615,1.0,1,10.7
2025-09-04T10:51:44.774196,0,10615,1.0,1,10.6
2025-09-04T10:51:45.279527,0,10615,1.0,1,11.2
2025-09-04T10:51:45.784790,0,10615,1.0,1,10.9
2025-09-04T10:51:46.285698,0,10615,1.0,1,11.4
2025-09-04T10:51:46.790972,0,10615,1.0,1,10.6
2025-09-04T10:51:47.296133,0,10615,1.0,1,11.1
2025-09-04T10:51:47.800867,0,10615,1.0,1,10.5
2025-09-04T10:51:48.301831,0,10615,1.0,1,10.8
2025-09-04T10:51:48.802315,0,10615,1.0,1,11.7
2025-09-04T10:51:49.304961,0,10615,1.0,1,10.4
2025-09-04T10:51:49.805908,0,10615,1.0,1,12.5
2025-09-04T10:51:50.311142,0,10615,1.0,1,13.7
2025-09-04T10:51:50.816639,0,10615,1.0,1,11.6
2025-09-04T10:51:51.321930,0,10615,1.0,1,12.0
2025-09-04T10:51:51.823860,0,10615,1.0,1,12.3
2025-09-04T10:51:52.329083,0,10615,1.0,1,12.8
2025-09-04T10:51:52.834378,0,10615,1.0,1,20.1
2025-09-04T10:51:53.339621,0,10615,1.0,1,10.9
2025-09-04T10:51:53.844343,0,10615,1.0,1,11.4
2025-09-04T10:51:54.349542,0,10615,1.0,1,10.9
2025-09-04T10:51:54.851458,0,10615,1.0,1,13.6
2025-09-04T10:51:55.355711,0,10615,1.0,1,18.7
2025-09-04T10:51:55.860910,0,10615,1.0,1,15.1
2025-09-04T10:51:56.366419,0,10615,1.0,1,25.8
2025-09-04T10:51:56.869433,0,10615,1.0,1,14.8
2025-09-04T10:51:57.375435,0,10615,1.0,1,18.8
2025-09-04T10:51:57.880728,0,10615,1.0,1,17.8
2025-09-04T10:51:58.384462,0,10615,1.0,1,18.8
2025-09-04T10:51:58.889358,0,10615,1.0,1,18.2
2025-09-04T10:51:59.390788,0,10615,1.0,1,20.2
2025-09-04T10:51:59.893750,0,10615,1.0,1,18.2
2025-09-04T10:52:00.399064,0,10615,1.0,1,19.2
2025-09-04T10:52:00.902709,0,10615,1.0,1,18.0
2025-09-04T10:52:01.410815,0,10615,1.0,1,17.3
2025-09-04T10:52:01.916064,0,10615,1.0,1,17.8
2025-09-04T10:52:02.421035,0,10615,1.0,1,17.4
2025-09-04T10:52:02.922016,0,10615,1.0,1,18.5
2025-09-04T10:52:03.426678,0,10615,1.0,1,18.2
2025-09-04T10:52:03.931959,0,10615,1.0,1,18.2
2025-09-04T10:52:04.437194,0,10615,1.0,1,18.1
2025-09-04T10:52:04.942319,0,10615,1.0,1,19.4
2025-09-04T10:52:05.443790,0,10615,1.0,1,18.0
2025-09-04T10:52:05.949071,0,10615,1.0,1,17.5
2025-09-04T10:52:06.449541,0,10615,1.0,1,18.9
2025-09-04T10:52:06.953509,0,10615,1.0,1,18.7
2025-09-04T10:52:07.456299,0,10615,1.0,1,19.0
2025-09-04T10:52:07.962323,0,10615,1.0,1,14.7
2025-09-04T10:52:08.467561,0,10615,1.0,1,37.7
2025-09-04T10:52:08.970507,0,10615,1.0,1,12.8
2025-09-04T10:52:09.475786,0,10615,1.0,1,11.0
2025-09-04T10:52:09.981015,0,10615,1.0,1,11.3
2025-09-04T10:52:10.485503,0,10615,1.0,1,8.2
2025-09-04T10:52:10.990761,0,10615,1.0,1,17.2
2025-09-04T10:52:11.494611,0,10615,1.0,1,17.2
2025-09-04T10:52:11.999849,0,10615,1.0,1,11.7
2025-09-04T10:52:12.505170,0,10615,1.0,1,7.2
2025-09-04T10:52:13.010428,0,10615,1.0,1,10.6
2025-09-04T10:52:13.515698,0,10615,1.0,1,9.2
2025-09-04T10:52:14.020350,0,10615,1.0,1,19.5
2025-09-04T10:52:14.522308,0,10615,1.0,1,10.6
2025-09-04T10:52:15.024927,0,10615,1.0,1,14.0
2025-09-04T10:52:15.530254,0,10615,1.0,1,10.4
2025-09-04T10:52:16.034404,0,10615,1.0,1,12.1
2025-09-04T10:52:16.539667,0,10615,1.0,1,20.2
2025-09-04T10:52:17.044995,0,10615,1.0,1,18.2
2025-09-04T10:52:17.550257,0,10615,1.0,1,10.2
2025-09-04T10:52:18.054350,0,10615,1.0,1,13.7
2025-09-04T10:52:18.559365,0,10615,1.0,1,9.5
2025-09-04T10:52:19.064570,0,10615,1.0,1,14.3
2025-09-04T10:52:19.568799,0,10615,1.0,1,15.0
2025-09-04T10:52:20.074059,0,10615,1.0,1,19.7
2025-09-04T10:52:20.579434,0,10615,1.0,1,14.2
2025-09-04T10:52:21.084734,0,10615,1.0,1,18.4
2025-09-04T10:52:21.586835,0,10615,1.0,1,14.8
2025-09-04T10:52:22.092049,0,10615,1.0,1,17.7
2025-09-04T10:52:22.594703,0,10615,1.0,1,15.0
2025-09-04T10:52:23.099926,0,10615,1.0,1,14.1
2025-09-04T10:52:23.604125,0,10615,1.0,1,23.6
2025-09-04T10:52:24.104577,0,10615,1.0,1,21.2
2025-09-04T10:52:24.609822,0,10615,1.0,1,15.0
2025-09-04T10:52:25.115025,0,10615,1.0,1,14.4
2025-09-04T10:52:25.618014,0,10615,1.0,1,15.0
2025-09-04T10:52:26.123380,0,10615,1.0,1,33.6
2025-09-04T10:52:26.629089,0,10615,1.0,1,27.3
2025-09-04T10:52:27.140315,0,10615,1.0,1,28.8
2025-09-04T10:52:27.647424,0,10615,1.0,1,38.3
2025-09-04T10:52:28.149147,0,10615,1.0,1,33.3
2025-09-04T10:52:28.652032,0,10615,1.0,1,15.8
2025-09-04T10:52:29.157257,0,10615,1.0,1,17.2
2025-09-04T10:52:29.662456,0,10615,1.0,1,14.6
2025-09-04T10:52:30.167685,0,10615,1.0,1,16.6
2025-09-04T10:52:30.670363,0,10615,1.0,1,15.2
2025-09-04T10:52:31.175574,0,10615,1.0,1,14.7
2025-09-04T10:52:31.680803,0,10615,1.0,1,15.0
2025-09-04T10:52:32.186016,0,10615,1.0,1,15.1
2025-09-04T10:52:32.691267,0,10615,1.0,1,17.9
2025-09-04T10:52:33.196576,0,10615,1.0,1,16.3
2025-09-04T10:52:33.701767,0,10615,1.0,1,15.1
2025-09-04T10:52:34.204662,0,10615,1.0,1,22.6
2025-09-04T10:52:34.709919,0,10615,1.0,1,16.2
2025-09-04T10:52:35.215208,0,10615,1.0,1,13.2
2025-09-04T10:52:35.718749,0,10615,1.0,1,14.1
2025-09-04T10:52:36.221669,0,10615,1.0,1,15.8
2025-09-04T10:52:36.726942,0,10615,1.0,1,15.1
2025-09-04T10:52:37.232144,0,10615,1.0,1,14.4
2025-09-04T10:52:37.737390,0,10615,1.0,1,15.8
2025-09-04T10:52:38.238782,0,10615,1.0,1,14.0
2025-09-04T10:52:38.744088,0,10615,1.0,1,14.3
2025-09-04T10:52:39.249316,0,10615,1.0,1,15.1
2025-09-04T10:52:39.754584,0,10615,1.0,1,15.2
2025-09-04T10:52:40.259816,0,10615,1.0,1,14.4
2025-09-04T10:52:40.765028,0,10615,1.0,1,14.4
2025-09-04T10:52:41.266744,0,10615,1.0,1,15.6
2025-09-04T10:52:41.772015,0,10615,1.0,1,13.5
2025-09-04T10:52:42.277399,0,10615,1.0,1,15.9
2025-09-04T10:52:42.782608,0,10615,1.0,1,27.4
2025-09-04T10:52:43.287840,0,10615,1.0,1,41.8
2025-09-04T10:52:43.793170,0,10615,1.0,1,31.4
2025-09-04T10:52:44.298458,0,10615,1.0,1,15.8
2025-09-04T10:52:44.803707,0,10615,1.0,1,15.1
2025-09-04T10:52:45.307152,0,10615,1.0,1,15.8
2025-09-04T10:52:45.812397,0,10615,1.0,1,16.3
2025-09-04T10:52:46.317610,0,10615,1.0,1,15.7
2025-09-04T10:52:46.822922,0,10615,1.0,1,15.1
2025-09-04T10:52:47.328158,0,10615,1.0,1,15.0
2025-09-04T10:52:47.833382,0,10615,1.0,1,20.3
2025-09-04T10:52:48.338640,0,10615,1.0,1,13.5
2025-09-04T10:52:48.843871,0,10615,1.0,1,15.4
2025-09-04T10:52:49.349080,0,10615,1.0,1,13.8
2025-09-04T10:52:49.852153,0,10615,1.0,1,19.0
2025-09-04T10:52:50.357493,0,10615,1.0,1,31.8
2025-09-04T10:52:50.863387,0,10615,1.0,1,14.1
2025-09-04T10:52:51.368704,0,10615,1.0,1,12.0
2025-09-04T10:52:51.870305,0,10615,1.0,1,15.7
2025-09-04T10:52:52.375630,0,10615,1.0,1,13.1
2025-09-04T10:52:52.880902,0,10615,1.0,1,17.4
2025-09-04T10:52:53.385267,0,10615,1.0,1,16.0
2025-09-04T10:52:53.889245,0,10615,1.0,1,6.2
2025-09-04T10:52:54.390322,0,10615,1.0,1,10.8
2025-09-04T10:52:54.895549,0,10615,1.0,1,11.2
2025-09-04T10:52:55.400755,0,10615,1.0,1,10.7
2025-09-04T10:52:55.901877,0,10615,1.0,1,12.0
2025-09-04T10:52:56.407131,0,10615,1.0,1,10.9
2025-09-04T10:52:56.912359,0,10615,1.0,1,14.9
2025-09-04T10:52:57.417560,0,10615,1.0,1,14.1
2025-09-04T10:52:57.922872,0,10615,1.0,1,12.2
2025-09-04T10:52:58.426347,0,10615,1.0,1,10.3
2025-09-04T10:52:58.931548,0,10615,1.0,1,20.3
2025-09-04T10:52:59.435214,0,10615,1.0,1,60.3
2025-09-04T10:52:59.937588,0,10615,1.0,1,51.0
2025-09-04T10:53:00.442811,0,10615,1.0,1,40.5
2025-09-04T10:53:00.946449,0,10615,1.0,1,33.0
2025-09-04T10:53:01.451752,0,10615,1.0,1,20.3
2025-09-04T10:53:01.955797,0,10615,1.0,1,27.4
2025-09-04T10:53:02.461029,0,10615,1.0,1,28.3
2025-09-04T10:53:02.966316,0,10615,1.0,1,23.6
2025-09-04T10:53:03.471558,0,10615,1.0,1,28.1
2025-09-04T10:53:03.976874,0,10615,1.0,1,29.1
2025-09-04T10:53:04.480025,0,10615,1.0,1,18.9
2025-09-04T10:53:04.985623,0,10615,1.0,1,14.9
2025-09-04T10:53:05.486228,0,10615,1.0,1,21.3
2025-09-04T10:53:05.991479,0,10615,1.0,1,33.0
2025-09-04T10:53:06.496751,0,10615,1.0,1,13.1
2025-09-04T10:53:07.002064,0,10615,1.0,1,16.0
2025-09-04T10:53:07.503026,0,10615,1.0,1,11.0
2025-09-04T10:53:08.007238,0,10615,1.0,1,8.3
2025-09-04T10:53:08.512489,0,10615,1.0,1,11.7
2025-09-04T10:53:09.017719,0,10615,1.0,1,7.1
2025-09-04T10:53:09.519864,0,10615,1.0,1,11.6
2025-09-04T10:53:10.025205,0,10615,1.0,1,6.7
2025-09-04T10:53:10.527415,0,10615,1.0,1,10.7
2025-09-04T10:53:11.031496,0,10615,1.0,1,10.0
2025-09-04T10:53:11.533717,0,10615,1.0,1,11.0
2025-09-04T10:53:12.035215,0,10615,1.0,1,11.5
2025-09-04T10:53:12.540669,0,10615,1.0,1,7.4
2025-09-04T10:53:13.045883,0,10615,1.0,1,13.7
2025-09-04T10:53:13.551188,0,10615,1.0,1,4.5
2025-09-04T10:53:14.051559,0,10615,1.0,1,3.0
2025-09-04T10:53:14.556730,0,10615,1.0,1,10.7
2025-09-04T10:53:15.062026,0,10615,1.0,1,16.2
2025-09-04T10:53:15.567183,0,10615,1.0,1,15.5
2025-09-04T10:53:16.072301,0,10615,1.0,1,14.6
2025-09-04T10:53:16.575012,0,10615,1.0,1,14.7
2025-09-04T10:53:17.080173,0,10615,1.0,1,26.5
2025-09-04T10:53:17.585411,0,10615,1.0,1,13.8
2025-09-04T10:53:18.086866,0,10615,1.0,1,15.0
2025-09-04T10:53:18.590301,0,10615,1.0,1,16.5
2025-09-04T10:53:19.095557,0,10615,1.0,1,15.1
2025-09-04T10:53:19.600753,0,10615,1.0,1,15.6
2025-09-04T10:53:20.105577,0,10615,1.0,1,20.0
2025-09-04T10:53:20.611459,0,10615,1.0,1,20.4
2025-09-04T10:53:21.116678,0,10615,1.0,1,24.8
2025-09-04T10:53:21.622000,0,10615,1.0,1,17.9
2025-09-04T10:53:22.127275,0,10615,1.0,1,24.6
2025-09-04T10:53:22.632433,0,10615,1.0,1,18.3
2025-09-04T10:53:23.137449,0,10615,1.0,1,19.6
2025-09-04T10:53:23.642754,0,10615,1.0,1,16.5
2025-09-04T10:53:24.147239,0,10615,1.0,1,20.7
2025-09-04T10:53:24.651581,0,10615,1.0,1,20.2
2025-09-04T10:53:25.156926,0,10615,1.0,1,9.3
2025-09-04T10:53:25.659043,0,10615,1.0,1,11.9
