timestamp,interval_count,total_count,queue_size,max_queue_size,cpu_percent
2025-08-28T13:19:57.142225,20,20,1.7,5,0.0
2025-08-28T13:19:57.642630,180,200,1.8777777777777778,9,16.5
2025-08-28T13:19:58.142866,74,274,3.7972972972972974,10,10.8
2025-08-28T13:19:58.643054,91,365,3.791208791208791,10,12.5
2025-08-28T13:19:59.143276,59,424,3.2542372881355934,10,10.9
2025-08-28T13:19:59.643455,64,488,3.28125,10,12.6
2025-08-28T13:20:00.143743,16,504,4.4375,10,10.6
2025-08-28T13:20:00.643987,10,514,3.1,10,11.3
2025-08-28T13:20:01.144270,41,555,2.707317073170732,10,12.1
2025-08-28T13:20:01.644526,10,565,1.6,10,10.1
2025-08-28T13:20:02.144780,0,565,1.0,10,10.8
2025-08-28T13:20:02.645138,0,565,1.0,10,9.6
2025-08-28T13:20:03.145463,63,628,2.507936507936508,10,12.9
2025-08-28T13:20:03.645795,10,638,1.0,10,9.2
2025-08-28T13:20:04.146113,0,638,1.0,10,9.3
2025-08-28T13:20:04.646384,0,638,1.0,10,11.2
2025-08-28T13:20:05.146687,0,638,1.0,10,9.7
2025-08-28T13:20:05.646970,0,638,1.0,10,9.1
2025-08-28T13:20:06.147280,0,638,1.0,10,11.1
2025-08-28T13:20:06.647558,24,662,3.375,10,11.5
2025-08-28T13:20:07.147971,30,692,2.7666666666666666,10,10.7
2025-08-28T13:20:07.648269,97,789,3.7938144329896906,10,12.2
2025-08-28T13:20:08.148489,0,789,9.0,10,9.5
2025-08-28T13:20:08.648719,17,806,4.352941176470588,10,11.2
2025-08-28T13:20:09.149052,30,836,3.4,10,10.4
2025-08-28T13:20:09.649319,1,837,1.0,10,10.7
2025-08-28T13:20:10.149619,60,897,3.5166666666666666,10,12.6
2025-08-28T13:20:10.649918,10,907,2.5,10,9.2
2025-08-28T13:20:11.150231,0,907,6.0,10,11.9
2025-08-28T13:20:11.650533,38,945,4.421052631578948,10,11.7
2025-08-28T13:20:12.150871,0,945,9.0,10,11.1
2025-08-28T13:20:12.651177,10,955,4.6,10,9.6
2025-08-28T13:20:13.151463,0,955,9.0,10,9.3
2025-08-28T13:20:13.651721,0,955,9.0,10,11.2
2025-08-28T13:20:14.152057,0,955,9.0,10,9.0
2025-08-28T13:20:14.652319,0,955,9.0,10,9.0
2025-08-28T13:20:15.152629,0,955,9.0,10,11.0
2025-08-28T13:20:15.652889,0,955,9.0,10,9.4
2025-08-28T13:20:16.153261,29,984,1.8275862068965518,10,11.0
2025-08-28T13:20:16.653559,114,1098,3.491228070175439,10,12.8
2025-08-28T13:20:17.153870,0,1098,1.0,10,9.5
2025-08-28T13:20:17.654147,0,1098,1.0,10,9.2
2025-08-28T13:20:18.154510,0,1098,1.0,10,10.6
2025-08-28T13:20:18.654772,23,1121,2.6956521739130435,10,9.9
2025-08-28T13:20:19.155160,10,1131,2.5,10,11.3
2025-08-28T13:20:19.655420,0,1131,1.0,10,9.3
2025-08-28T13:20:20.155730,0,1131,1.0,10,9.7
2025-08-28T13:20:20.656103,0,1131,1.0,10,10.9
2025-08-28T13:20:21.156397,0,1131,1.0,10,9.2
2025-08-28T13:20:21.656783,0,1131,1.0,10,9.4
2025-08-28T13:20:22.157051,0,1131,1.0,10,10.8
2025-08-28T13:20:22.657243,0,1131,1.0,10,9.2
2025-08-28T13:20:23.157475,0,1131,1.0,10,9.5
2025-08-28T13:20:23.657703,0,1131,1.0,10,11.2
2025-08-28T13:20:24.157937,0,1131,1.0,10,9.5
2025-08-28T13:20:24.658096,0,1131,1.0,10,9.2
2025-08-28T13:20:25.158315,0,1131,1.0,10,11.3
2025-08-28T13:20:25.658547,0,1131,1.0,10,9.4
2025-08-28T13:20:26.158773,10,1141,1.2,10,11.0
2025-08-28T13:20:26.665497,20,1161,1.2,10,15.4
2025-08-28T13:20:27.167338,10,1171,1.8666666666666667,10,11.2
2025-08-28T13:20:27.667603,44,1215,2.022727272727273,10,11.8
2025-08-28T13:20:28.167871,40,1255,2.7,10,10.3
2025-08-28T13:20:28.668265,40,1295,2.3,10,10.7
2025-08-28T13:20:29.168506,0,1295,7.0,10,11.3
2025-08-28T13:20:29.668730,0,1295,7.0,10,8.9
2025-08-28T13:20:30.169028,0,1295,7.0,10,9.1
2025-08-28T13:20:30.669287,0,1295,7.0,10,10.3
2025-08-28T13:20:31.169555,0,1295,7.0,10,8.8
2025-08-28T13:20:31.669793,0,1295,7.0,10,8.7
2025-08-28T13:20:32.170028,0,1295,7.0,10,9.3
2025-08-28T13:20:32.670248,0,1295,7.0,10,10.9
2025-08-28T13:20:33.170474,0,1295,7.0,10,9.3
2025-08-28T13:20:33.670779,0,1295,7.0,10,10.4
2025-08-28T13:20:34.171030,0,1295,7.0,10,9.9
2025-08-28T13:20:34.671262,0,1295,7.0,10,8.9
2025-08-28T13:20:35.171562,0,1295,7.0,10,10.8
2025-08-28T13:20:35.671778,0,1295,7.0,10,9.4
2025-08-28T13:20:36.171970,10,1305,4.6,10,9.6
2025-08-28T13:20:36.672167,20,1325,3.85,10,12.4
2025-08-28T13:20:37.172453,20,1345,1.7,10,12.9
2025-08-28T13:20:37.672700,0,1345,2.0,10,10.4
2025-08-28T13:20:38.172959,0,1345,2.0,10,11.1
2025-08-28T13:20:38.673309,42,1387,3.261904761904762,10,10.9
2025-08-28T13:20:39.173672,35,1422,2.1714285714285713,10,11.4
2025-08-28T13:20:39.673974,30,1452,1.3,10,11.9
2025-08-28T13:20:40.174311,0,1452,1.0,10,11.4
2025-08-28T13:20:40.674593,11,1463,1.2727272727272727,10,9.8
2025-08-28T13:20:41.174911,10,1473,1.3,10,10.2
2025-08-28T13:20:41.675247,0,1473,3.0,10,10.9
2025-08-28T13:20:42.175515,0,1473,3.0,10,8.8
2025-08-28T13:20:42.675730,0,1473,3.0,10,11.0
2025-08-28T13:20:43.176002,0,1473,3.0,10,9.1
2025-08-28T13:20:43.676308,0,1473,3.0,10,8.4
2025-08-28T13:20:44.176544,0,1473,3.0,10,11.0
2025-08-28T13:20:44.676795,0,1473,3.0,10,8.8
2025-08-28T13:20:45.177071,0,1473,3.0,10,9.3
2025-08-28T13:20:45.677263,0,1473,3.0,10,9.3
2025-08-28T13:20:46.177506,0,1473,3.0,10,10.8
2025-08-28T13:20:46.677767,0,1473,3.0,10,9.6
2025-08-28T13:20:47.178022,0,1473,3.0,10,9.5
2025-08-28T13:20:47.678236,0,1473,3.0,10,10.9
2025-08-28T13:20:48.178460,0,1473,3.0,10,9.8
2025-08-28T13:20:48.678689,0,1473,3.0,10,9.2
2025-08-28T13:20:49.178934,0,1473,3.0,10,10.7
2025-08-28T13:20:49.679100,0,1473,3.0,10,9.5
2025-08-28T13:20:50.179367,0,1473,3.0,10,9.1
2025-08-28T13:20:50.679645,0,1473,3.0,10,10.9
2025-08-28T13:20:51.179921,0,1473,3.0,10,9.6
2025-08-28T13:20:51.680138,0,1473,3.0,10,9.6
2025-08-28T13:20:52.180379,0,1473,3.0,10,10.6
2025-08-28T13:20:52.680644,0,1473,3.0,10,9.2
2025-08-28T13:20:53.180904,0,1473,3.0,10,9.8
2025-08-28T13:20:53.681101,0,1473,3.0,10,10.6
2025-08-28T13:20:54.181314,0,1473,3.0,10,9.0
2025-08-28T13:20:54.681538,0,1473,3.0,10,9.2
2025-08-28T13:20:55.181769,0,1473,3.0,10,9.3
2025-08-28T13:20:55.682033,0,1473,3.0,10,11.6
2025-08-28T13:20:56.182251,0,1473,3.0,10,9.5
2025-08-28T13:20:56.682455,0,1473,3.0,10,9.1
2025-08-28T13:20:57.182683,0,1473,3.0,10,11.2
2025-08-28T13:20:57.682918,0,1473,3.0,10,8.7
2025-08-28T13:20:58.183145,0,1473,3.0,10,8.5
2025-08-28T13:20:58.683360,0,1473,3.0,10,10.9
2025-08-28T13:20:59.183586,0,1473,3.0,10,9.7
2025-08-28T13:20:59.683819,0,1473,3.0,10,8.6
2025-08-28T13:21:00.184075,0,1473,3.0,10,11.0
2025-08-28T13:21:00.684292,0,1473,3.0,10,9.1
2025-08-28T13:21:01.184545,0,1473,3.0,10,9.1
2025-08-28T13:21:01.684793,0,1473,3.0,10,10.8
2025-08-28T13:21:02.185051,0,1473,3.0,10,9.2
2025-08-28T13:21:02.685283,0,1473,3.0,10,9.5
2025-08-28T13:21:03.185472,0,1473,3.0,10,9.4
2025-08-28T13:21:03.685708,0,1473,3.0,10,11.1
2025-08-28T13:21:04.185979,0,1473,3.0,10,9.4
2025-08-28T13:21:04.686263,0,1473,3.0,10,8.9
2025-08-28T13:21:05.186524,0,1473,3.0,10,10.5
2025-08-28T13:21:05.686750,0,1473,3.0,10,9.3
2025-08-28T13:21:06.187006,0,1473,3.0,10,8.8
2025-08-28T13:21:06.687198,0,1473,3.0,10,10.8
2025-08-28T13:21:07.187407,0,1473,3.0,10,9.1
2025-08-28T13:21:07.687636,0,1473,3.0,10,10.1
2025-08-28T13:21:08.187866,0,1473,3.0,10,10.6
2025-08-28T13:21:08.688119,0,1473,3.0,10,8.9
2025-08-28T13:21:09.188352,0,1473,3.0,10,9.2
2025-08-28T13:21:09.688748,20,1493,4.65,10,11.4
2025-08-28T13:21:10.205508,30,1523,1.76,10,11.1
2025-08-28T13:21:10.706199,0,1523,1.0,10,12.4
2025-08-28T13:21:11.206423,0,1523,1.0,10,10.7
2025-08-28T13:21:11.706723,0,1523,1.0,10,10.3
2025-08-28T13:21:12.207049,0,1523,1.0,10,12.0
2025-08-28T13:21:12.707342,166,1689,2.855421686746988,10,11.1
2025-08-28T13:21:13.207629,30,1719,2.1,10,10.7
2025-08-28T13:21:13.707936,0,1719,6.0,10,11.0
2025-08-28T13:21:14.208203,0,1719,6.0,10,9.9
2025-08-28T13:21:14.708508,0,1719,6.0,10,10.5
2025-08-28T13:21:15.208858,0,1719,6.0,10,11.3
2025-08-28T13:21:15.709259,0,1719,6.0,10,9.0
2025-08-28T13:21:16.209665,0,1719,6.0,10,9.1
2025-08-28T13:21:16.709956,0,1719,6.0,10,10.4
2025-08-28T13:21:17.210188,0,1719,6.0,10,8.9
2025-08-28T13:21:17.710423,0,1719,6.0,10,11.8
2025-08-28T13:21:18.210652,0,1719,6.0,10,9.8
2025-08-28T13:21:18.710900,0,1719,6.0,10,12.1
2025-08-28T13:21:19.211132,0,1719,6.0,10,9.9
2025-08-28T13:21:19.711371,0,1719,6.0,10,9.6
2025-08-28T13:21:20.211600,0,1719,6.0,10,11.1
2025-08-28T13:21:20.711816,0,1719,6.0,10,8.4
2025-08-28T13:21:21.212066,0,1719,6.0,10,9.1
2025-08-28T13:21:21.712282,0,1719,6.0,10,11.3
2025-08-28T13:21:22.212556,0,1719,6.0,10,9.4
2025-08-28T13:21:22.712796,0,1719,6.0,10,11.1
2025-08-28T13:21:23.213055,0,1719,6.0,10,9.6
2025-08-28T13:21:23.713281,0,1719,6.0,10,9.5
2025-08-28T13:21:24.213506,0,1719,6.0,10,9.5
2025-08-28T13:21:24.713739,0,1719,6.0,10,10.2
2025-08-28T13:21:25.214047,0,1719,6.0,10,8.6
2025-08-28T13:21:25.714318,0,1719,6.0,10,8.6
2025-08-28T13:21:26.214554,0,1719,6.0,10,10.6
2025-08-28T13:21:26.714782,0,1719,6.0,10,9.2
2025-08-28T13:21:27.215021,0,1719,6.0,10,9.2
2025-08-28T13:21:27.715268,0,1719,6.0,10,8.9
2025-08-28T13:21:28.215511,0,1719,6.0,10,10.1
2025-08-28T13:21:28.715734,0,1719,6.0,10,9.4
2025-08-28T13:21:29.215951,0,1719,6.0,10,9.6
2025-08-28T13:21:29.716140,0,1719,6.0,10,11.2
2025-08-28T13:21:30.216365,0,1719,6.0,10,9.2
2025-08-28T13:21:30.716608,0,1719,6.0,10,8.7
2025-08-28T13:21:31.216944,0,1719,6.0,10,10.7
2025-08-28T13:21:31.717173,0,1719,6.0,10,8.0
2025-08-28T13:21:32.217385,0,1719,6.0,10,9.5
2025-08-28T13:21:32.717593,0,1719,6.0,10,11.0
2025-08-28T13:21:33.217829,0,1719,6.0,10,11.2
2025-08-28T13:21:33.718097,0,1719,6.0,10,9.3
2025-08-28T13:21:34.218346,0,1719,6.0,10,9.9
2025-08-28T13:21:34.718644,0,1719,6.0,10,11.0
2025-08-28T13:21:35.218903,0,1719,6.0,10,10.3
2025-08-28T13:21:35.719177,0,1719,6.0,10,9.4
2025-08-28T13:21:36.219399,0,1719,6.0,10,10.9
2025-08-28T13:21:36.719686,0,1719,6.0,10,9.4
2025-08-28T13:21:37.219908,0,1719,6.0,10,9.4
2025-08-28T13:21:37.720246,0,1719,6.0,10,9.2
2025-08-28T13:21:38.220562,0,1719,6.0,10,11.4
2025-08-28T13:21:38.720881,0,1719,6.0,10,9.1
2025-08-28T13:21:39.221164,0,1719,6.0,10,10.5
2025-08-28T13:21:39.721408,0,1719,6.0,10,9.7
2025-08-28T13:21:40.221636,0,1719,6.0,10,10.1
2025-08-28T13:21:40.721875,0,1719,6.0,10,10.9
2025-08-28T13:21:41.222100,0,1719,6.0,10,8.9
2025-08-28T13:21:41.722329,0,1719,6.0,10,9.3
2025-08-28T13:21:42.222540,0,1719,6.0,10,9.1
2025-08-28T13:21:42.722756,0,1719,6.0,10,10.8
2025-08-28T13:21:43.222979,0,1719,6.0,10,11.9
2025-08-28T13:21:43.723229,0,1719,6.0,10,9.3
2025-08-28T13:21:44.223448,0,1719,6.0,10,9.3
2025-08-28T13:21:44.723739,0,1719,6.0,10,10.6
2025-08-28T13:21:45.223959,0,1719,6.0,10,9.2
2025-08-28T13:21:45.724270,0,1719,6.0,10,9.3
2025-08-28T13:21:46.224496,0,1719,6.0,10,10.5
2025-08-28T13:21:46.724711,0,1719,6.0,10,8.7
2025-08-28T13:21:47.224943,0,1719,6.0,10,9.4
2025-08-28T13:21:47.725103,0,1719,6.0,10,10.8
2025-08-28T13:21:48.225402,0,1719,6.0,10,11.4
2025-08-28T13:21:48.725628,0,1719,6.0,10,9.1
2025-08-28T13:21:49.225857,0,1719,6.0,10,9.1
2025-08-28T13:21:49.726099,0,1719,6.0,10,10.7
2025-08-28T13:21:50.226374,0,1719,6.0,10,9.6
2025-08-28T13:21:50.726691,0,1719,6.0,10,9.3
2025-08-28T13:21:51.226916,0,1719,6.0,10,10.9
2025-08-28T13:21:51.727158,0,1719,6.0,10,8.9
2025-08-28T13:21:52.227375,0,1719,6.0,10,10.3
2025-08-28T13:21:52.727586,0,1719,6.0,10,9.0
2025-08-28T13:21:53.227878,0,1719,6.0,10,8.9
2025-08-28T13:21:53.728106,0,1719,6.0,10,11.1
2025-08-28T13:21:54.228322,0,1719,6.0,10,8.6
2025-08-28T13:21:54.728547,0,1719,6.0,10,8.9
2025-08-28T13:21:55.228775,0,1719,6.0,10,9.1
2025-08-28T13:21:55.729034,0,1719,6.0,10,11.1
2025-08-28T13:21:56.229254,0,1719,6.0,10,9.0
2025-08-28T13:21:56.729462,0,1719,6.0,10,11.0
2025-08-28T13:21:57.229691,0,1719,6.0,10,9.4
2025-08-28T13:21:57.729924,0,1719,6.0,10,9.0
2025-08-28T13:21:58.230161,0,1719,6.0,10,10.7
2025-08-28T13:21:58.730373,0,1719,6.0,10,9.2
2025-08-28T13:21:59.230587,0,1719,6.0,10,8.9
2025-08-28T13:21:59.730819,0,1719,6.0,10,9.1
2025-08-28T13:22:00.231096,0,1719,6.0,10,11.0
2025-08-28T13:22:00.731360,0,1719,6.0,10,8.7
2025-08-28T13:22:01.231566,0,1719,6.0,10,7.8
2025-08-28T13:22:01.731809,0,1719,6.0,10,9.1
2025-08-28T13:22:02.232068,0,1719,6.0,10,10.2
2025-08-28T13:22:02.732293,0,1719,6.0,10,9.1
2025-08-28T13:22:03.232500,0,1719,6.0,10,9.4
2025-08-28T13:22:03.732722,0,1719,6.0,10,10.1
2025-08-28T13:22:04.232924,0,1719,6.0,10,8.7
2025-08-28T13:22:04.733121,0,1719,6.0,10,8.9
2025-08-28T13:22:05.233322,0,1719,6.0,10,10.6
2025-08-28T13:22:05.733527,0,1719,6.0,10,8.9
2025-08-28T13:22:06.233753,0,1719,6.0,10,8.8
2025-08-28T13:22:06.734009,0,1719,6.0,10,10.3
2025-08-28T13:22:07.234215,0,1719,6.0,10,8.8
2025-08-28T13:22:07.734523,0,1719,6.0,10,9.1
2025-08-28T13:22:08.234808,0,1719,6.0,10,8.9
2025-08-28T13:22:08.735025,0,1719,6.0,10,10.3
2025-08-28T13:22:09.235235,0,1719,6.0,10,8.8
2025-08-28T13:22:09.735437,0,1719,6.0,10,9.3
2025-08-28T13:22:10.235687,0,1719,6.0,10,10.8
2025-08-28T13:22:10.735903,0,1719,6.0,10,8.6
2025-08-28T13:22:11.236122,0,1719,6.0,10,8.6
2025-08-28T13:22:11.736335,0,1719,6.0,10,10.6
2025-08-28T13:22:12.236556,0,1719,6.0,10,8.5
2025-08-28T13:22:12.736790,0,1719,6.0,10,9.2
2025-08-28T13:22:13.237007,0,1719,6.0,10,8.5
2025-08-28T13:22:13.737232,0,1719,6.0,10,10.9
2025-08-28T13:22:14.237445,0,1719,6.0,10,8.9
2025-08-28T13:22:14.737653,0,1719,6.0,10,9.1
2025-08-28T13:22:15.237897,0,1719,6.0,10,10.7
2025-08-28T13:22:15.740082,0,1719,6.0,10,7.9
2025-08-28T13:22:16.240310,0,1719,6.0,10,7.8
2025-08-28T13:22:16.740581,0,1719,6.0,10,9.3
2025-08-28T13:22:17.240801,0,1719,6.0,10,10.4
2025-08-28T13:22:17.741030,0,1719,6.0,10,9.1
2025-08-28T13:22:18.241254,0,1719,6.0,10,9.0
2025-08-28T13:22:18.741596,0,1719,6.0,10,9.1
2025-08-28T13:22:19.241889,0,1719,6.0,10,10.6
2025-08-28T13:22:19.742151,0,1719,6.0,10,9.5
2025-08-28T13:22:20.242386,0,1719,6.0,10,8.8
2025-08-28T13:22:20.742622,0,1719,6.0,10,10.5
2025-08-28T13:22:21.242841,0,1719,6.0,10,8.8
2025-08-28T13:22:21.743059,0,1719,6.0,10,9.1
2025-08-28T13:22:22.243275,0,1719,6.0,10,10.6
2025-08-28T13:22:22.743528,0,1719,6.0,10,9.2
2025-08-28T13:22:23.243750,0,1719,6.0,10,9.1
2025-08-28T13:22:23.743965,0,1719,6.0,10,10.5
2025-08-28T13:22:24.244187,0,1719,6.0,10,9.1
2025-08-28T13:22:24.744464,0,1719,6.0,10,9.1
2025-08-28T13:22:25.244693,0,1719,6.0,10,9.2
2025-08-28T13:22:25.744917,0,1719,6.0,10,10.9
2025-08-28T13:22:26.245137,0,1719,6.0,10,9.1
2025-08-28T13:22:26.745358,0,1719,6.0,10,9.1
2025-08-28T13:22:27.245571,0,1719,6.0,10,10.8
2025-08-28T13:22:27.745788,0,1719,6.0,10,8.9
2025-08-28T13:22:28.246103,0,1719,6.0,10,8.9
2025-08-28T13:22:28.746328,0,1719,6.0,10,10.7
2025-08-28T13:22:29.246544,0,1719,6.0,10,8.9
2025-08-28T13:22:29.746742,0,1719,6.0,10,9.1
2025-08-28T13:22:30.246964,0,1719,6.0,10,10.7
2025-08-28T13:22:30.747204,0,1719,6.0,10,9.0
2025-08-28T13:22:31.247407,0,1719,6.0,10,9.3
2025-08-28T13:22:31.747617,41,1760,3.5609756097560976,10,12.5
2025-08-28T13:22:32.247837,0,1760,1.0,10,10.0
2025-08-28T13:22:32.748076,0,1760,1.0,10,10.1
2025-08-28T13:22:33.248342,0,1760,1.0,10,11.5
2025-08-28T13:22:33.748566,0,1760,1.0,10,10.2
2025-08-28T13:22:34.248831,0,1760,1.0,10,10.3
2025-08-28T13:22:34.749067,0,1760,1.0,10,11.9
2025-08-28T13:22:35.249279,0,1760,1.0,10,10.0
2025-08-28T13:22:35.749492,0,1760,1.0,10,10.3
2025-08-28T13:22:36.249718,0,1760,1.0,10,11.7
2025-08-28T13:22:36.749936,0,1760,1.0,10,10.3
2025-08-28T13:22:37.250123,0,1760,1.0,10,10.5
2025-08-28T13:22:37.750359,0,1760,1.0,10,12.0
2025-08-28T13:22:38.250570,0,1760,1.0,10,10.4
2025-08-28T13:22:38.750848,81,1841,3.049382716049383,10,12.9
2025-08-28T13:22:39.251115,0,1841,10.0,10,10.0
2025-08-28T13:22:39.751330,93,1934,3.236559139784946,10,10.6
2025-08-28T13:22:40.251544,0,1934,2.0,10,11.2
2025-08-28T13:22:40.751740,0,1934,2.0,10,9.0
2025-08-28T13:22:41.252015,0,1934,2.0,10,8.5
2025-08-28T13:22:41.752228,0,1934,2.0,10,9.8
2025-08-28T13:22:42.252436,0,1934,2.0,10,9.4
2025-08-28T13:22:42.752643,0,1934,2.0,10,9.2
2025-08-28T13:22:43.252918,0,1934,2.0,10,11.3
2025-08-28T13:22:43.753225,0,1934,2.0,10,10.2
2025-08-28T13:22:44.253490,0,1934,2.0,10,10.7
2025-08-28T13:22:44.753838,0,1934,2.0,10,10.6
2025-08-28T13:22:45.254142,0,1934,2.0,10,10.0
2025-08-28T13:22:45.754419,0,1934,2.0,10,9.2
2025-08-28T13:22:46.254684,0,1934,2.0,10,10.0
2025-08-28T13:22:46.755030,0,1934,2.0,10,13.5
2025-08-28T13:22:47.255254,0,1934,2.0,10,10.9
2025-08-28T13:22:47.755478,0,1934,2.0,10,9.0
2025-08-28T13:22:48.255777,0,1934,2.0,10,9.8
2025-08-28T13:22:48.756061,0,1934,2.0,10,10.8
2025-08-28T13:22:49.256376,0,1934,2.0,10,9.5
2025-08-28T13:22:49.756665,0,1934,2.0,10,8.2
2025-08-28T13:22:50.256936,0,1934,2.0,10,9.4
2025-08-28T13:22:50.757184,0,1934,2.0,10,11.3
2025-08-28T13:22:51.257463,0,1934,2.0,10,9.3
2025-08-28T13:22:51.757737,0,1934,2.0,10,9.4
2025-08-28T13:22:52.258025,0,1934,2.0,10,10.9
2025-08-28T13:22:52.758284,0,1934,2.0,10,8.6
2025-08-28T13:22:53.258560,0,1934,2.0,10,8.9
2025-08-28T13:22:53.758824,0,1934,2.0,10,11.4
2025-08-28T13:22:54.259144,0,1934,2.0,10,9.6
2025-08-28T13:22:54.759352,0,1934,2.0,10,10.9
2025-08-28T13:22:55.259568,0,1934,2.0,10,8.4
2025-08-28T13:22:55.759784,0,1934,2.0,10,9.2
2025-08-28T13:22:56.260001,0,1934,2.0,10,9.2
2025-08-28T13:22:56.760210,0,1934,2.0,10,11.6
2025-08-28T13:22:57.260417,0,1934,2.0,10,9.2
2025-08-28T13:22:57.760633,0,1934,2.0,10,11.2
2025-08-28T13:22:58.260924,0,1934,2.0,10,9.1
2025-08-28T13:22:58.761101,0,1934,2.0,10,9.5
2025-08-28T13:22:59.261313,0,1934,2.0,10,8.7
2025-08-28T13:22:59.761525,0,1934,2.0,10,10.3
2025-08-28T13:23:00.261763,0,1934,2.0,10,9.1
2025-08-28T13:23:00.761985,0,1934,2.0,10,12.0
2025-08-28T13:23:01.262193,0,1934,2.0,10,8.9
2025-08-28T13:23:01.762457,0,1934,2.0,10,8.4
2025-08-28T13:23:02.262673,0,1934,2.0,10,8.6
2025-08-28T13:23:02.762876,0,1934,2.0,10,10.8
2025-08-28T13:23:03.263085,0,1934,2.0,10,9.8
2025-08-28T13:23:03.763276,0,1934,2.0,10,9.5
2025-08-28T13:23:04.263481,0,1934,2.0,10,9.3
2025-08-28T13:23:04.763678,0,1934,2.0,10,10.6
2025-08-28T13:23:05.263888,0,1934,2.0,10,9.2
2025-08-28T13:23:05.764091,0,1934,2.0,10,9.2
2025-08-28T13:23:06.264326,0,1934,2.0,10,10.5
2025-08-28T13:23:06.764530,0,1934,2.0,10,9.3
2025-08-28T13:23:07.264734,0,1934,2.0,10,9.1
2025-08-28T13:23:07.764938,0,1934,2.0,10,10.8
2025-08-28T13:23:08.265148,0,1934,2.0,10,9.2
2025-08-28T13:23:08.765388,0,1934,2.0,10,9.1
2025-08-28T13:23:09.265666,0,1934,2.0,10,10.6
2025-08-28T13:23:09.765994,0,1934,2.0,10,8.9
2025-08-28T13:23:10.266217,0,1934,2.0,10,8.4
2025-08-28T13:23:10.766453,0,1934,2.0,10,10.4
2025-08-28T13:23:11.266686,0,1934,2.0,10,8.9
2025-08-28T13:23:11.766917,3,1937,1.0,10,9.1
2025-08-28T13:23:12.267132,0,1937,1.0,10,10.6
2025-08-28T13:23:12.767420,10,1947,2.5,10,9.3
2025-08-28T13:23:13.267642,0,1947,6.0,10,9.2
2025-08-28T13:23:13.767878,0,1947,6.0,10,11.3
2025-08-28T13:23:14.268108,0,1947,6.0,10,9.0
2025-08-28T13:23:14.768385,10,1957,5.5,10,8.8
2025-08-28T13:23:15.268616,0,1957,10.0,10,10.7
2025-08-28T13:23:15.768849,0,1957,10.0,10,9.0
2025-08-28T13:23:16.269095,0,1957,10.0,10,9.1
2025-08-28T13:23:16.769433,0,1957,10.0,10,9.1
2025-08-28T13:23:17.269725,0,1957,10.0,10,11.0
2025-08-28T13:23:17.769956,0,1957,10.0,10,8.9
2025-08-28T13:23:18.270175,0,1957,10.0,10,8.8
2025-08-28T13:23:18.770450,0,1957,10.0,10,11.3
2025-08-28T13:23:19.270691,10,1967,4.6,10,9.5
2025-08-28T13:23:19.770954,0,1967,9.0,10,9.3
2025-08-28T13:23:20.271218,0,1967,9.0,10,27.6
2025-08-28T13:23:20.771511,0,1967,9.0,10,12.4
2025-08-28T13:23:21.271784,0,1967,9.0,10,28.1
2025-08-28T13:23:21.772035,0,1967,9.0,10,10.2
2025-08-28T13:23:22.272266,0,1967,9.0,10,12.7
2025-08-28T13:23:22.772503,10,1977,1.7,10,11.9
2025-08-28T13:23:23.272741,0,1977,3.0,10,11.2
2025-08-28T13:23:23.772975,0,1977,3.0,10,13.6
2025-08-28T13:23:24.273227,10,1987,4.6,10,9.9
2025-08-28T13:23:24.773484,0,1987,9.0,10,9.6
2025-08-28T13:23:25.273717,10,1997,4.6,10,11.1
2025-08-28T13:23:25.773947,0,1997,9.0,10,9.4
2025-08-28T13:23:26.274186,0,1997,9.0,10,9.2
2025-08-28T13:23:26.774435,10,2007,4.6,10,11.9
2025-08-28T13:23:27.274679,0,2007,9.0,10,9.6
2025-08-28T13:23:27.774920,10,2017,2.6,10,11.6
2025-08-28T13:23:28.275125,0,2017,2.0,10,11.5
2025-08-28T13:23:28.775363,0,2017,2.0,10,10.0
2025-08-28T13:23:29.275593,0,2017,2.0,10,9.9
2025-08-28T13:23:29.775811,0,2017,2.0,10,11.7
2025-08-28T13:23:30.276095,0,2017,2.0,10,10.4
2025-08-28T13:23:30.776331,0,2017,2.0,10,10.1
2025-08-28T13:23:31.276559,0,2017,2.0,10,11.7
2025-08-28T13:23:31.776797,0,2017,2.0,10,10.3
2025-08-28T13:23:32.277009,2,2019,1.0,10,10.5
2025-08-28T13:23:32.777234,130,2149,2.9615384615384617,10,14.4
2025-08-28T13:23:33.277459,10,2159,3.8,10,9.4
2025-08-28T13:23:33.777684,0,2159,8.0,10,10.0
2025-08-28T13:23:34.277898,0,2159,8.0,10,13.9
2025-08-28T13:23:34.778128,0,2159,8.0,10,13.1
2025-08-28T13:23:35.278353,0,2159,8.0,10,14.1
2025-08-28T13:23:35.778990,21,2180,3.238095238095238,10,13.7
2025-08-28T13:23:36.279207,10,2190,1.0,10,16.5
2025-08-28T13:23:36.779432,0,2190,1.0,10,15.9
2025-08-28T13:23:37.279678,0,2190,1.0,10,10.8
2025-08-28T13:23:37.779912,0,2190,1.0,10,9.8
2025-08-28T13:23:38.280179,39,2229,2.4358974358974357,10,12.9
2025-08-28T13:23:38.780429,0,2229,5.0,10,9.9
2025-08-28T13:23:39.280656,24,2253,4.25,10,13.4
2025-08-28T13:23:39.780881,30,2283,2.9,10,12.3
2025-08-28T13:23:40.281112,0,2283,4.0,10,10.4
2025-08-28T13:23:40.781336,0,2283,4.0,10,15.0
2025-08-28T13:23:41.281595,0,2283,4.0,10,10.6
2025-08-28T13:23:41.781973,0,2283,4.0,10,13.7
2025-08-28T13:23:42.282300,0,2283,4.0,10,11.5
2025-08-28T13:23:42.782614,0,2283,4.0,10,10.9
2025-08-28T13:23:43.282893,0,2283,4.0,10,12.8
2025-08-28T13:23:43.783274,0,2283,4.0,10,13.4
2025-08-28T13:23:44.283622,0,2283,4.0,10,10.9
2025-08-28T13:23:44.783905,0,2283,4.0,10,9.6
2025-08-28T13:23:45.284150,0,2283,4.0,10,12.6
2025-08-28T13:23:45.784391,0,2283,4.0,10,12.5
2025-08-28T13:23:46.284567,0,2283,4.0,10,11.2
2025-08-28T13:23:46.784884,0,2283,4.0,10,10.3
2025-08-28T13:23:47.285177,0,2283,4.0,10,11.3
2025-08-28T13:23:47.785432,0,2283,4.0,10,10.6
2025-08-28T13:23:48.285713,0,2283,4.0,10,9.7
2025-08-28T13:23:48.785987,0,2283,4.0,10,11.9
2025-08-28T13:23:49.286193,0,2283,4.0,10,10.9
2025-08-28T13:23:49.786433,0,2283,4.0,10,11.4
2025-08-28T13:23:50.286781,0,2283,4.0,10,11.5
2025-08-28T13:23:50.787149,0,2283,4.0,10,12.6
2025-08-28T13:23:51.287455,0,2283,4.0,10,9.8
2025-08-28T13:23:51.787778,0,2283,4.0,10,8.4
2025-08-28T13:23:52.288093,0,2283,4.0,10,10.9
2025-08-28T13:23:52.788357,0,2283,4.0,10,9.4
2025-08-28T13:23:53.288649,0,2283,4.0,10,10.1
2025-08-28T13:23:53.789037,0,2283,4.0,10,12.1
2025-08-28T13:23:54.289277,0,2283,4.0,10,9.9
2025-08-28T13:23:54.789506,0,2283,4.0,10,9.4
2025-08-28T13:23:55.289730,0,2283,4.0,10,10.7
2025-08-28T13:23:55.790014,0,2283,4.0,10,9.6
2025-08-28T13:23:56.290269,0,2283,4.0,10,9.2
2025-08-28T13:23:56.790535,0,2283,4.0,10,9.3
2025-08-28T13:23:57.290783,0,2283,4.0,10,10.5
2025-08-28T13:23:57.791105,0,2283,4.0,10,9.3
2025-08-28T13:23:58.291346,0,2283,4.0,10,8.6
2025-08-28T13:23:58.791579,0,2283,4.0,10,10.7
2025-08-28T13:23:59.291794,0,2283,4.0,10,9.4
2025-08-28T13:23:59.792009,24,2307,2.625,10,11.7
2025-08-28T13:24:00.292266,10,2317,1.3,10,12.6
2025-08-28T13:24:00.792500,0,2317,1.0,10,11.2
2025-08-28T13:24:01.292717,0,2317,1.0,10,12.9
2025-08-28T13:24:01.792979,42,2359,2.0476190476190474,10,11.4
2025-08-28T13:24:02.293220,10,2369,1.6,10,10.3
2025-08-28T13:24:02.793482,0,2369,3.0,10,11.8
2025-08-28T13:24:03.293711,42,2411,3.7142857142857144,10,11.3
2025-08-28T13:24:03.793931,22,2433,3.3636363636363638,10,11.9
2025-08-28T13:24:04.294125,10,2443,4.6,10,12.8
2025-08-28T13:24:04.794413,0,2443,9.0,10,9.9
2025-08-28T13:24:05.294636,0,2443,9.0,10,11.5
2025-08-28T13:24:05.794860,42,2485,2.2857142857142856,10,14.1
2025-08-28T13:24:06.295090,0,2485,6.0,10,10.2
2025-08-28T13:24:06.795361,0,2485,6.0,10,13.8
2025-08-28T13:24:07.295636,0,2485,6.0,10,9.9
2025-08-28T13:24:07.795944,0,2485,6.0,10,10.3
2025-08-28T13:24:08.296119,0,2485,6.0,10,11.5
2025-08-28T13:24:08.796385,0,2485,6.0,10,11.5
2025-08-28T13:24:09.296623,0,2485,6.0,10,9.6
2025-08-28T13:24:09.796912,0,2485,6.0,10,9.9
2025-08-28T13:24:10.297137,0,2485,6.0,10,11.5
2025-08-28T13:24:10.797374,0,2485,6.0,10,9.7
2025-08-28T13:24:11.297613,0,2485,6.0,10,9.5
2025-08-28T13:24:11.797908,0,2485,6.0,10,11.1
2025-08-28T13:24:12.298127,0,2485,6.0,10,10.9
2025-08-28T13:24:12.798445,0,2485,6.0,10,9.4
2025-08-28T13:24:13.298736,0,2485,6.0,10,12.1
2025-08-28T13:24:13.798985,6,2491,1.3333333333333333,10,10.8
2025-08-28T13:24:14.299178,10,2501,1.9,10,10.4
2025-08-28T13:24:14.799433,10,2511,3.1,10,11.4
2025-08-28T13:24:15.299697,0,2511,7.0,10,8.7
2025-08-28T13:24:15.799929,0,2511,7.0,10,8.9
2025-08-28T13:24:16.300130,0,2511,7.0,10,10.8
2025-08-28T13:24:16.800402,0,2511,7.0,10,9.7
2025-08-28T13:24:17.300653,30,2541,3.066666666666667,10,11.1
2025-08-28T13:24:17.800883,0,2541,2.0,10,10.9
2025-08-28T13:24:18.301115,39,2580,2.9743589743589745,10,10.2
2025-08-28T13:24:18.801336,0,2580,7.0,10,11.1
2025-08-28T13:24:19.301567,82,2662,3.2195121951219514,10,11.0
2025-08-28T13:24:19.801806,106,2768,3.6226415094339623,10,12.6
2025-08-28T13:24:20.302040,0,2768,10.0,10,12.2
2025-08-28T13:24:20.802282,4,2772,2.5,10,11.8
2025-08-28T13:24:21.302574,40,2812,2.075,10,13.2
2025-08-28T13:24:21.802815,0,2812,1.0,10,10.6
2025-08-28T13:24:22.303141,0,2812,1.0,10,12.4
2025-08-28T13:24:22.803399,0,2812,1.0,10,12.4
2025-08-28T13:24:23.303629,0,2812,1.0,10,9.3
2025-08-28T13:24:23.803859,0,2812,1.0,10,12.0
2025-08-28T13:24:24.304154,0,2812,1.0,10,11.8
2025-08-28T13:24:24.804381,0,2812,1.0,10,10.1
2025-08-28T13:24:25.304609,0,2812,1.0,10,9.9
2025-08-28T13:24:25.804872,0,2812,1.0,10,14.7
2025-08-28T13:24:26.305112,0,2812,1.0,10,10.3
2025-08-28T13:24:26.805346,0,2812,1.0,10,9.2
2025-08-28T13:24:27.305581,0,2812,1.0,10,9.0
2025-08-28T13:24:27.805881,0,2812,1.0,10,12.7
2025-08-28T13:24:28.306132,0,2812,1.0,10,9.3
2025-08-28T13:24:28.806518,0,2812,1.0,10,10.0
2025-08-28T13:24:29.306761,0,2812,1.0,10,9.4
2025-08-28T13:24:29.807024,0,2812,1.0,10,12.0
2025-08-28T13:24:30.307271,0,2812,1.0,10,11.4
2025-08-28T13:24:30.807508,0,2812,1.0,10,10.7
2025-08-28T13:24:31.307759,0,2812,1.0,10,11.4
2025-08-28T13:24:31.808007,0,2812,1.0,10,9.2
2025-08-28T13:24:32.308844,0,2812,1.0,10,8.7
2025-08-28T13:24:32.809139,0,2812,1.0,10,9.0
2025-08-28T13:24:33.309378,0,2812,1.0,10,10.3
2025-08-28T13:24:33.809682,0,2812,1.0,10,8.9
2025-08-28T13:24:34.309927,0,2812,1.0,10,8.7
2025-08-28T13:24:34.810141,0,2812,1.0,10,9.5
2025-08-28T13:24:35.310402,0,2812,1.0,10,12.0
2025-08-28T13:24:35.810680,0,2812,1.0,10,10.5
2025-08-28T13:24:36.310932,0,2812,1.0,10,10.3
2025-08-28T13:24:36.811139,0,2812,1.0,10,12.8
2025-08-28T13:24:37.311380,0,2812,1.0,10,10.2
2025-08-28T13:24:37.811637,0,2812,1.0,10,8.9
2025-08-28T13:24:38.312088,0,2812,1.0,10,10.8
2025-08-28T13:24:38.812334,0,2812,1.0,10,9.2
2025-08-28T13:24:39.312574,0,2812,1.0,10,9.2
2025-08-28T13:24:39.812823,0,2812,1.0,10,10.7
2025-08-28T13:24:40.313148,0,2812,1.0,10,9.4
2025-08-28T13:24:40.813391,0,2812,1.0,10,8.7
2025-08-28T13:24:41.313632,0,2812,1.0,10,13.4
2025-08-28T13:24:41.813852,0,2812,1.0,10,9.2
2025-08-28T13:24:42.314090,0,2812,1.0,10,8.8
2025-08-28T13:24:42.814332,0,2812,1.0,10,10.6
2025-08-28T13:24:43.314563,0,2812,1.0,10,8.9
2025-08-28T13:24:43.814800,0,2812,1.0,10,9.0
2025-08-28T13:24:44.315071,0,2812,1.0,10,9.5
2025-08-28T13:24:44.815375,0,2812,1.0,10,10.1
2025-08-28T13:24:45.315643,0,2812,1.0,10,8.7
2025-08-28T13:24:45.815947,0,2812,1.0,10,10.5
2025-08-28T13:24:46.316222,0,2812,1.0,10,9.1
2025-08-28T13:24:46.816463,0,2812,1.0,10,9.1
2025-08-28T13:24:47.316704,0,2812,1.0,10,8.7
2025-08-28T13:24:47.816940,0,2812,1.0,10,10.9
2025-08-28T13:24:48.317236,0,2812,1.0,10,7.7
2025-08-28T13:24:48.817459,0,2812,1.0,10,9.2
2025-08-28T13:24:49.317692,0,2812,1.0,10,10.6
2025-08-28T13:24:49.817914,0,2812,1.0,10,8.8
2025-08-28T13:24:50.318120,0,2812,1.0,10,8.9
2025-08-28T13:24:50.818358,0,2812,1.0,10,8.9
2025-08-28T13:24:51.318597,0,2812,1.0,10,11.0
2025-08-28T13:24:51.818871,0,2812,1.0,10,9.3
2025-08-28T13:24:52.319163,0,2812,1.0,10,11.2
2025-08-28T13:24:52.819399,0,2812,1.0,10,8.9
2025-08-28T13:24:53.319635,0,2812,1.0,10,8.6
2025-08-28T13:24:53.819875,0,2812,1.0,10,9.5
2025-08-28T13:24:54.320188,0,2812,1.0,10,11.6
2025-08-28T13:24:54.820487,0,2812,1.0,10,9.2
2025-08-28T13:24:55.320702,0,2812,1.0,10,9.2
2025-08-28T13:24:55.820935,0,2812,1.0,10,10.5
2025-08-28T13:24:56.321210,0,2812,1.0,10,9.0
2025-08-28T13:24:56.821441,0,2812,1.0,10,9.2
2025-08-28T13:24:57.321658,0,2812,1.0,10,10.6
2025-08-28T13:24:57.821909,0,2812,1.0,10,8.0
2025-08-28T13:24:58.322128,0,2812,1.0,10,8.9
2025-08-28T13:24:58.822362,0,2812,1.0,10,9.4
2025-08-28T13:24:59.322594,0,2812,1.0,10,10.8
2025-08-28T13:24:59.822826,0,2812,1.0,10,9.3
2025-08-28T13:25:00.323073,0,2812,1.0,10,9.9
2025-08-28T13:25:00.823308,0,2812,1.0,10,11.0
2025-08-28T13:25:01.323542,0,2812,1.0,10,9.3
2025-08-28T13:25:01.823783,0,2812,1.0,10,9.3
2025-08-28T13:25:02.324025,0,2812,1.0,10,9.0
2025-08-28T13:25:02.824264,0,2812,1.0,10,11.2
2025-08-28T13:25:03.324498,0,2812,1.0,10,10.0
2025-08-28T13:25:03.824770,0,2812,1.0,10,9.5
2025-08-28T13:25:04.325022,0,2812,1.0,10,10.6
2025-08-28T13:25:04.825308,0,2812,1.0,10,9.4
2025-08-28T13:25:05.325597,0,2812,1.0,10,9.0
2025-08-28T13:25:05.825830,0,2812,1.0,10,12.3
2025-08-28T13:25:06.326060,0,2812,1.0,10,9.6
2025-08-28T13:25:06.826296,0,2812,1.0,10,12.0
2025-08-28T13:25:07.326538,0,2812,1.0,10,10.5
2025-08-28T13:25:07.826770,0,2812,1.0,10,12.3
2025-08-28T13:25:08.327060,0,2812,1.0,10,11.3
2025-08-28T13:25:08.827300,0,2812,1.0,10,11.0
2025-08-28T13:25:09.327542,0,2812,1.0,10,12.6
2025-08-28T13:25:09.827807,0,2812,1.0,10,10.4
2025-08-28T13:25:10.328053,0,2812,1.0,10,10.2
2025-08-28T13:25:10.828283,0,2812,1.0,10,9.1
2025-08-28T13:25:11.328500,1,2813,1.0,10,8.6
2025-08-28T13:25:11.828761,30,2843,4.6,10,14.8
2025-08-28T13:25:12.329005,10,2853,4.6,10,12.3
2025-08-28T13:25:12.829239,10,2863,1.7,10,16.4
2025-08-28T13:25:13.329478,0,2863,1.0,10,13.5
2025-08-28T13:25:13.829830,0,2863,1.0,10,12.7
2025-08-28T13:25:14.330167,0,2863,1.0,10,12.3
2025-08-28T13:25:14.830500,0,2863,1.0,10,13.0
2025-08-28T13:25:15.330818,0,2863,1.0,10,11.5
2025-08-28T13:25:15.831166,0,2863,1.0,10,11.6
2025-08-28T13:25:16.331418,0,2863,1.0,10,16.1
2025-08-28T13:25:16.831679,0,2863,1.0,10,9.3
