timestamp,interval_count,total_count,queue_size,max_queue_size,cpu_percent
2025-07-29T02:51:04.768985,39,39,3.7948717948717947,10,0.0
2025-07-29T02:51:05.269344,29,68,3.1724137931034484,10,27.8
2025-07-29T02:51:05.769794,38,106,4.157894736842105,10,19.2
2025-07-29T02:51:06.270146,29,135,5.344827586206897,10,25.6
2025-07-29T02:51:06.770481,28,163,2.0714285714285716,10,21.6
2025-07-29T02:51:07.270737,29,192,3.2758620689655173,10,16.2
2025-07-29T02:51:07.771016,38,230,3.789473684210526,10,17.3
2025-07-29T02:51:08.271209,29,259,3.5172413793103448,10,25.8
2025-07-29T02:51:08.771475,28,287,3.4285714285714284,10,15.9
2025-07-29T02:51:09.271681,29,316,4.172413793103448,10,23.3
2025-07-29T02:51:09.771902,29,345,3.206896551724138,10,28.8
2025-07-29T02:51:10.272132,29,374,2.8620689655172415,10,21.0
2025-07-29T02:51:10.772363,29,403,3.103448275862069,10,22.4
2025-07-29T02:51:11.272601,29,432,3.3448275862068964,10,19.8
2025-07-29T02:51:11.772861,28,460,5.178571428571429,10,22.1
2025-07-29T02:51:12.273077,19,479,5.2631578947368425,10,32.2
2025-07-29T02:51:12.773275,29,508,2.7241379310344827,10,28.7
2025-07-29T02:51:13.273448,19,527,4.842105263157895,10,18.5
2025-07-29T02:51:13.773663,29,556,3.8275862068965516,10,26.4
2025-07-29T02:51:14.273890,19,575,4.842105263157895,10,20.5
2025-07-29T02:51:14.774112,19,594,5.2631578947368425,10,19.4
2025-07-29T02:51:15.274385,28,622,3.4642857142857144,10,25.0
2025-07-29T02:51:15.774668,19,641,3.8947368421052633,10,30.4
2025-07-29T02:51:16.274964,29,670,4.0344827586206895,10,30.5
2025-07-29T02:51:16.775234,19,689,3.8421052631578947,10,13.9
2025-07-29T02:51:17.275521,29,718,3.2758620689655173,10,19.4
2025-07-29T02:51:17.775813,19,737,2.8947368421052633,10,26.0
2025-07-29T02:51:18.276109,27,764,3.5925925925925926,10,16.2
2025-07-29T02:51:18.776468,19,783,5.2631578947368425,10,21.7
2025-07-29T02:51:19.276792,20,803,3.3,10,24.6
2025-07-29T02:51:19.777089,28,831,4.285714285714286,10,23.4
2025-07-29T02:51:20.277379,19,850,3.1578947368421053,10,36.1
2025-07-29T02:51:20.777684,29,879,4.758620689655173,10,35.4
2025-07-29T02:51:21.277911,19,898,2.1052631578947367,10,23.2
2025-07-29T02:51:21.778136,19,917,3.0,10,26.4
2025-07-29T02:51:22.278412,28,945,3.75,10,27.7
2025-07-29T02:51:22.778703,19,964,1.5789473684210527,10,43.2
2025-07-29T02:51:23.279001,29,993,2.9655172413793105,10,25.3
2025-07-29T02:51:23.779299,19,1012,2.5789473684210527,10,17.6
2025-07-29T02:51:24.279638,28,1040,3.857142857142857,10,21.2
2025-07-29T02:51:24.779918,19,1059,4.368421052631579,10,23.4
2025-07-29T02:51:25.280201,19,1078,3.9473684210526314,10,38.6
2025-07-29T02:51:25.780521,29,1107,4.310344827586207,10,19.7
2025-07-29T02:51:26.341738,28,1135,3.3,10,20.5
2025-07-29T02:51:26.842022,29,1164,3.891891891891892,10,24.6
2025-07-29T02:51:27.342257,19,1183,2.8947368421052633,10,29.7
2025-07-29T02:51:27.842446,29,1212,5.0344827586206895,10,31.2
2025-07-29T02:51:28.342662,19,1231,4.368421052631579,10,17.1
2025-07-29T02:51:28.842878,19,1250,4.7894736842105265,10,31.4
2025-07-29T02:51:29.343088,29,1279,3.0689655172413794,10,22.3
2025-07-29T02:51:29.843302,28,1307,5.178571428571429,10,19.6
2025-07-29T02:51:30.343520,29,1336,4.827586206896552,10,24.7
2025-07-29T02:51:30.843724,28,1364,4.642857142857143,10,18.0
2025-07-29T02:51:31.343939,29,1393,3.9310344827586206,10,27.2
2025-07-29T02:51:31.844228,29,1422,2.7586206896551726,10,40.2
2025-07-29T02:51:32.344573,29,1451,2.9310344827586206,10,24.4
2025-07-29T02:51:32.844857,29,1480,2.4827586206896552,10,35.3
2025-07-29T02:51:33.345154,29,1509,2.4482758620689653,10,28.4
2025-07-29T02:51:33.845455,28,1537,3.0357142857142856,10,25.9
2025-07-29T02:51:34.345729,39,1576,3.5128205128205128,10,30.3
2025-07-29T02:51:34.853051,29,1605,2.5185185185185186,10,31.3
2025-07-29T02:51:35.353423,19,1624,1.7619047619047619,10,16.7
2025-07-29T02:51:35.853948,38,1662,3.1052631578947367,10,31.0
2025-07-29T02:51:36.354249,29,1691,4.758620689655173,10,26.5
2025-07-29T02:51:36.854512,28,1719,3.5714285714285716,10,34.6
2025-07-29T02:51:37.354874,29,1748,2.3448275862068964,10,36.2
2025-07-29T02:51:37.855147,29,1777,4.068965517241379,10,38.1
2025-07-29T02:51:38.355416,19,1796,2.3684210526315788,10,36.1
2025-07-29T02:51:38.855721,29,1825,4.068965517241379,10,26.3
2025-07-29T02:51:39.355940,39,1864,3.8461538461538463,10,26.9
2025-07-29T02:51:39.856173,29,1893,3.8620689655172415,10,40.7
2025-07-29T02:51:40.356381,29,1922,2.896551724137931,10,35.3
2025-07-29T02:51:40.856610,29,1951,3.3448275862068964,10,17.8
2025-07-29T02:51:41.356837,38,1989,3.263157894736842,10,30.2
2025-07-29T02:51:41.857133,29,2018,4.241379310344827,10,29.5
2025-07-29T02:51:42.357376,29,2047,3.4827586206896552,10,27.2
2025-07-29T02:51:42.857588,28,2075,3.642857142857143,10,28.5
2025-07-29T02:51:43.357852,38,2113,3.9210526315789473,10,18.0
2025-07-29T02:51:43.858108,29,2142,3.5172413793103448,10,28.0
2025-07-29T02:51:44.358391,29,2171,3.1724137931034484,10,35.4
2025-07-29T02:51:44.858629,38,2209,2.5,10,27.0
2025-07-29T02:51:45.358850,29,2238,3.0344827586206895,10,33.4
2025-07-29T02:51:45.859037,39,2277,2.1025641025641026,10,20.8
2025-07-29T02:51:46.359251,28,2305,2.5714285714285716,10,18.8
2025-07-29T02:51:46.859447,38,2343,4.0,10,20.7
2025-07-29T02:51:47.359648,29,2372,2.7586206896551726,10,24.0
2025-07-29T02:51:47.859880,29,2401,2.4482758620689653,10,27.0
2025-07-29T02:51:48.360251,38,2439,3.710526315789474,10,15.9
2025-07-29T02:51:48.860523,39,2478,2.0256410256410255,10,37.3
2025-07-29T02:51:49.363334,19,2497,3.9473684210526314,10,39.6
2025-07-29T02:51:49.863642,39,2536,1.8461538461538463,10,29.6
2025-07-29T02:51:50.363956,38,2574,2.5,10,28.8
2025-07-29T02:51:50.864321,20,2594,2.2,10,19.4
2025-07-29T02:51:51.364615,38,2632,3.5,10,27.9
2025-07-29T02:51:51.864888,38,2670,4.052631578947368,10,28.4
2025-07-29T02:51:52.365190,29,2699,2.103448275862069,10,21.6
2025-07-29T02:51:52.865489,37,2736,1.972972972972973,10,23.6
2025-07-29T02:51:53.365860,38,2774,2.026315789473684,10,24.6
2025-07-29T02:51:53.866190,38,2812,4.2894736842105265,10,20.4
2025-07-29T02:51:54.366529,29,2841,5.344827586206897,10,25.2
2025-07-29T02:51:54.866866,38,2879,3.9210526315789473,10,23.9
2025-07-29T02:51:55.367165,38,2917,3.789473684210526,10,24.7
2025-07-29T02:51:55.867503,29,2946,4.172413793103448,10,23.3
2025-07-29T02:51:56.367754,38,2984,2.9473684210526314,10,30.9
2025-07-29T02:51:56.867968,38,3022,3.1578947368421053,10,21.8
2025-07-29T02:51:57.368200,38,3060,4.605263157894737,10,24.5
2025-07-29T02:51:57.868388,39,3099,2.4871794871794872,10,26.7
2025-07-29T02:51:58.368596,29,3128,3.4482758620689653,10,23.2
2025-07-29T02:51:58.868818,28,3156,2.9285714285714284,10,28.0
2025-07-29T02:51:59.369036,38,3194,2.8421052631578947,10,18.2
2025-07-29T02:51:59.869260,29,3223,4.517241379310345,10,22.9
2025-07-29T02:52:00.369446,38,3261,3.1842105263157894,10,24.7
2025-07-29T02:52:00.869659,29,3290,3.7241379310344827,10,17.8
2025-07-29T02:52:01.369897,29,3319,4.517241379310345,10,22.0
2025-07-29T02:52:01.870116,29,3348,3.896551724137931,10,24.5
2025-07-29T02:52:02.370349,19,3367,5.2631578947368425,10,13.9
2025-07-29T02:52:02.870546,28,3395,4.357142857142857,10,23.4
2025-07-29T02:52:03.370754,19,3414,5.2631578947368425,10,29.9
2025-07-29T02:52:03.870970,29,3443,4.827586206896552,10,12.7
2025-07-29T02:52:04.371222,19,3462,5.2631578947368425,10,12.9
2025-07-29T02:52:04.871486,19,3481,4.7894736842105265,10,26.5
2025-07-29T02:52:05.371746,19,3500,5.2631578947368425,10,18.4
2025-07-29T02:52:05.871969,19,3519,3.9473684210526314,10,24.7
2025-07-29T02:52:06.372166,28,3547,2.107142857142857,10,31.0
2025-07-29T02:52:06.872387,19,3566,2.3157894736842106,10,26.2
2025-07-29T02:52:07.372613,19,3585,3.473684210526316,10,21.9
2025-07-29T02:52:07.872879,28,3613,3.75,10,15.1
2025-07-29T02:52:08.373232,29,3642,2.413793103448276,10,21.1
2025-07-29T02:52:08.873570,19,3661,4.368421052631579,10,28.9
2025-07-29T02:52:09.468370,29,3690,3.8275862068965516,10,26.9
2025-07-29T02:52:09.968657,19,3709,4.368421052631579,10,15.5
2025-07-29T02:52:10.468949,19,3728,3.736842105263158,10,28.6
2025-07-29T02:52:10.969292,29,3757,4.0,10,16.3
2025-07-29T02:52:11.469546,28,3785,3.5714285714285716,10,27.0
2025-07-29T02:52:11.969762,29,3814,2.8620689655172415,10,23.1
2025-07-29T02:52:12.470025,29,3843,3.413793103448276,10,21.8
2025-07-29T02:52:12.970287,28,3871,2.642857142857143,10,16.2
2025-07-29T02:52:13.470579,19,3890,3.0526315789473686,10,39.1
2025-07-29T02:52:13.970865,29,3919,5.0344827586206895,10,22.5
2025-07-29T02:52:14.471100,28,3947,4.571428571428571,10,19.0
2025-07-29T02:52:14.971336,29,3976,3.8620689655172415,10,20.5
2025-07-29T02:52:15.471554,29,4005,2.4827586206896552,10,25.5
2025-07-29T02:52:15.971769,28,4033,3.0357142857142856,10,30.9
2025-07-29T02:52:16.471991,29,4062,3.1724137931034484,10,12.7
2025-07-29T02:52:16.972216,28,4090,3.8214285714285716,10,21.1
2025-07-29T02:52:17.472453,29,4119,1.7586206896551724,10,20.5
2025-07-29T02:52:17.972678,19,4138,4.7894736842105265,10,24.7
2025-07-29T02:52:18.473107,29,4167,4.413793103448276,10,32.8
2025-07-29T02:52:18.973358,28,4195,4.035714285714286,10,14.2
2025-07-29T02:52:19.473650,19,4214,4.473684210526316,10,25.8
2025-07-29T02:52:19.973969,29,4243,3.5172413793103448,10,21.9
2025-07-29T02:52:20.474213,38,4281,4.0,10,26.8
2025-07-29T02:52:20.974447,29,4310,3.1379310344827585,10,28.1
2025-07-29T02:52:21.474675,38,4348,5.2631578947368425,10,19.9
2025-07-29T02:52:21.974906,29,4377,4.0344827586206895,10,18.3
2025-07-29T02:52:22.475117,29,4406,2.7586206896551726,10,21.8
2025-07-29T02:52:22.975329,27,4433,5.037037037037037,10,20.1
2025-07-29T02:52:23.475728,29,4462,2.9310344827586206,10,25.1
2025-07-29T02:52:23.975927,29,4491,3.8620689655172415,10,37.0
2025-07-29T02:52:24.477715,38,4529,4.2,10,17.2
2025-07-29T02:52:24.978143,28,4557,4.5,10,23.5
2025-07-29T02:52:25.478459,38,4595,5.2631578947368425,10,24.2
2025-07-29T02:52:25.978680,29,4624,2.586206896551724,10,20.8
2025-07-29T02:52:26.479063,28,4652,3.4642857142857144,10,28.7
2025-07-29T02:52:26.979347,39,4691,3.5641025641025643,10,25.3
2025-07-29T02:52:27.479568,29,4720,5.344827586206897,10,15.9
2025-07-29T02:52:27.979797,28,4748,2.392857142857143,10,23.7
2025-07-29T02:52:28.480004,29,4777,3.0689655172413794,10,28.0
2025-07-29T02:52:28.980216,38,4815,3.3421052631578947,10,15.3
2025-07-29T02:52:29.480499,19,4834,5.2631578947368425,10,29.1
2025-07-29T02:52:29.980782,29,4863,3.4482758620689653,10,25.2
2025-07-29T02:52:30.481101,29,4892,3.3793103448275863,10,15.5
2025-07-29T02:52:30.981392,28,4920,4.857142857142857,10,19.4
2025-07-29T02:52:31.481737,28,4948,3.75,10,28.7
2025-07-29T02:52:31.981985,29,4977,2.7586206896551726,10,28.4
2025-07-29T02:52:32.482229,29,5006,2.0689655172413794,10,18.8
2025-07-29T02:52:32.982457,28,5034,2.7142857142857144,10,23.1
2025-07-29T02:52:33.483027,19,5053,2.8947368421052633,10,17.8
2025-07-29T02:52:33.983351,28,5081,3.5714285714285716,10,21.8
2025-07-29T02:52:34.483564,19,5100,4.7894736842105265,10,31.7
2025-07-29T02:52:34.983778,19,5119,4.7894736842105265,10,24.5
2025-07-29T02:52:35.484250,29,5148,5.344827586206897,10,20.7
2025-07-29T02:52:35.984488,9,5157,5.0,10,23.3
2025-07-29T02:52:36.484784,29,5186,5.344827586206897,10,20.0
2025-07-29T02:52:36.985005,19,5205,4.7894736842105265,10,33.7
2025-07-29T02:52:37.485284,19,5224,3.6842105263157894,10,6.8
2025-07-29T02:52:37.985568,20,5244,4.05,10,31.1
2025-07-29T02:52:38.485854,19,5263,2.473684210526316,10,21.2
2025-07-29T02:52:38.986220,9,5272,1.7777777777777777,10,23.5
2025-07-29T02:52:39.486509,19,5291,3.5789473684210527,10,18.3
2025-07-29T02:52:39.986729,19,5310,4.842105263157895,10,16.9
2025-07-29T02:52:40.486991,19,5329,3.1052631578947367,10,10.8
2025-07-29T02:52:40.987219,10,5339,1.0,10,22.3
2025-07-29T02:52:41.487441,19,5358,2.1052631578947367,10,22.9
2025-07-29T02:52:41.987678,19,5377,3.5789473684210527,10,17.3
2025-07-29T02:52:42.487918,19,5396,3.736842105263158,10,23.2
2025-07-29T02:52:42.988206,19,5415,3.4210526315789473,10,24.1
2025-07-29T02:52:43.488440,19,5434,3.473684210526316,10,23.1
2025-07-29T02:52:43.988659,19,5453,4.2105263157894735,10,19.4
2025-07-29T02:52:44.488947,19,5472,2.3684210526315788,10,22.8
2025-07-29T02:52:44.989174,9,5481,3.3333333333333335,10,21.6
2025-07-29T02:52:45.489402,19,5500,2.6842105263157894,10,16.0
2025-07-29T02:52:45.989624,19,5519,3.1052631578947367,10,13.6
2025-07-29T02:52:46.489836,10,5529,3.2,10,19.2
2025-07-29T02:52:46.990062,14,5543,1.4285714285714286,10,20.6
2025-07-29T02:52:47.490325,19,5562,3.6842105263157894,10,21.9
2025-07-29T02:52:47.990548,19,5581,3.473684210526316,10,26.7
2025-07-29T02:52:48.490805,19,5600,1.6842105263157894,10,23.3
2025-07-29T02:52:48.991072,9,5609,1.8888888888888888,10,25.8
2025-07-29T02:52:49.491338,19,5628,4.368421052631579,10,20.6
2025-07-29T02:52:49.991576,19,5647,3.210526315789474,10,16.4
2025-07-29T02:52:50.491940,19,5666,1.894736842105263,10,24.2
2025-07-29T02:52:50.992229,19,5685,3.3157894736842106,10,14.5
2025-07-29T02:52:51.492456,19,5704,2.6842105263157894,10,21.4
2025-07-29T02:52:51.993018,19,5723,5.2631578947368425,10,19.3
2025-07-29T02:52:52.493238,10,5733,2.0,10,22.1
2025-07-29T02:52:52.993469,19,5752,3.0526315789473686,10,24.3
2025-07-29T02:52:53.493703,9,5761,4.111111111111111,10,23.7
2025-07-29T02:52:53.993915,19,5780,2.263157894736842,10,17.8
2025-07-29T02:52:54.494215,19,5799,3.473684210526316,10,5.8
2025-07-29T02:52:54.994505,19,5818,2.6315789473684212,10,18.4
2025-07-29T02:52:55.494813,10,5828,5.5,10,23.6
2025-07-29T02:52:55.995053,19,5847,3.473684210526316,10,23.8
2025-07-29T02:52:56.495249,19,5866,4.0,10,30.6
2025-07-29T02:52:56.995504,9,5875,2.7777777777777777,10,22.4
2025-07-29T02:52:57.495753,19,5894,2.9473684210526314,10,22.6
2025-07-29T02:52:57.995995,19,5913,4.368421052631579,10,7.1
2025-07-29T02:52:58.496270,10,5923,4.6,10,21.5
2025-07-29T02:52:58.996492,19,5942,4.368421052631579,10,23.7
2025-07-29T02:52:59.496704,19,5961,1.4210526315789473,10,21.3
2025-07-29T02:52:59.996917,19,5980,3.1052631578947367,10,24.7
2025-07-29T02:53:00.497183,19,5999,3.8421052631578947,10,22.9
2025-07-29T02:53:00.997384,19,6018,3.473684210526316,10,24.6
2025-07-29T02:53:01.497570,19,6037,3.5789473684210527,10,22.5
2025-07-29T02:53:01.997872,19,6056,2.9473684210526314,10,22.5
2025-07-29T02:53:02.498134,9,6065,3.3333333333333335,10,15.1
2025-07-29T02:53:02.998412,19,6084,3.1052631578947367,10,16.6
2025-07-29T02:53:03.498779,19,6103,3.736842105263158,10,24.8
2025-07-29T02:53:03.999135,10,6113,1.9,10,22.0
2025-07-29T02:53:04.499514,19,6132,4.7894736842105265,10,23.2
2025-07-29T02:53:04.999885,19,6151,2.6842105263157894,10,28.8
2025-07-29T02:53:05.500213,19,6170,2.0526315789473686,10,21.7
2025-07-29T02:53:06.000575,19,6189,2.6315789473684212,10,29.5
2025-07-29T02:53:06.500924,19,6208,3.1052631578947367,10,19.2
2025-07-29T02:53:07.001247,9,6217,2.7777777777777777,10,21.0
2025-07-29T02:53:07.501602,19,6236,3.789473684210526,10,13.2
2025-07-29T02:53:08.001893,19,6255,1.1578947368421053,10,25.4
2025-07-29T02:53:08.502233,19,6274,3.3157894736842106,10,23.6
2025-07-29T02:53:09.002569,19,6293,3.3157894736842106,10,23.6
2025-07-29T02:53:09.502876,19,6312,2.8947368421052633,10,23.4
2025-07-29T02:53:10.003186,19,6331,2.8947368421052633,10,22.9
2025-07-29T02:53:10.503471,10,6341,4.6,10,22.9
2025-07-29T02:53:11.003814,19,6360,4.842105263157895,10,31.1
2025-07-29T02:53:11.504199,19,6379,1.736842105263158,10,24.5
2025-07-29T02:53:12.004485,9,6388,4.111111111111111,10,29.1
2025-07-29T02:53:12.504714,19,6407,3.9473684210526314,10,22.8
2025-07-29T02:53:13.005013,19,6426,3.5789473684210527,10,23.1
2025-07-29T02:53:13.505311,19,6445,1.3157894736842106,10,19.0
2025-07-29T02:53:14.005846,19,6464,3.3157894736842106,10,21.3
2025-07-29T02:53:14.506151,19,6483,4.842105263157895,10,24.5
2025-07-29T02:53:15.007526,19,6502,5.2631578947368425,10,28.3
2025-07-29T02:53:15.507869,10,6512,5.5,10,20.1
2025-07-29T02:53:16.008117,19,6531,4.2105263157894735,10,18.6
2025-07-29T02:53:16.508490,19,6550,2.6842105263157894,10,29.6
2025-07-29T02:53:17.008844,19,6569,5.2631578947368425,10,18.9
2025-07-29T02:53:17.509191,9,6578,5.0,10,25.1
2025-07-29T02:53:18.009475,19,6597,3.6842105263157894,10,20.3
2025-07-29T02:53:18.509755,19,6616,4.0,10,13.8
2025-07-29T02:53:19.009991,19,6635,3.0,10,28.1
2025-07-29T02:53:19.510285,19,6654,4.368421052631579,10,10.9
2025-07-29T02:53:20.010687,10,6664,2.0,10,19.3
2025-07-29T02:53:20.510979,19,6683,3.0,10,28.9
2025-07-29T02:53:21.011325,19,6702,4.368421052631579,10,23.0
2025-07-29T02:53:21.625664,19,6721,4.1875,10,31.4
2025-07-29T02:53:22.126028,14,6735,3.3529411764705883,10,20.6
2025-07-29T02:53:22.626379,19,6754,5.2631578947368425,10,26.3
2025-07-29T02:53:23.126739,19,6773,4.368421052631579,10,21.6
2025-07-29T02:53:23.627068,9,6782,2.2222222222222223,10,22.4
2025-07-29T02:53:24.127447,19,6801,4.2105263157894735,10,18.4
2025-07-29T02:53:24.627755,19,6820,4.842105263157895,10,20.3
2025-07-29T02:53:25.128046,19,6839,2.0,10,26.1
2025-07-29T02:53:25.628332,19,6858,3.5789473684210527,10,17.7
2025-07-29T02:53:26.128664,19,6877,2.4210526315789473,10,21.4
2025-07-29T02:53:26.628979,19,6896,2.3684210526315788,10,22.4
2025-07-29T02:53:27.129352,10,6906,5.5,10,23.3
2025-07-29T02:53:27.629618,19,6925,4.368421052631579,10,27.1
2025-07-29T02:53:28.129974,19,6944,5.2631578947368425,10,19.1
2025-07-29T02:53:28.630298,19,6963,2.6842105263157894,10,24.9
2025-07-29T02:53:29.130640,9,6972,1.8888888888888888,10,19.6
2025-07-29T02:53:29.630940,19,6991,3.789473684210526,10,20.4
2025-07-29T02:53:30.131220,19,7010,2.210526315789474,10,12.7
2025-07-29T02:53:30.631774,19,7029,3.3157894736842106,10,20.1
2025-07-29T02:53:31.132077,19,7048,4.0,10,29.4
2025-07-29T02:53:31.632436,10,7058,5.5,10,29.3
2025-07-29T02:53:32.132816,19,7077,3.789473684210526,10,24.9
2025-07-29T02:53:32.633188,19,7096,2.0,10,29.0
2025-07-29T02:53:33.133503,9,7105,5.0,10,21.9
2025-07-29T02:53:33.633799,19,7124,2.6315789473684212,10,20.7
2025-07-29T02:53:34.134165,19,7143,3.1578947368421053,10,6.8
2025-07-29T02:53:34.634550,10,7153,2.1,10,33.8
2025-07-29T02:53:35.134927,19,7172,1.263157894736842,10,31.6
2025-07-29T02:53:35.635228,19,7191,3.3157894736842106,10,21.9
2025-07-29T02:53:36.135511,19,7210,3.736842105263158,10,19.4
2025-07-29T02:53:36.635818,19,7229,3.473684210526316,10,20.0
2025-07-29T02:53:37.136120,10,7239,2.6,10,24.1
2025-07-29T02:53:37.636487,19,7258,3.526315789473684,10,29.8
2025-07-29T02:53:38.136860,19,7277,4.368421052631579,10,25.4
2025-07-29T02:53:38.637121,19,7296,3.3157894736842106,10,21.8
2025-07-29T02:53:39.137395,9,7305,5.0,10,28.9
2025-07-29T02:53:39.637688,19,7324,3.4210526315789473,10,23.6
2025-07-29T02:53:40.137981,19,7343,4.7894736842105265,10,23.1
2025-07-29T02:53:40.638279,19,7362,2.8947368421052633,10,25.2
2025-07-29T02:53:41.139305,19,7381,3.0526315789473686,10,32.5
2025-07-29T02:53:41.639549,19,7400,4.473684210526316,10,18.1
2025-07-29T02:53:42.139780,10,7410,5.5,10,22.0
2025-07-29T02:53:42.640016,19,7429,2.1578947368421053,10,29.9
2025-07-29T02:53:43.140253,19,7448,1.8421052631578947,10,27.2
2025-07-29T02:53:43.641832,19,7467,5.2631578947368425,10,29.5
2025-07-29T02:53:44.142051,9,7476,4.111111111111111,10,23.9
2025-07-29T02:53:44.642270,19,7495,3.3157894736842106,10,17.8
2025-07-29T02:53:45.142546,19,7514,1.4736842105263157,10,20.8
2025-07-29T02:53:45.642849,19,7533,3.0526315789473686,10,19.7
2025-07-29T02:53:46.143200,19,7552,2.6842105263157894,10,20.6
2025-07-29T02:53:46.643553,19,7571,1.0526315789473684,10,21.2
2025-07-29T02:53:47.143937,19,7590,2.263157894736842,10,25.1
2025-07-29T02:53:47.644275,20,7610,2.75,10,37.0
2025-07-29T02:53:48.144631,9,7619,2.2222222222222223,10,28.9
2025-07-29T02:53:48.644918,19,7638,2.8947368421052633,10,17.9
2025-07-29T02:53:49.145206,19,7657,3.5789473684210527,10,17.2
2025-07-29T02:53:49.645490,19,7676,4.368421052631579,10,26.6
2025-07-29T02:53:50.145778,19,7695,3.736842105263158,10,25.0
2025-07-29T02:53:50.646055,19,7714,4.842105263157895,10,19.7
2025-07-29T02:53:51.146377,19,7733,2.210526315789474,10,27.0
2025-07-29T02:53:51.646676,29,7762,4.448275862068965,10,14.3
2025-07-29T02:53:52.146956,19,7781,3.210526315789474,10,19.2
2025-07-29T02:53:52.647273,19,7800,4.473684210526316,10,17.9
2025-07-29T02:53:53.147597,19,7819,3.736842105263158,10,24.7
2025-07-29T02:53:53.647954,19,7838,3.3157894736842106,10,24.9
2025-07-29T02:53:54.148284,19,7857,5.2631578947368425,10,31.1
2025-07-29T02:53:54.648634,19,7876,3.0526315789473686,10,19.6
2025-07-29T02:53:55.149002,19,7895,2.0,10,25.6
2025-07-29T02:53:55.651141,19,7914,4.842105263157895,10,24.4
2025-07-29T02:53:56.151856,9,7923,5.0,10,20.1
2025-07-29T02:53:56.652165,19,7942,3.736842105263158,10,20.2
2025-07-29T02:53:57.152462,19,7961,3.3157894736842106,10,8.2
2025-07-29T02:53:57.652736,13,7974,2.1538461538461537,10,14.8
2025-07-29T02:53:58.153035,19,7993,4.473684210526316,10,18.7
2025-07-29T02:53:58.653399,10,8003,3.1,10,27.0
2025-07-29T02:53:59.153748,19,8022,4.0,10,20.4
2025-07-29T02:53:59.654127,19,8041,3.4210526315789473,10,24.4
2025-07-29T02:54:00.154487,19,8060,4.052631578947368,10,21.9
2025-07-29T02:54:00.654767,9,8069,2.2222222222222223,10,25.2
2025-07-29T02:54:01.154975,19,8088,3.6315789473684212,10,22.8
2025-07-29T02:54:01.655193,19,8107,3.0,10,5.6
2025-07-29T02:54:02.155463,10,8117,4.6,10,31.7
2025-07-29T02:54:02.655767,19,8136,3.3157894736842106,10,29.7
2025-07-29T02:54:03.155992,19,8155,5.2631578947368425,10,21.0
2025-07-29T02:54:03.656208,19,8174,5.2631578947368425,10,26.7
2025-07-29T02:54:04.156460,19,8193,3.0526315789473686,10,34.0
2025-07-29T02:54:04.656817,10,8203,5.5,10,4.4
2025-07-29T02:54:05.157188,19,8222,4.7894736842105265,10,16.9
2025-07-29T02:54:05.657561,19,8241,5.2631578947368425,10,21.9
2025-07-29T02:54:06.157927,19,8260,3.3684210526315788,10,25.6
2025-07-29T02:54:06.658259,19,8279,5.2631578947368425,10,19.2
2025-07-29T02:54:07.158604,9,8288,5.0,10,20.6
2025-07-29T02:54:07.658961,19,8307,5.2631578947368425,10,18.1
2025-07-29T02:54:08.159250,19,8326,5.2631578947368425,10,21.4
2025-07-29T02:54:08.659516,19,8345,5.2631578947368425,10,19.2
2025-07-29T02:54:09.159807,19,8364,5.2631578947368425,10,17.2
2025-07-29T02:54:09.660097,19,8383,5.2631578947368425,10,21.5
2025-07-29T02:54:10.160468,19,8402,5.2631578947368425,10,19.6
2025-07-29T02:54:10.661017,19,8421,4.368421052631579,10,11.2
2025-07-29T02:54:11.161352,19,8440,5.2631578947368425,10,21.9
2025-07-29T02:54:11.661747,19,8459,4.7894736842105265,10,19.3
2025-07-29T02:54:12.162022,19,8478,5.2631578947368425,10,25.0
2025-07-29T02:54:12.662399,10,8488,5.5,10,23.0
2025-07-29T02:54:13.162653,19,8507,5.2631578947368425,10,28.4
2025-07-29T02:54:13.662895,19,8526,2.3684210526315788,10,38.8
2025-07-29T02:54:14.163960,19,8545,2.8947368421052633,10,57.2
2025-07-29T02:54:14.664246,29,8574,3.7586206896551726,10,22.1
2025-07-29T02:54:15.164464,19,8593,5.2631578947368425,10,15.5
2025-07-29T02:54:15.664687,38,8631,3.6578947368421053,10,25.3
2025-07-29T02:54:16.164919,29,8660,5.344827586206897,10,24.8
2025-07-29T02:54:16.668511,29,8689,2.5517241379310347,10,28.9
2025-07-29T02:54:17.168740,29,8718,2.413793103448276,10,24.9
2025-07-29T02:54:17.668967,29,8747,2.6206896551724137,10,23.8
2025-07-29T02:54:18.169173,38,8785,3.6315789473684212,10,24.6
2025-07-29T02:54:18.669402,29,8814,2.7586206896551726,10,27.7
2025-07-29T02:54:19.169627,38,8852,3.4473684210526314,10,34.2
2025-07-29T02:54:19.669842,39,8891,3.051282051282051,10,31.9
2025-07-29T02:54:20.170056,38,8929,5.2631578947368425,10,23.7
2025-07-29T02:54:20.670262,28,8957,3.9642857142857144,10,18.3
2025-07-29T02:54:21.170465,29,8986,1.793103448275862,10,31.3
2025-07-29T02:54:21.670859,38,9024,4.157894736842105,10,18.5
2025-07-29T02:54:22.171090,29,9053,3.3448275862068964,10,31.3
2025-07-29T02:54:22.671303,38,9091,3.763157894736842,10,22.6
2025-07-29T02:54:23.171569,38,9129,3.1578947368421053,10,19.7
2025-07-29T02:54:23.671799,38,9167,4.026315789473684,10,24.9
2025-07-29T02:54:24.172082,38,9205,3.3157894736842106,10,21.9
2025-07-29T02:54:24.672351,39,9244,3.051282051282051,10,29.6
2025-07-29T02:54:25.172641,19,9263,2.736842105263158,10,22.4
2025-07-29T02:54:25.672946,39,9302,3.769230769230769,10,21.7
2025-07-29T02:54:26.173320,28,9330,1.8571428571428572,10,22.3
2025-07-29T02:54:26.673560,38,9368,2.789473684210526,10,16.8
2025-07-29T02:54:27.173775,39,9407,3.6153846153846154,10,24.8
2025-07-29T02:54:27.673966,28,9435,3.857142857142857,10,19.0
2025-07-29T02:54:28.174166,29,9464,1.6206896551724137,10,30.5
2025-07-29T02:54:28.674389,19,9483,2.736842105263158,10,23.7
2025-07-29T02:54:29.174624,29,9512,4.551724137931035,10,20.2
2025-07-29T02:54:29.674871,19,9531,5.2631578947368425,10,22.4
2025-07-29T02:54:30.175101,29,9560,3.5172413793103448,10,23.1
2025-07-29T02:54:30.675338,29,9589,3.4827586206896552,10,22.0
2025-07-29T02:54:31.175575,28,9617,3.6785714285714284,10,20.5
2025-07-29T02:54:31.675859,19,9636,2.6842105263157894,10,31.7
2025-07-29T02:54:32.176085,29,9665,3.896551724137931,10,22.8
2025-07-29T02:54:32.676353,19,9684,5.2631578947368425,10,33.3
2025-07-29T02:54:33.176648,29,9713,3.310344827586207,10,20.9
2025-07-29T02:54:33.676882,19,9732,4.2105263157894735,10,32.7
2025-07-29T02:54:34.177096,29,9761,4.206896551724138,10,14.0
2025-07-29T02:54:34.677319,19,9780,2.6315789473684212,10,21.5
2025-07-29T02:54:35.177543,19,9799,2.263157894736842,10,31.7
2025-07-29T02:54:35.677893,19,9818,4.0,10,20.0
2025-07-29T02:54:36.178285,29,9847,3.7241379310344827,10,14.4
2025-07-29T02:54:36.678667,19,9866,3.789473684210526,10,20.7
2025-07-29T02:54:37.178965,19,9885,3.526315789473684,10,22.7
2025-07-29T02:54:37.679337,19,9904,2.6315789473684212,10,33.1
2025-07-29T02:54:38.179681,28,9932,3.357142857142857,10,21.9
2025-07-29T02:54:38.679893,19,9951,3.5789473684210527,10,17.9
2025-07-29T02:54:39.180116,20,9971,2.3,10,21.5
2025-07-29T02:54:39.680391,28,9999,3.857142857142857,10,22.0
2025-07-29T02:54:40.180662,12,10011,4.083333333333333,10,22.0
2025-07-29T02:54:40.680990,19,10030,5.2631578947368425,10,24.3
2025-07-29T02:54:41.181305,19,10049,5.2631578947368425,10,27.1
2025-07-29T02:54:41.681672,29,10078,3.586206896551724,10,24.4
2025-07-29T02:54:42.181962,9,10087,5.0,10,20.2
2025-07-29T02:54:42.682250,29,10116,3.9655172413793105,10,26.9
2025-07-29T02:54:43.182527,19,10135,4.368421052631579,10,9.6
2025-07-29T02:54:43.682762,19,10154,3.0526315789473686,10,31.9
2025-07-29T02:54:44.182985,29,10183,3.0344827586206895,10,27.9
2025-07-29T02:54:44.683205,19,10202,4.526315789473684,10,19.4
2025-07-29T02:54:45.183434,19,10221,3.0,10,31.6
2025-07-29T02:54:45.683780,19,10240,4.842105263157895,10,17.8
2025-07-29T02:54:46.184328,18,10258,3.111111111111111,10,33.2
2025-07-29T02:54:46.685773,19,10277,3.0526315789473686,10,27.9
2025-07-29T02:54:47.186039,19,10296,5.2631578947368425,10,22.6
2025-07-29T02:54:47.686248,29,10325,3.586206896551724,10,23.4
2025-07-29T02:54:48.186442,19,10344,2.473684210526316,10,33.9
2025-07-29T02:54:48.686652,19,10363,5.2631578947368425,10,22.2
2025-07-29T02:54:49.186879,19,10382,3.210526315789474,10,20.2
2025-07-29T02:54:49.687155,29,10411,3.8620689655172415,10,31.8
2025-07-29T02:54:50.187369,19,10430,5.2631578947368425,10,13.8
2025-07-29T02:54:50.687585,19,10449,5.2631578947368425,10,22.3
2025-07-29T02:54:51.187808,19,10468,5.2631578947368425,10,19.2
2025-07-29T02:54:51.688034,19,10487,3.263157894736842,10,20.8
2025-07-29T02:54:52.188246,19,10506,3.263157894736842,10,27.9
2025-07-29T02:54:52.688456,29,10535,4.517241379310345,10,19.3
2025-07-29T02:54:53.193914,9,10544,2.7777777777777777,10,40.5
2025-07-29T02:54:53.694235,29,10573,3.5172413793103448,10,9.9
2025-07-29T02:54:54.194497,20,10593,2.05,10,30.6
2025-07-29T02:54:54.694772,19,10612,2.210526315789474,10,25.6
2025-07-29T02:54:55.195001,28,10640,3.5714285714285716,10,23.9
2025-07-29T02:54:55.695213,19,10659,3.736842105263158,10,24.1
2025-07-29T02:54:56.195435,19,10678,3.5789473684210527,10,29.6
2025-07-29T02:54:56.695679,19,10697,5.2631578947368425,10,15.3
2025-07-29T02:54:57.195983,19,10716,4.368421052631579,10,22.9
2025-07-29T02:54:57.696280,19,10735,3.3157894736842106,10,29.6
2025-07-29T02:54:58.196568,19,10754,3.4210526315789473,10,24.6
2025-07-29T02:54:58.696896,20,10774,3.35,10,25.3
2025-07-29T02:54:59.197212,28,10802,4.321428571428571,10,22.5
2025-07-29T02:54:59.697467,19,10821,2.526315789473684,10,26.2
2025-07-29T02:55:00.197688,19,10840,2.8421052631578947,10,22.6
2025-07-29T02:55:00.697943,19,10859,1.631578947368421,10,8.8
2025-07-29T02:55:01.198168,19,10878,4.0,10,29.3
2025-07-29T02:55:01.698388,10,10888,3.9,10,29.0
2025-07-29T02:55:02.198588,19,10907,2.8421052631578947,10,27.5
2025-07-29T02:55:02.698801,19,10926,4.842105263157895,10,26.6
2025-07-29T02:55:03.199005,19,10945,3.9473684210526314,10,24.2
2025-07-29T02:55:03.699194,19,10964,3.263157894736842,10,29.0
2025-07-29T02:55:04.199415,9,10973,1.2222222222222223,10,25.7
2025-07-29T02:55:04.699734,19,10992,4.2105263157894735,10,29.2
2025-07-29T02:55:05.200101,20,11012,3.25,10,21.7
2025-07-29T02:55:05.700467,19,11031,2.8947368421052633,10,25.7
2025-07-29T02:55:06.200881,19,11050,2.473684210526316,10,25.0
2025-07-29T02:55:06.701232,19,11069,2.473684210526316,10,27.0
2025-07-29T02:55:07.201536,9,11078,2.2222222222222223,10,24.1
2025-07-29T02:55:07.701745,19,11097,2.1578947368421053,10,22.4
2025-07-29T02:55:08.202014,19,11116,1.2105263157894737,10,21.8
2025-07-29T02:55:08.702334,19,11135,2.1578947368421053,10,21.4
2025-07-29T02:55:09.202613,19,11154,1.0526315789473684,10,16.2
2025-07-29T02:55:09.702903,19,11173,2.8421052631578947,10,23.0
2025-07-29T02:55:10.203199,10,11183,5.5,10,24.3
2025-07-29T02:55:10.703432,19,11202,4.315789473684211,10,26.6
2025-07-29T02:55:11.203735,18,11220,3.111111111111111,10,22.9
2025-07-29T02:55:11.703946,19,11239,2.1052631578947367,10,30.5
2025-07-29T02:55:12.205853,19,11258,2.8947368421052633,10,18.6
2025-07-29T02:55:12.706103,19,11277,3.9473684210526314,10,23.6
2025-07-29T02:55:13.206508,19,11296,2.473684210526316,10,20.5
2025-07-29T02:55:13.706720,9,11305,2.7777777777777777,10,24.8
2025-07-29T02:55:14.206995,19,11324,4.7894736842105265,10,20.3
2025-07-29T02:55:14.707233,19,11343,3.9473684210526314,10,22.5
2025-07-29T02:55:15.207630,10,11353,4.6,10,14.5
2025-07-29T02:55:15.707990,19,11372,5.2631578947368425,10,28.3
2025-07-29T02:55:16.208362,19,11391,4.368421052631579,10,29.4
2025-07-29T02:55:16.708727,19,11410,3.5789473684210527,10,23.5
2025-07-29T02:55:17.209020,19,11429,2.3157894736842106,10,28.6
2025-07-29T02:55:17.714369,19,11448,4.0,10,24.2
2025-07-29T02:55:18.214646,9,11457,1.7777777777777777,10,22.7
2025-07-29T02:55:18.714951,19,11476,3.210526315789474,10,18.1
2025-07-29T02:55:19.215224,19,11495,4.368421052631579,10,12.7
2025-07-29T02:55:19.715510,10,11505,4.6,10,21.1
2025-07-29T02:55:20.215737,19,11524,2.0526315789473686,10,27.1
2025-07-29T02:55:20.715979,19,11543,3.0526315789473686,10,5.2
2025-07-29T02:55:21.216201,10,11553,4.6,10,21.0
2025-07-29T02:55:21.716440,19,11572,3.0526315789473686,10,32.6
2025-07-29T02:55:22.216651,19,11591,1.5789473684210527,10,29.7
2025-07-29T02:55:22.716873,19,11610,1.5263157894736843,10,23.5
2025-07-29T02:55:23.220785,19,11629,4.368421052631579,10,22.6
2025-07-29T02:55:23.722029,9,11638,4.111111111111111,10,25.6
2025-07-29T02:55:24.222388,19,11657,3.0,10,8.8
2025-07-29T02:55:24.722615,10,11667,1.3,10,75.1
2025-07-29T02:55:25.222898,19,11686,2.6842105263157894,10,15.1
2025-07-29T02:55:25.723180,10,11696,3.8,10,37.8
2025-07-29T02:55:26.223398,19,11715,3.6842105263157894,10,58.3
2025-07-29T02:55:26.723621,10,11725,4.6,10,10.2
2025-07-29T02:55:27.223860,19,11744,3.4210526315789473,10,20.6
2025-07-29T02:55:27.724088,9,11753,5.0,10,27.4
2025-07-29T02:55:28.224365,19,11772,3.0526315789473686,10,21.9
2025-07-29T02:55:28.724660,19,11791,5.2631578947368425,10,8.1
2025-07-29T02:55:29.225022,10,11801,5.5,10,26.5
2025-07-29T02:55:29.725385,19,11820,5.2631578947368425,10,25.3
2025-07-29T02:55:30.225736,9,11829,4.111111111111111,10,25.2
2025-07-29T02:55:30.726029,19,11848,4.842105263157895,10,20.4
2025-07-29T02:55:31.226274,19,11867,4.7894736842105265,10,17.4
2025-07-29T02:55:31.726696,10,11877,5.5,10,26.2
2025-07-29T02:55:32.226983,19,11896,3.736842105263158,10,38.1
2025-07-29T02:55:32.727367,19,11915,2.1052631578947367,10,29.3
2025-07-29T02:55:33.227627,19,11934,5.2631578947368425,10,27.4
2025-07-29T02:55:33.727866,9,11943,4.111111111111111,10,15.0
2025-07-29T02:55:34.233943,10,11953,2.2,10,12.0
2025-07-29T02:55:34.734196,19,11972,3.1578947368421053,10,26.1
2025-07-29T02:55:35.234435,19,11991,3.0,10,23.6
2025-07-29T02:55:35.735206,19,12010,1.5263157894736843,10,23.6
2025-07-29T02:55:36.235577,9,12019,1.3333333333333333,10,24.4
2025-07-29T02:55:36.736247,19,12038,1.9473684210526316,10,23.2
2025-07-29T02:55:37.236528,10,12048,1.3,10,25.6
2025-07-29T02:55:37.736823,9,12057,1.1111111111111112,10,38.1
2025-07-29T02:55:38.237045,19,12076,4.7894736842105265,10,21.5
2025-07-29T02:55:38.737358,19,12095,1.105263157894737,10,12.1
2025-07-29T02:55:39.237688,19,12114,1.0526315789473684,10,25.2
2025-07-29T02:55:39.737982,10,12124,5.5,10,28.6
2025-07-29T02:55:40.238294,19,12143,3.736842105263158,10,30.3
2025-07-29T02:55:40.738557,19,12162,3.1578947368421053,10,25.0
2025-07-29T02:55:41.238788,9,12171,1.2222222222222223,10,28.7
2025-07-29T02:55:41.739023,19,12190,2.1578947368421053,10,23.0
2025-07-29T02:55:42.239245,10,12200,4.6,10,15.1
2025-07-29T02:55:42.739468,19,12219,1.8421052631578947,10,25.9
2025-07-29T02:55:43.239692,19,12238,2.3684210526315788,10,28.1
2025-07-29T02:55:43.739977,9,12247,5.0,10,39.3
2025-07-29T02:55:44.240267,19,12266,3.263157894736842,10,18.9
2025-07-29T02:55:44.740645,19,12285,3.526315789473684,10,25.3
2025-07-29T02:55:45.240863,10,12295,4.6,10,29.3
2025-07-29T02:55:45.741139,19,12314,4.842105263157895,10,22.9
2025-07-29T02:55:46.241412,19,12333,3.526315789473684,10,23.6
2025-07-29T02:55:46.741633,9,12342,4.111111111111111,10,22.9
2025-07-29T02:55:47.241855,19,12361,2.0,10,14.0
2025-07-29T02:55:47.742154,19,12380,3.3157894736842106,10,10.5
2025-07-29T02:55:48.242366,10,12390,2.6,10,26.7
2025-07-29T02:55:48.742601,19,12409,1.9473684210526316,10,31.2
2025-07-29T02:55:49.242838,19,12428,2.0526315789473686,10,34.1
2025-07-29T02:55:49.743060,9,12437,4.111111111111111,10,25.6
2025-07-29T02:55:50.243291,19,12456,3.263157894736842,10,23.2
2025-07-29T02:55:50.743592,19,12475,3.9473684210526314,10,21.0
2025-07-29T02:55:51.243971,10,12485,5.5,10,18.3
2025-07-29T02:55:51.744355,19,12504,4.842105263157895,10,31.3
2025-07-29T02:55:52.244673,9,12513,1.3333333333333333,10,36.0
2025-07-29T02:55:52.745027,19,12532,2.9473684210526314,10,20.5
2025-07-29T02:55:53.245362,10,12542,1.5,10,64.5
2025-07-29T02:55:53.745593,19,12561,5.2631578947368425,10,11.3
2025-07-29T02:55:54.245826,10,12571,3.4,10,28.2
2025-07-29T02:55:54.746067,19,12590,5.2631578947368425,10,33.0
2025-07-29T02:55:55.246289,9,12599,5.0,10,39.0
2025-07-29T02:55:55.746551,19,12618,2.8947368421052633,10,14.0
2025-07-29T02:55:56.246801,10,12628,1.3,10,42.9
2025-07-29T02:55:56.747042,19,12647,2.3157894736842106,10,29.7
2025-07-29T02:55:57.247264,9,12656,5.0,10,38.9
2025-07-29T02:55:57.747583,19,12675,3.0526315789473686,10,17.5
2025-07-29T02:55:58.247876,19,12694,3.526315789473684,10,23.8
2025-07-29T02:55:58.748229,10,12704,3.1,10,29.2
2025-07-29T02:55:59.248605,19,12723,3.4210526315789473,10,23.2
2025-07-29T02:55:59.765349,19,12742,3.8333333333333335,10,30.4
2025-07-29T02:56:00.265722,4,12746,2.2,10,22.6
2025-07-29T02:56:00.766023,18,12764,1.9444444444444444,10,19.5
2025-07-29T02:56:01.266362,19,12783,3.3684210526315788,10,17.0
2025-07-29T02:56:01.766785,19,12802,2.9473684210526314,10,17.1
2025-07-29T02:56:02.267134,10,12812,1.1,10,23.8
2025-07-29T02:56:02.767481,19,12831,3.210526315789474,10,24.2
2025-07-29T02:56:03.267755,19,12850,2.263157894736842,10,34.1
2025-07-29T02:56:03.767992,9,12859,4.111111111111111,10,30.9
2025-07-29T02:56:04.268244,19,12878,1.4210526315789473,10,23.1
2025-07-29T02:56:04.768476,19,12897,2.0526315789473686,10,8.3
2025-07-29T02:56:05.268688,10,12907,1.3,10,32.6
2025-07-29T02:56:05.768907,19,12926,2.736842105263158,10,29.9
2025-07-29T02:56:06.269167,9,12935,4.111111111111111,10,37.4
2025-07-29T02:56:06.769396,19,12954,1.9473684210526316,10,25.3
2025-07-29T02:56:07.269607,19,12973,4.368421052631579,10,10.6
2025-07-29T02:56:07.769916,19,12992,2.3684210526315788,10,21.9
2025-07-29T02:56:08.270207,10,13002,3.9,10,29.6
2025-07-29T02:56:08.770581,19,13021,2.6842105263157894,10,23.3
2025-07-29T02:56:09.270882,9,13030,5.0,10,30.2
2025-07-29T02:56:09.771165,19,13049,2.473684210526316,10,14.5
2025-07-29T02:56:10.271531,19,13068,4.368421052631579,10,18.7
2025-07-29T02:56:10.771885,10,13078,2.1,10,36.7
2025-07-29T02:56:11.272164,19,13097,3.3157894736842106,10,27.6
2025-07-29T02:56:11.772387,9,13106,2.111111111111111,10,24.5
2025-07-29T02:56:12.272618,19,13125,1.263157894736842,10,22.4
2025-07-29T02:56:12.772847,10,13135,2.5,10,44.6
2025-07-29T02:56:13.273071,19,13154,3.5789473684210527,10,36.0
2025-07-29T02:56:13.773286,9,13163,5.0,10,19.4
2025-07-29T02:56:14.273555,19,13182,5.2631578947368425,10,16.0
2025-07-29T02:56:14.773870,19,13201,5.2631578947368425,10,8.0
2025-07-29T02:56:15.274183,10,13211,5.5,10,17.2
2025-07-29T02:56:15.774522,19,13230,3.8421052631578947,10,27.0
2025-07-29T02:56:16.281107,19,13249,4.0,10,61.7
2025-07-29T02:56:16.782053,10,13259,2.0,10,29.0
2025-07-29T02:56:17.282270,19,13278,2.1052631578947367,10,31.3
2025-07-29T02:56:17.782434,9,13287,4.111111111111111,10,26.8
2025-07-29T02:56:18.282723,19,13306,2.5789473684210527,10,20.0
2025-07-29T02:56:18.783113,10,13316,3.8,10,18.8
2025-07-29T02:56:19.284052,0,13316,8.0,10,3.3
2025-07-29T02:56:19.785001,0,13316,8.0,10,3.1
2025-07-29T02:56:20.286015,0,13316,8.0,10,2.1
2025-07-29T02:56:20.786851,0,13316,8.0,10,1.9
2025-07-29T02:56:21.287854,0,13316,8.0,10,1.0
2025-07-29T02:56:21.788836,0,13316,8.0,10,0.5
2025-07-29T02:56:22.289795,0,13316,8.0,10,0.9
2025-07-29T02:56:22.790841,0,13316,8.0,10,1.1
2025-07-29T02:56:23.291831,0,13316,8.0,10,1.2
2025-07-29T02:56:23.792853,0,13316,8.0,10,1.7
2025-07-29T02:56:24.293890,0,13316,8.0,10,0.8
2025-07-29T02:56:24.794882,0,13316,8.0,10,0.6
2025-07-29T02:56:25.295865,0,13316,8.0,10,0.6
2025-07-29T02:56:25.796595,0,13316,8.0,10,0.7
2025-07-29T02:56:26.297357,0,13316,8.0,10,2.0
2025-07-29T02:56:26.798028,0,13316,8.0,10,0.9
2025-07-29T02:56:27.298727,0,13316,8.0,10,0.4
2025-07-29T02:56:27.799310,0,13316,8.0,10,1.8
2025-07-29T02:56:28.300018,0,13316,8.0,10,0.9
2025-07-29T02:56:28.800618,0,13316,8.0,10,2.3
2025-07-29T02:56:29.301207,0,13316,8.0,10,7.3
2025-07-29T02:56:29.801758,0,13316,8.0,10,2.4
2025-07-29T02:56:30.302346,0,13316,8.0,10,2.4
2025-07-29T02:56:30.802925,0,13316,8.0,10,3.0
2025-07-29T02:56:31.303463,0,13316,8.0,10,3.2
