timestamp,interval_count,total_count,queue_size,max_queue_size,cpu_percent
2025-07-29T02:56:41.417451,40,40,4.4,10,100.0
2025-07-29T02:56:41.917741,29,69,3.8620689655172415,10,40.3
2025-07-29T02:56:42.418021,40,109,3.625,10,34.6
2025-07-29T02:56:42.918310,39,148,2.5128205128205128,10,19.2
2025-07-29T02:56:43.418571,40,188,3.4,10,44.7
2025-07-29T02:56:43.918931,29,217,3.5517241379310347,10,11.0
2025-07-29T02:56:44.419211,30,247,2.3333333333333335,10,35.2
2025-07-29T02:56:44.919825,39,286,4.153846153846154,10,12.3
2025-07-29T02:56:45.420197,20,306,3.0,10,47.6
2025-07-29T02:56:45.920542,39,345,3.41025641025641,10,10.5
2025-07-29T02:56:46.420821,30,375,3.933333333333333,10,36.6
2025-07-29T02:56:46.921106,39,414,2.5641025641025643,10,15.0
2025-07-29T02:56:47.421466,20,434,3.65,10,45.7
2025-07-29T02:56:47.921702,29,463,3.896551724137931,10,19.1
2025-07-29T02:56:48.421929,29,492,2.206896551724138,10,29.8
2025-07-29T02:56:48.922173,30,522,3.3,10,32.7
2025-07-29T02:56:49.422407,19,541,3.736842105263158,10,24.2
2025-07-29T02:56:49.922679,30,571,2.7,10,25.3
2025-07-29T02:56:50.422888,19,590,3.3157894736842106,10,21.3
2025-07-29T02:56:50.923125,30,620,3.5,10,33.8
2025-07-29T02:56:51.423393,19,639,2.6315789473684212,10,13.8
2025-07-29T02:56:51.923652,20,659,3.85,10,27.1
2025-07-29T02:56:52.423902,20,679,1.7,10,17.8
2025-07-29T02:56:52.924146,19,698,2.789473684210526,10,23.1
2025-07-29T02:56:53.424483,19,717,1.7894736842105263,10,26.2
2025-07-29T02:56:53.924719,20,737,3.05,10,36.7
2025-07-29T02:56:54.424978,10,747,2.2,10,13.8
2025-07-29T02:56:54.925202,19,766,2.6842105263157894,10,18.5
2025-07-29T02:56:55.425416,19,785,4.368421052631579,10,31.2
2025-07-29T02:56:55.925665,10,795,3.8,10,31.0
2025-07-29T02:56:56.425884,20,815,1.9,10,19.5
2025-07-29T02:56:56.926120,19,834,3.3157894736842106,10,11.9
2025-07-29T02:56:57.426366,10,844,4.6,10,33.2
2025-07-29T02:56:57.926612,19,863,2.6315789473684212,10,14.7
2025-07-29T02:56:58.426837,10,873,1.5,10,43.1
2025-07-29T02:56:58.927087,19,892,3.6842105263157894,10,7.3
2025-07-29T02:56:59.427335,10,902,4.6,10,35.3
2025-07-29T02:56:59.927671,20,922,2.6,10,30.9
2025-07-29T02:57:00.427885,19,941,2.789473684210526,10,11.2
2025-07-29T02:57:00.928103,10,951,1.4,10,55.2
2025-07-29T02:57:01.428378,19,970,1.631578947368421,10,5.3
2025-07-29T02:57:01.928720,10,980,1.2,10,13.8
2025-07-29T02:57:02.429099,20,1000,3.85,10,33.5
2025-07-29T02:57:02.929543,19,1019,4.842105263157895,10,12.3
2025-07-29T02:57:03.430041,10,1029,1.3,10,57.7
2025-07-29T02:57:03.930375,9,1038,5.0,10,20.9
2025-07-29T02:57:04.430764,10,1048,1.5,10,49.3
2025-07-29T02:57:04.931145,19,1067,5.2631578947368425,10,11.8
2025-07-29T02:57:05.431389,20,1087,5.05,10,51.5
2025-07-29T02:57:05.931673,10,1097,3.8,10,15.6
2025-07-29T02:57:06.431888,19,1116,3.6315789473684212,10,17.1
2025-07-29T02:57:06.932111,20,1136,1.5,10,40.2
2025-07-29T02:57:07.432330,9,1145,3.3333333333333335,10,11.7
2025-07-29T02:57:07.932561,20,1165,3.2,10,36.7
2025-07-29T02:57:08.432821,19,1184,3.5789473684210527,10,9.6
2025-07-29T02:57:08.933058,10,1194,3.2,10,35.9
2025-07-29T02:57:09.433349,19,1213,5.2631578947368425,10,9.7
2025-07-29T02:57:09.933920,20,1233,3.5,10,42.6
2025-07-29T02:57:10.435485,19,1252,3.6842105263157894,10,4.8
2025-07-29T02:57:10.935783,10,1262,2.8,10,22.4
2025-07-29T02:57:11.436012,20,1282,1.65,10,24.3
2025-07-29T02:57:11.936230,9,1291,1.5555555555555556,10,8.0
2025-07-29T02:57:12.436454,20,1311,3.1,10,60.2
2025-07-29T02:57:12.936697,10,1321,2.0,10,15.4
2025-07-29T02:57:13.436981,19,1340,3.736842105263158,10,26.0
2025-07-29T02:57:13.937200,10,1350,1.3,10,39.7
2025-07-29T02:57:14.437455,19,1369,4.2105263157894735,10,9.1
2025-07-29T02:57:14.937670,20,1389,3.35,10,40.3
2025-07-29T02:57:15.437954,19,1408,4.368421052631579,10,4.9
2025-07-29T02:57:15.938197,10,1418,2.6,10,23.7
2025-07-29T02:57:16.438498,20,1438,2.4,10,27.5
2025-07-29T02:57:16.938811,9,1447,5.0,10,18.1
2025-07-29T02:57:17.439156,20,1467,1.65,10,47.4
2025-07-29T02:57:17.939397,10,1477,4.6,10,16.9
2025-07-29T02:57:18.439629,19,1496,5.2631578947368425,10,12.4
2025-07-29T02:57:18.939848,20,1516,3.15,10,30.4
2025-07-29T02:57:19.440077,9,1525,2.7777777777777777,10,21.7
2025-07-29T02:57:19.940313,20,1545,3.35,10,48.5
2025-07-29T02:57:20.440619,19,1564,1.0,10,10.3
2025-07-29T02:57:20.940870,10,1574,1.0,10,27.8
2025-07-29T02:57:21.441142,19,1593,5.2631578947368425,10,27.9
2025-07-29T02:57:21.941374,10,1603,5.5,10,21.1
2025-07-29T02:57:22.441638,19,1622,5.2631578947368425,10,28.5
2025-07-29T02:57:22.941845,20,1642,4.05,10,32.6
2025-07-29T02:57:23.442061,10,1652,5.5,10,18.8
2025-07-29T02:57:23.942317,19,1671,3.0,10,19.7
2025-07-29T02:57:24.442552,10,1681,3.4,10,44.2
2025-07-29T02:57:24.942784,19,1700,3.4210526315789473,10,13.5
2025-07-29T02:57:25.443026,10,1710,1.7,10,43.4
2025-07-29T02:57:25.943281,19,1729,3.3157894736842106,10,7.4
2025-07-29T02:57:26.443498,10,1739,5.5,10,29.4
2025-07-29T02:57:26.943763,20,1759,2.75,10,26.4
2025-07-29T02:57:27.444015,19,1778,3.210526315789474,10,15.4
2025-07-29T02:57:27.944237,10,1788,1.1,10,53.4
2025-07-29T02:57:28.444466,19,1807,3.3157894736842106,10,8.4
2025-07-29T02:57:28.944688,20,1827,2.9,10,37.2
2025-07-29T02:57:29.444908,10,1837,1.7,10,6.8
2025-07-29T02:57:29.945159,19,1856,1.4736842105263157,10,15.0
2025-07-29T02:57:30.445408,10,1866,3.8,10,35.7
2025-07-29T02:57:30.945651,19,1885,3.9473684210526314,10,11.5
2025-07-29T02:57:31.445865,10,1895,2.0,10,41.7
2025-07-29T02:57:31.946071,19,1914,2.0,10,9.0
2025-07-29T02:57:32.446265,20,1934,1.45,10,34.3
2025-07-29T02:57:32.946455,9,1943,2.7777777777777777,10,8.5
2025-07-29T02:57:33.446707,20,1963,2.95,10,37.8
2025-07-29T02:57:33.946967,19,1982,3.736842105263158,10,8.1
2025-07-29T02:57:34.447211,10,1992,2.8,10,15.2
2025-07-29T02:57:34.947471,20,2012,2.3,10,27.5
2025-07-29T02:57:35.447697,19,2031,2.210526315789474,10,9.5
2025-07-29T02:57:35.948026,10,2041,1.4,10,50.3
2025-07-29T02:57:36.448331,19,2060,2.526315789473684,10,16.8
2025-07-29T02:57:36.948567,10,2070,4.6,10,26.9
2025-07-29T02:57:37.450484,19,2089,4.7894736842105265,10,34.1
2025-07-29T02:57:37.950733,10,2099,3.1,10,22.3
2025-07-29T02:57:38.450951,10,2109,5.5,10,27.3
2025-07-29T02:57:38.951200,19,2128,2.8947368421052633,10,18.7
2025-07-29T02:57:39.451433,10,2138,2.6,10,28.3
2025-07-29T02:57:39.951654,19,2157,1.4210526315789473,10,9.6
2025-07-29T02:57:40.451962,20,2177,2.1,10,39.4
2025-07-29T02:57:40.952163,19,2196,2.526315789473684,10,4.7
2025-07-29T02:57:41.452402,10,2206,2.0,10,24.0
2025-07-29T02:57:41.952660,19,2225,3.0,10,24.2
2025-07-29T02:57:42.452877,10,2235,5.5,10,24.4
2025-07-29T02:57:42.953133,19,2254,5.2631578947368425,10,24.3
2025-07-29T02:57:43.453419,10,2264,5.5,10,34.8
2025-07-29T02:57:43.953653,19,2283,3.473684210526316,10,23.0
2025-07-29T02:57:44.453901,20,2303,1.45,10,40.5
2025-07-29T02:57:44.954217,10,2313,2.1,10,22.5
2025-07-29T02:57:45.454579,19,2332,4.2105263157894735,10,19.7
2025-07-29T02:57:45.954917,10,2342,2.6,10,69.6
2025-07-29T02:57:46.455196,19,2361,2.9473684210526314,10,14.9
2025-07-29T02:57:46.956421,20,2381,1.4705882352941178,10,38.8
2025-07-29T02:57:47.458199,10,2391,2.3076923076923075,10,32.0
2025-07-29T02:57:47.958573,19,2410,3.9473684210526314,10,11.9
2025-07-29T02:57:48.458884,10,2420,4.6,10,47.4
2025-07-29T02:57:48.959204,19,2439,3.526315789473684,10,8.8
2025-07-29T02:57:49.459499,20,2459,2.4,10,37.0
2025-07-29T02:57:49.959799,10,2469,1.5,10,22.7
2025-07-29T02:57:50.460187,19,2488,4.2105263157894735,10,15.0
2025-07-29T02:57:50.960513,10,2498,1.5,10,52.3
2025-07-29T02:57:51.460799,19,2517,2.789473684210526,10,9.5
2025-07-29T02:57:51.961115,20,2537,3.8,10,39.8
2025-07-29T02:57:52.461440,10,2547,5.5,10,4.6
2025-07-29T02:57:52.961718,19,2566,5.2631578947368425,10,14.6
2025-07-29T02:57:53.462115,19,2585,4.842105263157895,10,30.3
2025-07-29T02:57:53.962334,10,2595,4.6,10,20.0
2025-07-29T02:57:54.462563,20,2615,3.8,10,35.5
2025-07-29T02:57:54.962838,19,2634,4.368421052631579,10,10.8
2025-07-29T02:57:55.463054,10,2644,1.8,10,41.7
2025-07-29T02:57:55.963348,19,2663,4.0,10,10.5
2025-07-29T02:57:56.463742,20,2683,3.15,10,40.1
2025-07-29T02:57:56.964142,10,2693,3.8,10,6.9
2025-07-29T02:57:57.464499,19,2712,4.368421052631579,10,11.2
2025-07-29T02:57:57.964886,10,2722,1.1,10,43.6
2025-07-29T02:57:58.465208,19,2741,1.5789473684210527,10,9.0
2025-07-29T02:57:58.965545,10,2751,2.1,10,36.9
2025-07-29T02:57:59.465837,19,2770,4.368421052631579,10,9.0
2025-07-29T02:57:59.966129,20,2790,3.85,10,37.8
2025-07-29T02:58:00.466500,9,2799,5.0,10,9.0
2025-07-29T02:58:00.966828,20,2819,3.5,10,47.1
2025-07-29T02:58:01.545275,19,2838,2.3333333333333335,10,6.7
2025-07-29T02:58:02.051286,10,2848,5.090909090909091,10,38.1
2025-07-29T02:58:02.551530,19,2867,1.736842105263158,10,8.4
2025-07-29T02:58:03.051778,20,2887,1.65,10,38.8
2025-07-29T02:58:03.552039,19,2906,1.3157894736842106,10,7.1
2025-07-29T02:58:04.055826,20,2926,3.6363636363636362,10,29.4
2025-07-29T02:58:04.556709,10,2936,1.894736842105263,10,23.6
2025-07-29T02:58:05.056922,19,2955,3.5789473684210527,10,14.4
2025-07-29T02:58:05.561033,20,2975,3.55,10,32.2
2025-07-29T02:58:06.061272,9,2984,1.3333333333333333,10,10.2
2025-07-29T02:58:06.561454,20,3004,4.2,10,38.5
2025-07-29T02:58:07.061655,19,3023,3.6842105263157894,10,4.9
2025-07-29T02:58:07.561873,10,3033,5.5,10,19.4
2025-07-29T02:58:08.062091,20,3053,1.9,10,28.3
2025-07-29T02:58:08.562286,19,3072,4.842105263157895,10,14.8
2025-07-29T02:58:09.062449,10,3082,3.9,10,32.7
2025-07-29T02:58:09.562682,19,3101,4.157894736842105,10,6.3
2025-07-29T02:58:10.062958,10,3111,1.3,10,29.3
2025-07-29T02:58:10.563183,20,3131,3.6,10,15.1
2025-07-29T02:58:11.063401,19,3150,3.5789473684210527,10,13.3
2025-07-29T02:58:11.563611,10,3160,2.1,10,41.4
2025-07-29T02:58:12.063829,19,3179,2.9473684210526314,10,9.4
2025-07-29T02:58:12.564040,20,3199,2.15,10,46.5
2025-07-29T02:58:13.064287,19,3218,2.1052631578947367,10,8.0
2025-07-29T02:58:13.564507,10,3228,5.5,10,19.8
2025-07-29T02:58:14.064743,19,3247,4.842105263157895,10,28.1
2025-07-29T02:58:14.565002,10,3257,3.1,10,28.1
2025-07-29T02:58:15.065201,19,3276,2.1578947368421053,10,18.7
2025-07-29T02:58:15.565422,20,3296,2.6,10,38.7
2025-07-29T02:58:16.065701,10,3306,4.6,10,7.3
2025-07-29T02:58:16.565977,19,3325,2.0526315789473686,10,21.3
2025-07-29T02:58:17.066194,20,3345,3.2,10,47.8
2025-07-29T02:58:17.566412,19,3364,1.736842105263158,10,9.9
2025-07-29T02:58:18.066619,10,3374,1.5,10,54.6
2025-07-29T02:58:18.566887,19,3393,1.3157894736842106,10,4.8
2025-07-29T02:58:19.067136,10,3403,3.8,10,21.2
2025-07-29T02:58:19.567366,20,3423,2.15,10,41.4
2025-07-29T02:58:20.069860,19,3442,5.2631578947368425,10,8.5
2025-07-29T02:58:20.570071,10,3452,5.5,10,36.9
2025-07-29T02:58:21.070362,19,3471,5.2631578947368425,10,11.9
2025-07-29T02:58:21.570633,10,3481,2.1,10,39.5
2025-07-29T02:58:22.070849,19,3500,3.1578947368421053,10,7.3
2025-07-29T02:58:22.571130,10,3510,5.5,10,33.6
2025-07-29T02:58:23.071384,19,3529,3.1052631578947367,10,12.8
2025-07-29T02:58:23.571612,10,3539,5.5,10,22.2
2025-07-29T02:58:24.071840,20,3559,3.35,10,24.7
2025-07-29T02:58:24.572085,19,3578,2.4210526315789473,10,11.0
2025-07-29T02:58:25.072300,10,3588,1.2,10,34.7
2025-07-29T02:58:25.572575,19,3607,3.6842105263157894,10,11.6
2025-07-29T02:58:26.072792,10,3617,3.2,10,34.3
2025-07-29T02:58:26.573013,19,3636,4.7894736842105265,10,8.2
2025-07-29T02:58:27.073243,20,3656,4.05,10,47.2
2025-07-29T02:58:27.573442,10,3666,3.2,10,5.9
2025-07-29T02:58:28.073650,19,3685,2.6315789473684212,10,14.0
2025-07-29T02:58:28.573848,10,3695,3.2,10,31.9
2025-07-29T02:58:29.074057,19,3714,3.5789473684210527,10,14.0
2025-07-29T02:58:29.574266,20,3734,3.45,10,54.8
2025-07-29T02:58:30.074463,9,3743,2.7777777777777777,10,9.3
2025-07-29T02:58:30.574695,20,3763,2.3,10,55.8
2025-07-29T02:58:31.074942,10,3773,1.0,10,6.2
2025-07-29T02:58:31.575265,19,3792,4.2105263157894735,10,24.0
2025-07-29T02:58:32.075458,10,3802,5.5,10,48.9
2025-07-29T02:58:32.575720,19,3821,5.2631578947368425,10,13.4
2025-07-29T02:58:33.075985,10,3831,1.2,10,32.6
2025-07-29T02:58:33.576236,19,3850,2.6842105263157894,10,14.2
2025-07-29T02:58:34.076458,10,3860,1.1,10,55.2
2025-07-29T02:58:34.576722,19,3879,2.736842105263158,10,9.3
2025-07-29T02:58:35.076925,20,3899,2.75,10,35.4
2025-07-29T02:58:35.577104,10,3909,1.3,10,4.6
2025-07-29T02:58:36.077361,19,3928,2.8947368421052633,10,14.7
2025-07-29T02:58:36.577565,20,3948,2.8,10,32.9
2025-07-29T02:58:37.077813,9,3957,2.0,10,8.6
2025-07-29T02:58:37.578008,20,3977,2.35,10,44.9
2025-07-29T02:58:38.078230,19,3996,4.368421052631579,10,5.5
2025-07-29T02:58:38.578478,10,4006,4.6,10,24.9
2025-07-29T02:58:39.078780,20,4026,1.2,10,20.5
2025-07-29T02:58:39.579084,19,4045,3.5789473684210527,10,13.5
2025-07-29T02:58:40.079385,10,4055,1.6,10,37.3
2025-07-29T02:58:40.579661,19,4074,3.263157894736842,10,9.2
2025-07-29T02:58:41.079891,20,4094,3.45,10,29.4
2025-07-29T02:58:41.580161,10,4104,2.6,10,27.3
2025-07-29T02:58:42.080396,19,4123,3.0526315789473686,10,10.4
2025-07-29T02:58:42.580616,10,4133,3.2,10,58.0
2025-07-29T02:58:43.080878,19,4152,4.368421052631579,10,8.4
2025-07-29T02:58:43.581165,20,4172,3.55,10,36.1
2025-07-29T02:58:44.081390,10,4182,2.1,10,6.1
2025-07-29T02:58:44.581607,19,4201,2.4210526315789473,10,23.5
2025-07-29T02:58:45.081824,20,4221,3.0,10,32.1
2025-07-29T02:58:45.582072,9,4230,2.6666666666666665,10,8.5
2025-07-29T02:58:46.082390,20,4250,2.3,10,35.3
2025-07-29T02:58:46.582652,19,4269,4.052631578947368,10,7.5
2025-07-29T02:58:47.082854,10,4279,5.5,10,36.8
2025-07-29T02:58:47.583062,19,4298,5.2631578947368425,10,9.0
2025-07-29T02:58:48.083282,20,4318,5.5,10,36.3
2025-07-29T02:58:48.583442,9,4327,5.0,10,8.3
2025-07-29T02:58:49.083682,20,4347,3.35,10,52.7
2025-07-29T02:58:49.583949,10,4357,4.6,10,11.7
2025-07-29T02:58:50.084657,19,4376,4.0,10,13.3
2025-07-29T02:58:50.584855,10,4386,3.8,10,32.8
2025-07-29T02:58:51.085097,19,4405,3.1052631578947367,10,14.7
2025-07-29T02:58:51.585289,20,4425,2.95,10,34.9
2025-07-29T02:58:52.085508,9,4434,4.111111111111111,10,8.5
2025-07-29T02:58:52.585822,20,4454,3.05,10,59.9
2025-07-29T02:58:53.086108,10,4464,5.5,10,6.4
2025-07-29T02:58:53.586331,19,4483,3.526315789473684,10,22.7
2025-07-29T02:58:54.086620,19,4502,5.2631578947368425,10,26.2
2025-07-29T02:58:54.586833,10,4512,5.5,10,21.9
2025-07-29T02:58:55.087094,20,4532,1.95,10,31.5
2025-07-29T02:58:55.587343,19,4551,2.8947368421052633,10,11.5
2025-07-29T02:58:56.087551,10,4561,2.6,10,46.4
2025-07-29T02:58:56.587781,19,4580,2.1052631578947367,10,8.7
2025-07-29T02:58:57.087994,20,4600,4.6,10,36.9
2025-07-29T02:58:57.588232,19,4619,2.210526315789474,10,11.0
2025-07-29T02:58:58.088503,10,4629,1.5,10,46.4
2025-07-29T02:58:58.588846,19,4648,2.8947368421052633,10,6.5
2025-07-29T02:58:59.089094,10,4658,3.2,10,31.4
2025-07-29T02:58:59.589323,20,4678,3.8,10,14.6
2025-07-29T02:59:00.089592,19,4697,4.052631578947368,10,13.9
2025-07-29T02:59:00.589794,20,4717,2.8,10,37.0
2025-07-29T02:59:01.092397,19,4736,3.473684210526316,10,11.7
2025-07-29T02:59:01.592647,10,4746,5.5,10,33.9
2025-07-29T02:59:02.092901,19,4765,2.473684210526316,10,12.4
2025-07-29T02:59:02.593102,10,4775,1.5,10,36.5
2025-07-29T02:59:03.093384,19,4794,3.526315789473684,10,8.1
2025-07-29T02:59:03.593598,20,4814,1.5,10,37.2
2025-07-29T02:59:04.093867,19,4833,4.368421052631579,10,6.9
2025-07-29T02:59:04.594084,10,4843,3.9,10,27.4
2025-07-29T02:59:05.094311,20,4863,1.65,10,24.4
2025-07-29T02:59:05.594578,19,4882,3.4210526315789473,10,11.5
2025-07-29T02:59:06.095006,10,4892,2.6,10,52.3
2025-07-29T02:59:06.595306,19,4911,2.5789473684210527,10,8.8
2025-07-29T02:59:07.095634,20,4931,1.95,10,39.5
2025-07-29T02:59:07.595968,19,4950,3.526315789473684,10,5.0
2025-07-29T02:59:08.096180,10,4960,2.6,10,27.0
2025-07-29T02:59:08.596404,20,4980,1.4,10,30.7
2025-07-29T02:59:09.096699,19,4999,3.526315789473684,10,10.7
2025-07-29T02:59:09.596992,10,5009,1.2,10,37.4
2025-07-29T02:59:10.097287,19,5028,2.1578947368421053,10,9.3
2025-07-29T02:59:10.597515,20,5048,3.15,10,43.5
2025-07-29T02:59:11.097792,19,5067,2.1578947368421053,10,8.4
2025-07-29T02:59:11.598024,10,5077,5.5,10,36.8
2025-07-29T02:59:12.098308,20,5097,1.2,10,29.5
2025-07-29T02:59:12.598528,19,5116,2.4210526315789473,10,21.1
2025-07-29T02:59:13.098759,20,5136,2.3,10,25.4
2025-07-29T02:59:13.598987,19,5155,2.8421052631578947,10,11.5
2025-07-29T02:59:14.099202,10,5165,1.5,10,34.6
2025-07-29T02:59:14.599416,19,5184,3.789473684210526,10,9.5
2025-07-29T02:59:15.099649,20,5204,1.65,10,45.7
2025-07-29T02:59:15.599886,10,5214,5.5,10,15.2
2025-07-29T02:59:16.100109,19,5233,5.2631578947368425,10,11.7
2025-07-29T02:59:16.600312,20,5253,3.1,10,35.6
2025-07-29T02:59:17.100683,19,5272,4.842105263157895,10,10.8
2025-07-29T02:59:17.600943,10,5282,3.1,10,37.6
2025-07-29T02:59:18.101264,19,5301,2.6315789473684212,10,9.1
2025-07-29T02:59:18.601464,20,5321,2.65,10,45.9
2025-07-29T02:59:19.101732,19,5340,5.2631578947368425,10,14.7
2025-07-29T02:59:19.602010,10,5350,2.1,10,26.2
2025-07-29T02:59:20.102282,20,5370,1.95,10,29.0
2025-07-29T02:59:20.602581,19,5389,3.9473684210526314,10,11.2
2025-07-29T02:59:21.102814,10,5399,1.8,10,36.2
2025-07-29T02:59:21.603058,19,5418,3.736842105263158,10,8.9
2025-07-29T02:59:22.103339,20,5438,4.1,10,35.8
2025-07-29T02:59:22.603567,19,5457,2.473684210526316,10,12.0
2025-07-29T02:59:23.103801,20,5477,3.35,10,34.6
2025-07-29T02:59:23.604037,10,5487,2.6,10,11.8
2025-07-29T02:59:24.104293,19,5506,5.2631578947368425,10,16.7
2025-07-29T02:59:24.604566,20,5526,1.55,10,51.9
2025-07-29T02:59:25.104882,18,5544,4.111111111111111,10,9.1
2025-07-29T02:59:25.605105,10,5554,1.2,10,37.5
2025-07-29T02:59:26.105364,19,5573,5.2631578947368425,10,8.7
2025-07-29T02:59:26.605620,20,5593,3.6,10,47.1
2025-07-29T02:59:27.106177,19,5612,2.0526315789473686,10,9.5
2025-07-29T02:59:27.606383,10,5622,4.6,10,19.2
2025-07-29T02:59:28.106699,19,5641,4.842105263157895,10,30.1
2025-07-29T02:59:28.606979,20,5661,2.0,10,37.0
2025-07-29T02:59:29.107262,19,5680,2.4210526315789473,10,7.1
2025-07-29T02:59:29.608513,10,5690,3.8,10,31.4
2025-07-29T02:59:30.108770,19,5709,3.0526315789473686,10,19.2
2025-07-29T02:59:30.609007,20,5729,3.15,10,31.4
2025-07-29T02:59:31.109273,10,5739,5.5,10,27.1
2025-07-29T02:59:31.609469,19,5758,5.2631578947368425,10,24.9
2025-07-29T02:59:32.109779,20,5778,2.2,10,21.6
2025-07-29T02:59:32.610026,19,5797,3.3157894736842106,10,14.7
2025-07-29T02:59:33.110249,20,5817,1.95,10,30.2
2025-07-29T02:59:33.610524,19,5836,3.736842105263158,10,10.9
2025-07-29T02:59:34.110740,10,5846,2.6,10,46.6
2025-07-29T02:59:34.610960,19,5865,1.8421052631578947,10,8.5
2025-07-29T02:59:35.155335,20,5885,5.090909090909091,10,20.8
2025-07-29T02:59:35.655740,20,5905,2.8275862068965516,10,37.1
2025-07-29T02:59:36.156042,9,5914,4.111111111111111,10,9.6
2025-07-29T02:59:36.656311,20,5934,3.9,10,44.6
2025-07-29T02:59:37.156540,19,5953,3.210526315789474,10,9.7
2025-07-29T02:59:37.656768,20,5973,2.8,10,38.1
2025-07-29T02:59:38.156988,10,5983,1.2,10,28.6
2025-07-29T02:59:38.657234,19,6002,1.9473684210526316,10,10.8
2025-07-29T02:59:39.157447,10,6012,1.2,10,36.1
2025-07-29T02:59:39.657707,19,6031,5.2631578947368425,10,9.6
2025-07-29T02:59:40.157902,20,6051,4.0,10,43.6
2025-07-29T02:59:40.658127,10,6061,5.5,10,4.8
2025-07-29T02:59:41.158400,19,6080,3.1578947368421053,10,19.5
2025-07-29T02:59:41.658771,19,6099,3.526315789473684,10,26.1
2025-07-29T02:59:42.159103,10,6109,2.6,10,28.0
2025-07-29T02:59:42.662914,20,6129,2.2,10,27.1
2025-07-29T02:59:43.163240,9,6138,4.111111111111111,10,9.1
2025-07-29T02:59:43.663625,20,6158,3.0,10,41.0
2025-07-29T02:59:44.163937,19,6177,4.421052631578948,10,5.6
2025-07-29T02:59:44.664259,10,6187,5.5,10,21.4
2025-07-29T02:59:45.164621,20,6207,1.25,10,33.6
2025-07-29T02:59:45.665049,19,6226,4.052631578947368,10,9.4
2025-07-29T02:59:46.165405,10,6236,1.4,10,49.6
2025-07-29T02:59:46.665829,19,6255,2.9473684210526314,10,8.0
2025-07-29T02:59:47.166524,10,6265,5.5,10,36.5
2025-07-29T02:59:47.666897,20,6285,1.9,10,19.7
2025-07-29T02:59:48.167423,19,6304,4.368421052631579,10,11.8
2025-07-29T02:59:48.667850,20,6324,2.85,10,42.7
2025-07-29T02:59:49.168203,9,6333,2.0,10,10.6
2025-07-29T02:59:49.668504,20,6353,2.55,10,50.8
2025-07-29T02:59:50.169054,19,6372,4.7894736842105265,10,13.5
2025-07-29T02:59:50.674909,20,6392,4.461538461538462,10,30.5
2025-07-29T02:59:51.175194,10,6402,2.2941176470588234,10,14.2
2025-07-29T02:59:51.675412,19,6421,5.2631578947368425,10,14.6
2025-07-29T02:59:52.175632,10,6431,2.6,10,35.8
2025-07-29T02:59:52.675861,19,6450,2.8421052631578947,10,9.2
2025-07-29T02:59:53.176080,20,6470,3.4,10,39.2
2025-07-29T02:59:53.676334,19,6489,4.368421052631579,10,7.1
2025-07-29T02:59:54.177206,20,6509,1.65,10,34.8
2025-07-29T02:59:54.677536,10,6519,1.7,10,11.1
2025-07-29T02:59:55.177780,19,6538,3.736842105263158,10,16.3
2025-07-29T02:59:55.678009,20,6558,1.85,10,33.9
2025-07-29T02:59:56.178261,19,6577,3.4210526315789473,10,13.6
2025-07-29T02:59:56.678565,10,6587,2.1,10,33.1
2025-07-29T02:59:57.178782,19,6606,3.736842105263158,10,9.1
2025-07-29T02:59:57.679043,20,6626,2.9,10,36.7
2025-07-29T02:59:58.179333,19,6645,2.6842105263157894,10,6.9
2025-07-29T02:59:58.682700,20,6665,4.285714285714286,10,28.5
2025-07-29T02:59:59.182955,10,6675,1.75,10,41.9
2025-07-29T02:59:59.683199,19,6694,4.842105263157895,10,13.2
2025-07-29T03:00:00.183445,10,6704,4.6,10,41.5
2025-07-29T03:00:00.683702,19,6723,3.9473684210526314,10,8.5
2025-07-29T03:00:01.184031,20,6743,3.1,10,38.4
2025-07-29T03:00:01.684325,10,6753,1.5,10,6.0
2025-07-29T03:00:02.184542,19,6772,2.6842105263157894,10,13.9
2025-07-29T03:00:02.684767,10,6782,2.1,10,55.5
2025-07-29T03:00:03.184979,19,6801,4.368421052631579,10,8.9
2025-07-29T03:00:03.685217,20,6821,4.35,10,48.8
2025-07-29T03:00:04.185491,19,6840,2.8947368421052633,10,18.3
2025-07-29T03:00:04.685715,20,6860,2.55,10,30.3
2025-07-29T03:00:05.185966,10,6870,5.5,10,40.4
2025-07-29T03:00:05.686197,19,6889,3.5789473684210527,10,11.2
2025-07-29T03:00:06.186414,20,6909,4.15,10,32.1
2025-07-29T03:00:06.686654,19,6928,2.6315789473684212,10,11.6
2025-07-29T03:00:07.186893,10,6938,3.2,10,39.6
2025-07-29T03:00:07.687125,19,6957,2.1052631578947367,10,8.9
2025-07-29T03:00:08.187387,20,6977,3.85,10,39.4
2025-07-29T03:00:08.687682,19,6996,1.9473684210526316,10,7.5
2025-07-29T03:00:09.187911,20,7016,1.7,10,35.0
2025-07-29T03:00:09.688183,19,7035,3.5789473684210527,10,13.8
2025-07-29T03:00:10.188415,10,7045,1.2,10,27.1
2025-07-29T03:00:10.688691,20,7065,2.0,10,19.0
2025-07-29T03:00:11.189059,19,7084,2.8947368421052633,10,10.8
2025-07-29T03:00:11.689441,10,7094,2.6,10,36.0
2025-07-29T03:00:12.189757,19,7113,2.0526315789473686,10,14.9
2025-07-29T03:00:12.690122,20,7133,3.45,10,34.2
2025-07-29T03:00:13.190491,9,7142,5.0,10,11.8
2025-07-29T03:00:13.690857,20,7162,3.35,10,38.3
2025-07-29T03:00:14.191190,19,7181,1.6842105263157894,10,9.2
2025-07-29T03:00:14.691516,10,7191,3.8,10,37.7
2025-07-29T03:00:15.191795,19,7210,5.2631578947368425,10,9.0
2025-07-29T03:00:15.692081,20,7230,5.05,10,37.5
2025-07-29T03:00:16.192386,19,7249,3.3157894736842106,10,8.7
2025-07-29T03:00:16.693494,20,7269,2.3,10,33.3
2025-07-29T03:00:17.193725,10,7279,1.3,10,12.9
2025-07-29T03:00:17.693960,19,7298,2.263157894736842,10,21.4
2025-07-29T03:00:18.194194,20,7318,3.8,10,24.9
2025-07-29T03:00:18.694510,19,7337,3.0,10,13.2
2025-07-29T03:00:19.194790,20,7357,1.4,10,33.6
2025-07-29T03:00:19.695112,19,7376,2.8947368421052633,10,11.2
2025-07-29T03:00:20.195471,10,7386,3.2,10,34.8
2025-07-29T03:00:20.695745,19,7405,3.0,10,8.9
2025-07-29T03:00:21.195982,20,7425,2.5,10,39.5
2025-07-29T03:00:21.696252,19,7444,2.6315789473684212,10,15.9
2025-07-29T03:00:22.196467,10,7454,1.2,10,26.8
2025-07-29T03:00:22.696694,20,7474,2.2,10,22.4
2025-07-29T03:00:23.197018,19,7493,3.3157894736842106,10,13.4
2025-07-29T03:00:23.697333,20,7513,1.4,10,38.0
2025-07-29T03:00:24.197665,9,7522,4.111111111111111,10,8.8
2025-07-29T03:00:24.697958,20,7542,3.15,10,39.0
2025-07-29T03:00:25.198345,19,7561,3.526315789473684,10,8.7
2025-07-29T03:00:25.698590,20,7581,1.85,10,31.5
2025-07-29T03:00:26.198793,19,7600,2.8947368421052633,10,9.3
2025-07-29T03:00:26.699031,10,7610,3.8,10,18.2
2025-07-29T03:00:27.199247,20,7630,3.6,10,40.6
2025-07-29T03:00:27.699461,19,7649,4.842105263157895,10,13.0
2025-07-29T03:00:28.199702,20,7669,1.7,10,38.2
2025-07-29T03:00:28.699962,9,7678,2.3333333333333335,10,11.0
2025-07-29T03:00:29.200180,20,7698,4.05,10,37.8
2025-07-29T03:00:29.700447,19,7717,2.3157894736842106,10,8.3
2025-07-29T03:00:30.200814,20,7737,2.55,10,35.9
2025-07-29T03:00:30.701181,10,7747,1.3,10,8.4
2025-07-29T03:00:31.201440,19,7766,2.526315789473684,10,19.3
2025-07-29T03:00:31.701680,20,7786,2.2,10,28.2
2025-07-29T03:00:32.201938,19,7805,2.9473684210526314,10,12.2
2025-07-29T03:00:32.702172,20,7825,2.6,10,51.2
2025-07-29T03:00:33.202390,9,7834,2.2222222222222223,10,8.3
2025-07-29T03:00:33.702601,20,7854,2.0,10,48.4
2025-07-29T03:00:34.202873,10,7864,2.5,10,7.1
2025-07-29T03:00:34.703164,19,7883,2.3684210526315788,10,22.6
2025-07-29T03:00:35.203397,20,7903,3.5,10,42.3
2025-07-29T03:00:35.703664,19,7922,3.789473684210526,10,12.4
2025-07-29T03:00:36.203873,20,7942,1.1,10,45.2
2025-07-29T03:00:36.704146,19,7961,4.0,10,10.3
2025-07-29T03:00:37.204363,10,7971,1.6,10,37.3
2025-07-29T03:00:37.704574,19,7990,2.1052631578947367,10,9.5
2025-07-29T03:00:38.204796,20,8010,2.45,10,43.7
2025-07-29T03:00:38.709014,19,8029,2.6,10,4.4
2025-07-29T03:00:39.209241,10,8039,2.142857142857143,10,13.4
2025-07-29T03:00:39.709445,10,8049,1.0,10,52.8
2025-07-29T03:00:40.209651,19,8068,4.473684210526316,10,8.6
2025-07-29T03:00:40.709928,20,8088,3.15,10,32.9
2025-07-29T03:00:41.210151,20,8108,4.25,10,28.5
2025-07-29T03:00:41.710376,9,8117,3.3333333333333335,10,12.2
2025-07-29T03:00:42.210585,20,8137,3.35,10,48.6
2025-07-29T03:00:42.710918,19,8156,5.2631578947368425,10,9.7
2025-07-29T03:00:43.211139,20,8176,2.3,10,38.0
2025-07-29T03:00:43.711361,19,8195,3.5789473684210527,10,9.8
2025-07-29T03:00:44.211567,10,8205,3.1,10,10.6
2025-07-29T03:00:44.711780,20,8225,1.95,10,51.0
2025-07-29T03:00:45.212018,19,8244,1.6842105263157894,10,7.5
2025-07-29T03:00:45.712248,20,8264,2.65,10,33.4
2025-07-29T03:00:46.212450,10,8274,1.8,10,15.7
2025-07-29T03:00:46.712737,19,8293,5.2631578947368425,10,17.4
2025-07-29T03:00:47.213138,20,8313,2.6,10,29.9
2025-07-29T03:00:47.713491,19,8332,2.4210526315789473,10,12.5
2025-07-29T03:00:48.213849,20,8352,5.05,10,34.2
2025-07-29T03:00:48.714263,9,8361,4.111111111111111,10,11.0
2025-07-29T03:00:49.214543,20,8381,2.9,10,28.0
2025-07-29T03:00:49.714865,19,8400,4.2105263157894735,10,17.3
2025-07-29T03:00:50.215126,20,8420,2.0,10,33.8
2025-07-29T03:00:50.715422,19,8439,1.736842105263158,10,13.3
2025-07-29T03:00:51.221259,20,8459,4.133333333333334,10,26.4
2025-07-29T03:00:51.722231,10,8469,1.2666666666666666,10,40.9
2025-07-29T03:00:52.222444,19,8488,4.2105263157894735,10,15.7
2025-07-29T03:00:52.722662,20,8508,3.6,10,31.5
2025-07-29T03:00:53.222862,19,8527,5.2631578947368425,10,11.6
2025-07-29T03:00:53.723210,10,8537,2.6,10,56.9
2025-07-29T03:00:54.223428,19,8556,1.263157894736842,10,9.0
2025-07-29T03:00:54.723641,20,8576,1.75,10,36.4
2025-07-29T03:00:55.223896,19,8595,2.1052631578947367,10,5.2
2025-07-29T03:00:55.724171,10,8605,4.6,10,25.1
2025-07-29T03:00:56.224409,20,8625,1.9,10,28.5
2025-07-29T03:00:56.724634,19,8644,3.0526315789473686,10,13.5
2025-07-29T03:00:57.224915,20,8664,2.0,10,29.6
2025-07-29T03:00:57.725151,19,8683,1.263157894736842,10,10.6
2025-07-29T03:00:58.225361,10,8693,2.1,10,37.3
2025-07-29T03:00:58.725576,19,8712,2.6315789473684212,10,8.1
2025-07-29T03:00:59.225763,20,8732,3.85,10,33.9
2025-07-29T03:00:59.725978,9,8741,1.5555555555555556,10,9.1
2025-07-29T03:01:00.226240,20,8761,4.0,10,39.3
2025-07-29T03:01:00.726452,19,8780,3.0526315789473686,10,9.1
2025-07-29T03:01:01.226658,20,8800,4.65,10,39.5
2025-07-29T03:01:01.726910,19,8819,3.9473684210526314,10,7.7
2025-07-29T03:01:02.227127,20,8839,2.2,10,33.6
2025-07-29T03:01:02.727434,10,8849,1.2,10,35.8
2025-07-29T03:01:03.227692,19,8868,2.5789473684210527,10,10.3
2025-07-29T03:01:03.727906,10,8878,4.6,10,34.5
2025-07-29T03:01:04.228119,19,8897,3.3157894736842106,10,14.7
2025-07-29T03:01:04.728356,20,8917,1.85,10,35.9
2025-07-29T03:01:05.228631,19,8936,1.7894736842105263,10,9.9
2025-07-29T03:01:05.730483,10,8946,2.6,10,62.8
2025-07-29T03:01:06.230665,19,8965,4.842105263157895,10,8.9
2025-07-29T03:01:06.730875,20,8985,3.55,10,38.1
2025-07-29T03:01:07.231149,19,9004,1.105263157894737,10,5.9
2025-07-29T03:01:07.731418,10,9014,2.6,10,31.1
2025-07-29T03:01:08.231630,20,9034,3.15,10,33.6
2025-07-29T03:01:08.731924,19,9053,2.1578947368421053,10,11.0
2025-07-29T03:01:09.232151,10,9063,1.9,10,43.6
2025-07-29T03:01:09.732424,19,9082,1.368421052631579,10,9.3
2025-07-29T03:01:10.232627,20,9102,1.8,10,41.6
2025-07-29T03:01:10.732882,19,9121,4.368421052631579,10,6.6
2025-07-29T03:01:11.233117,20,9141,3.4,10,32.2
2025-07-29T03:01:11.733350,10,9151,1.0,10,13.4
2025-07-29T03:01:12.233561,19,9170,3.263157894736842,10,16.7
2025-07-29T03:01:12.733778,20,9190,1.8,10,33.4
2025-07-29T03:01:13.234031,19,9209,4.157894736842105,10,8.3
2025-07-29T03:01:13.734303,10,9219,1.3,10,39.6
2025-07-29T03:01:14.234598,19,9238,2.8947368421052633,10,9.0
2025-07-29T03:01:14.734831,20,9258,3.2,10,32.9
2025-07-29T03:01:15.235089,19,9277,2.1052631578947367,10,9.8
2025-07-29T03:01:15.735319,20,9297,3.1,10,29.2
2025-07-29T03:01:16.235776,10,9307,3.0,10,32.5
2025-07-29T03:01:16.736139,19,9326,4.2105263157894735,10,12.4
2025-07-29T03:01:17.236506,20,9346,3.6,10,34.3
2025-07-29T03:01:17.736938,19,9365,3.210526315789474,10,14.1
2025-07-29T03:01:18.237332,10,9375,1.1,10,49.3
2025-07-29T03:01:18.737686,19,9394,5.2631578947368425,10,9.1
2025-07-29T03:01:19.237960,20,9414,3.75,10,19.5
2025-07-29T03:01:19.738239,19,9433,4.473684210526316,10,28.5
2025-07-29T03:01:20.238531,10,9443,5.5,10,34.2
2025-07-29T03:01:20.738804,20,9463,2.85,10,11.4
2025-07-29T03:01:21.239056,19,9482,3.9473684210526314,10,16.1
2025-07-29T03:01:21.739355,20,9502,2.45,10,52.9
2025-07-29T03:01:22.239622,19,9521,2.210526315789474,10,12.5
2025-07-29T03:01:22.739888,10,9531,1.9,10,36.2
2025-07-29T03:01:23.240172,19,9550,3.736842105263158,10,8.8
2025-07-29T03:01:23.740472,20,9570,2.75,10,44.5
2025-07-29T03:01:24.240747,19,9589,2.4210526315789473,10,13.5
2025-07-29T03:01:24.740975,10,9599,5.5,10,32.0
2025-07-29T03:01:25.241209,20,9619,1.75,10,27.6
2025-07-29T03:01:25.741436,19,9638,1.5263157894736843,10,13.7
2025-07-29T03:01:26.241646,20,9658,1.25,10,51.8
2025-07-29T03:01:26.741848,9,9667,2.6666666666666665,10,10.2
2025-07-29T03:01:27.242098,20,9687,4.05,10,46.7
2025-07-29T03:01:27.742317,10,9697,2.6,10,4.9
2025-07-29T03:01:28.242542,19,9716,3.3157894736842106,10,24.5
2025-07-29T03:01:28.742750,20,9736,2.95,10,24.8
2025-07-29T03:01:29.243027,19,9755,5.2631578947368425,10,12.2
2025-07-29T03:01:29.745043,20,9775,2.0,10,41.7
2025-07-29T03:01:30.245274,9,9784,3.4444444444444446,10,7.9
2025-07-29T03:01:30.745508,20,9804,1.7,10,39.4
2025-07-29T03:01:31.245739,19,9823,2.3684210526315788,10,7.9
2025-07-29T03:01:31.746008,20,9843,3.45,10,40.6
2025-07-29T03:01:32.246245,10,9853,1.1,10,33.5
2025-07-29T03:01:32.746603,19,9872,5.2631578947368425,10,13.9
2025-07-29T03:01:33.246835,10,9882,5.5,10,34.4
2025-07-29T03:01:33.747067,19,9901,4.368421052631579,10,20.1
2025-07-29T03:01:34.247395,20,9921,3.45,10,30.1
2025-07-29T03:01:34.747710,19,9940,5.2631578947368425,10,12.6
2025-07-29T03:01:35.248032,20,9960,4.6,10,40.3
2025-07-29T03:01:35.748292,9,9969,4.111111111111111,10,9.1
2025-07-29T03:01:36.248644,20,9989,2.65,10,39.5
2025-07-29T03:01:36.749009,19,10008,2.0526315789473686,10,4.8
2025-07-29T03:01:37.249264,10,10018,2.6,10,23.2
2025-07-29T03:01:37.749591,10,10028,1.6,10,28.5
2025-07-29T03:01:38.249831,19,10047,5.2631578947368425,10,17.8
2025-07-29T03:01:38.750061,20,10067,1.4,10,28.0
2025-07-29T03:01:39.250518,9,10076,2.7777777777777777,10,10.1
2025-07-29T03:01:39.750914,20,10096,2.2,10,39.9
2025-07-29T03:01:40.251349,19,10115,1.6842105263157894,10,5.9
2025-07-29T03:01:40.751610,10,10125,3.8,10,25.1
2025-07-29T03:01:41.251834,20,10145,1.85,10,18.5
2025-07-29T03:01:41.752045,9,10154,1.8888888888888888,10,8.7
2025-07-29T03:01:42.252259,20,10174,2.75,10,43.7
2025-07-29T03:01:42.752501,19,10193,2.8947368421052633,10,6.8
2025-07-29T03:01:43.252749,10,10203,5.5,10,30.1
2025-07-29T03:01:43.752991,19,10222,3.263157894736842,10,14.4
2025-07-29T03:01:44.254694,20,10242,1.95,10,37.6
2025-07-29T03:01:44.754950,10,10252,2.6,10,5.3
2025-07-29T03:01:45.255164,19,10271,3.1052631578947367,10,14.3
2025-07-29T03:01:45.755378,20,10291,3.0,10,33.8
2025-07-29T03:01:46.255592,9,10300,4.111111111111111,10,8.9
2025-07-29T03:01:46.755836,20,10320,4.05,10,38.7
2025-07-29T03:01:47.256213,19,10339,2.526315789473684,10,9.2
2025-07-29T03:01:47.756432,20,10359,4.05,10,28.1
2025-07-29T03:01:48.256659,10,10369,3.9,10,24.2
2025-07-29T03:01:48.756911,19,10388,2.210526315789474,10,13.8
2025-07-29T03:01:49.262476,20,10408,1.5,10,34.4
2025-07-29T03:01:49.762687,9,10417,4.352941176470588,10,9.5
2025-07-29T03:01:50.262932,20,10437,3.8,10,51.8
2025-07-29T03:01:50.763214,10,10447,2.0,10,37.9
2025-07-29T03:01:51.263470,19,10466,3.3684210526315788,10,15.1
2025-07-29T03:01:51.763717,20,10486,3.4,10,34.0
2025-07-29T03:01:52.263941,10,10496,2.5,10,13.2
2025-07-29T03:01:52.764160,19,10515,2.210526315789474,10,25.7
2025-07-29T03:01:53.264377,20,10535,2.1,10,23.0
2025-07-29T03:01:53.764609,19,10554,3.0526315789473686,10,15.1
2025-07-29T03:01:54.264818,10,10564,1.4,10,60.0
2025-07-29T03:01:54.765092,19,10583,3.3157894736842106,10,12.3
2025-07-29T03:01:55.330540,20,10603,3.5454545454545454,10,33.2
2025-07-29T03:01:55.830757,10,10613,5.2631578947368425,10,7.5
2025-07-29T03:01:56.330966,19,10632,5.2631578947368425,10,16.1
2025-07-29T03:01:56.831181,10,10642,1.8,10,50.9
2025-07-29T03:01:57.331427,19,10661,1.5789473684210527,10,21.0
2025-07-29T03:01:57.831649,10,10671,2.2,10,42.3
2025-07-29T03:01:58.331883,20,10691,2.5,10,17.9
2025-07-29T03:01:58.832097,19,10710,2.6315789473684212,10,26.9
2025-07-29T03:01:59.332319,20,10730,3.8,10,32.7
2025-07-29T03:01:59.832702,19,10749,4.842105263157895,10,8.8
2025-07-29T03:02:00.332920,10,10759,2.0,10,41.9
2025-07-29T03:02:00.833183,19,10778,2.9473684210526314,10,7.1
2025-07-29T03:02:01.333410,20,10798,1.9,10,27.1
2025-07-29T03:02:01.833631,10,10808,1.4,10,44.5
2025-07-29T03:02:02.333870,19,10827,3.210526315789474,10,13.4
2025-07-29T03:02:02.834081,10,10837,1.9,10,39.1
2025-07-29T03:02:03.334303,19,10856,3.263157894736842,10,10.4
2025-07-29T03:02:03.834535,20,10876,2.5,10,38.5
2025-07-29T03:02:04.334747,19,10895,3.0526315789473686,10,10.2
2025-07-29T03:02:04.834980,10,10905,3.8,10,40.7
2025-07-29T03:02:05.335294,19,10924,3.0,10,19.3
2025-07-29T03:02:05.835534,10,10934,1.2,10,21.1
2025-07-29T03:02:06.335765,20,10954,2.0,10,44.9
2025-07-29T03:02:06.835993,19,10973,2.789473684210526,10,8.2
2025-07-29T03:02:07.336251,10,10983,5.5,10,38.2
2025-07-29T03:02:07.836488,19,11002,4.2105263157894735,10,11.4
2025-07-29T03:02:08.336716,10,11012,1.2,10,41.4
2025-07-29T03:02:08.836916,19,11031,2.736842105263158,10,10.6
2025-07-29T03:02:09.337152,20,11051,1.65,10,35.4
2025-07-29T03:02:09.837548,0,11051,2.0,10,12.4
2025-07-29T03:02:10.337832,0,11051,2.0,10,2.5
2025-07-29T03:02:10.838360,0,11051,2.0,10,2.6
2025-07-29T03:02:11.338947,0,11051,2.0,10,1.1
2025-07-29T03:02:11.839530,0,11051,2.0,10,2.1
2025-07-29T03:02:12.339968,0,11051,2.0,10,1.9
2025-07-29T03:02:12.840469,0,11051,2.0,10,3.0
2025-07-29T03:02:13.340816,0,11051,2.0,10,1.4
2025-07-29T03:02:13.841361,0,11051,2.0,10,2.7
2025-07-29T03:02:14.341844,0,11051,2.0,10,2.7
2025-07-29T03:02:14.842133,0,11051,2.0,10,4.8
2025-07-29T03:02:15.342557,0,11051,2.0,10,7.0
2025-07-29T03:02:15.843043,0,11051,2.0,10,2.6
2025-07-29T03:02:16.343643,0,11051,2.0,10,2.5
2025-07-29T03:02:16.844207,0,11051,2.0,10,2.8
2025-07-29T03:02:17.344662,0,11051,2.0,10,2.4
2025-07-29T03:02:17.845204,0,11051,2.0,10,2.6
2025-07-29T03:02:18.345784,0,11051,2.0,10,2.2
2025-07-29T03:02:18.846365,0,11051,2.0,10,2.7
2025-07-29T03:02:19.346808,0,11051,2.0,10,1.8
2025-07-29T03:02:19.847373,0,11051,2.0,10,1.2
2025-07-29T03:02:20.347937,0,11051,2.0,10,1.5
2025-07-29T03:02:20.848277,0,11051,2.0,10,1.5
2025-07-29T03:02:21.348817,0,11051,2.0,10,0.9
2025-07-29T03:02:21.849244,0,11051,2.0,10,1.7
2025-07-29T03:02:22.349724,0,11051,2.0,10,2.6
2025-07-29T03:02:22.850252,0,11051,2.0,10,1.8
2025-07-29T03:02:23.350694,0,11051,2.0,10,2.4
2025-07-29T03:02:23.851351,0,11051,2.0,10,8.4
2025-07-29T03:02:24.351957,0,11051,2.0,10,1.6
2025-07-29T03:02:24.852516,0,11051,2.0,10,1.2
2025-07-29T03:02:25.353087,0,11051,2.0,10,1.6
2025-07-29T03:02:25.853768,0,11051,2.0,10,1.8
2025-07-29T03:02:26.354460,0,11051,2.0,10,2.1
2025-07-29T03:02:26.855144,0,11051,2.0,10,2.0
2025-07-29T03:02:27.355738,0,11051,2.0,10,1.9
2025-07-29T03:02:27.856361,0,11051,2.0,10,1.8
2025-07-29T03:02:28.356928,0,11051,2.0,10,0.5
2025-07-29T03:02:28.857613,0,11051,2.0,10,1.2
2025-07-29T03:02:29.358180,0,11051,2.0,10,2.4
2025-07-29T03:02:29.858900,0,11051,2.0,10,2.9
2025-07-29T03:02:30.359484,0,11051,2.0,10,3.3
2025-07-29T03:02:30.860078,0,11051,2.0,10,3.2
2025-07-29T03:02:31.360737,0,11051,2.0,10,2.4
2025-07-29T03:02:31.861024,0,11051,2.0,10,2.4
2025-07-29T03:02:32.361472,0,11051,2.0,10,1.9
2025-07-29T03:02:32.862007,0,11051,2.0,10,2.4
2025-07-29T03:02:33.362620,0,11051,2.0,10,2.1
2025-07-29T03:02:33.863008,0,11051,2.0,10,2.7
2025-07-29T03:02:34.363642,0,11051,2.0,10,3.0
2025-07-29T03:02:34.864100,0,11051,2.0,10,1.5
2025-07-29T03:02:35.364695,0,11051,2.0,10,4.8
2025-07-29T03:02:35.865011,0,11051,2.0,10,4.1
2025-07-29T03:02:36.365535,0,11051,2.0,10,7.6
2025-07-29T03:02:36.866185,0,11051,2.0,10,3.6
2025-07-29T03:02:37.366770,0,11051,2.0,10,2.1
2025-07-29T03:02:37.867309,0,11051,2.0,10,1.1
2025-07-29T03:02:38.367903,0,11051,2.0,10,1.1
2025-07-29T03:02:38.868463,0,11051,2.0,10,1.6
2025-07-29T03:02:39.369088,0,11051,2.0,10,0.4
2025-07-29T03:02:39.869598,0,11051,2.0,10,1.2
2025-07-29T03:02:40.370101,0,11051,2.0,10,1.1
2025-07-29T03:02:40.870639,0,11051,2.0,10,0.6
2025-07-29T03:02:41.371201,0,11051,2.0,10,0.5
2025-07-29T03:02:41.871765,0,11051,2.0,10,2.7
2025-07-29T03:02:42.372163,0,11051,2.0,10,2.9
2025-07-29T03:02:42.872685,0,11051,2.0,10,2.6
2025-07-29T03:02:43.373256,0,11051,2.0,10,4.6
2025-07-29T03:02:43.873645,0,11051,2.0,10,1.5
2025-07-29T03:02:44.374150,0,11051,2.0,10,1.5
2025-07-29T03:02:44.874736,0,11051,2.0,10,5.2
2025-07-29T03:02:45.375352,0,11051,2.0,10,1.2
2025-07-29T03:02:45.875924,0,11051,2.0,10,2.2
2025-07-29T03:02:46.376610,0,11051,2.0,10,0.5
2025-07-29T03:02:46.876969,0,11051,2.0,10,0.6
2025-07-29T03:02:47.377605,0,11051,2.0,10,0.8
2025-07-29T03:02:47.878199,0,11051,2.0,10,0.3
2025-07-29T03:02:48.378794,0,11051,2.0,10,0.4
2025-07-29T03:02:48.879169,0,11051,2.0,10,1.6
2025-07-29T03:02:49.379773,0,11051,2.0,10,2.1
2025-07-29T03:02:49.880561,0,11051,2.0,10,1.1
2025-07-29T03:02:50.381179,0,11051,2.0,10,2.4
2025-07-29T03:02:50.881827,0,11051,2.0,10,1.5
2025-07-29T03:02:51.382250,0,11051,2.0,10,1.4
2025-07-29T03:02:51.882775,0,11051,2.0,10,5.5
2025-07-29T03:02:52.383452,0,11051,2.0,10,1.7
2025-07-29T03:02:52.884057,0,11051,2.0,10,0.4
2025-07-29T03:02:53.384697,0,11051,2.0,10,0.6
2025-07-29T03:02:53.885393,0,11051,2.0,10,1.9
2025-07-29T03:02:54.385899,0,11051,2.0,10,0.3
2025-07-29T03:02:54.886593,0,11051,2.0,10,1.8
2025-07-29T03:02:55.387244,0,11051,2.0,10,0.4
2025-07-29T03:02:55.887951,0,11051,2.0,10,1.4
2025-07-29T03:02:56.388615,0,11051,2.0,10,0.6
2025-07-29T03:02:56.888925,0,11051,2.0,10,1.8
2025-07-29T03:02:57.389150,0,11051,2.0,10,1.3
2025-07-29T03:02:57.889739,0,11051,2.0,10,1.9
2025-07-29T03:02:58.390348,0,11051,2.0,10,0.3
2025-07-29T03:02:58.891030,0,11051,2.0,10,0.7
2025-07-29T03:02:59.391596,0,11051,2.0,10,0.6
2025-07-29T03:02:59.892203,0,11051,2.0,10,0.8
2025-07-29T03:03:00.392780,0,11051,2.0,10,0.7
2025-07-29T03:03:00.893493,0,11051,2.0,10,1.5
2025-07-29T03:03:01.393810,0,11051,2.0,10,1.1
2025-07-29T03:03:01.894140,0,11051,2.0,10,1.8
2025-07-29T03:03:02.394672,0,11051,2.0,10,1.2
2025-07-29T03:03:02.895235,0,11051,2.0,10,2.3
2025-07-29T03:03:03.395804,0,11051,2.0,10,1.6
2025-07-29T03:03:03.896388,0,11051,2.0,10,1.4
2025-07-29T03:03:04.396929,0,11051,2.0,10,0.8
2025-07-29T03:03:04.897612,0,11051,2.0,10,0.8
2025-07-29T03:03:05.398245,0,11051,2.0,10,1.1
2025-07-29T03:03:05.898841,0,11051,2.0,10,0.9
2025-07-29T03:03:06.399434,0,11051,2.0,10,0.9
2025-07-29T03:03:06.900026,0,11051,2.0,10,1.3
2025-07-29T03:03:07.400619,0,11051,2.0,10,0.9
2025-07-29T03:03:07.901583,0,11051,2.0,10,1.3
2025-07-29T03:03:08.402565,0,11051,2.0,10,4.5
2025-07-29T03:03:08.903438,0,11051,2.0,10,1.6
2025-07-29T03:03:09.404311,0,11051,2.0,10,1.1
2025-07-29T03:03:09.905243,0,11051,2.0,10,0.8
2025-07-29T03:03:10.406685,0,11051,2.0,10,1.1
2025-07-29T03:03:10.907270,0,11051,2.0,10,0.9
2025-07-29T03:03:11.407891,0,11051,2.0,10,1.0
2025-07-29T03:03:11.908450,0,11051,2.0,10,2.1
2025-07-29T03:03:12.408993,0,11051,2.0,10,1.8
2025-07-29T03:03:12.909650,0,11051,2.0,10,1.1
2025-07-29T03:03:13.410295,0,11051,2.0,10,2.0
2025-07-29T03:03:13.910969,0,11051,2.0,10,0.4
2025-07-29T03:03:14.411564,0,11051,2.0,10,1.1
2025-07-29T03:03:14.911941,0,11051,2.0,10,1.3
2025-07-29T03:03:15.412202,0,11051,2.0,10,1.1
2025-07-29T03:03:15.912752,0,11051,2.0,10,2.2
2025-07-29T03:03:16.413049,0,11051,2.0,10,1.1
2025-07-29T03:03:16.913705,0,11051,2.0,10,1.6
2025-07-29T03:03:17.414306,0,11051,2.0,10,0.9
2025-07-29T03:03:17.914867,0,11051,2.0,10,0.8
2025-07-29T03:03:18.415408,0,11051,2.0,10,1.0
2025-07-29T03:03:18.916015,0,11051,2.0,10,2.5
2025-07-29T03:03:19.416622,0,11051,2.0,10,1.3
2025-07-29T03:03:19.917291,0,11051,2.0,10,4.7
2025-07-29T03:03:20.417857,0,11051,2.0,10,0.8
2025-07-29T03:03:20.918560,0,11051,2.0,10,2.2
2025-07-29T03:03:21.419163,0,11051,2.0,10,1.9
2025-07-29T03:03:21.919780,0,11051,2.0,10,0.8
2025-07-29T03:03:22.420483,0,11051,2.0,10,1.6
2025-07-29T03:03:22.921082,0,11051,2.0,10,0.4
2025-07-29T03:03:23.421681,0,11051,2.0,10,0.3
2025-07-29T03:03:23.922259,0,11051,2.0,10,0.4
2025-07-29T03:03:24.422838,0,11051,2.0,10,0.3
2025-07-29T03:03:24.923455,0,11051,2.0,10,0.4
2025-07-29T03:03:25.424000,0,11051,2.0,10,0.3
2025-07-29T03:03:25.924582,0,11051,2.0,10,0.3
2025-07-29T03:03:26.425242,0,11051,2.0,10,1.1
2025-07-29T03:03:26.925818,0,11051,2.0,10,1.2
2025-07-29T03:03:27.426414,0,11051,2.0,10,0.4
2025-07-29T03:03:27.926972,0,11051,2.0,10,0.3
2025-07-29T03:03:28.427570,0,11051,2.0,10,0.4
2025-07-29T03:03:28.928100,0,11051,2.0,10,0.4
2025-07-29T03:03:29.428651,0,11051,2.0,10,0.3
2025-07-29T03:03:29.928932,0,11051,2.0,10,0.8
2025-07-29T03:03:30.429153,0,11051,2.0,10,2.4
2025-07-29T03:03:30.929398,0,11051,2.0,10,7.9
2025-07-29T03:03:31.429624,0,11051,2.0,10,1.4
2025-07-29T03:03:31.930107,0,11051,2.0,10,3.6
2025-07-29T03:03:32.430719,0,11051,2.0,10,1.3
2025-07-29T03:03:32.931194,0,11051,2.0,10,1.6
2025-07-29T03:03:33.431799,0,11051,2.0,10,1.3
2025-07-29T03:03:33.932309,0,11051,2.0,10,1.4
2025-07-29T03:03:34.432854,0,11051,2.0,10,1.3
2025-07-29T03:03:34.933508,0,11051,2.0,10,1.6
2025-07-29T03:03:35.433905,0,11051,2.0,10,2.5
2025-07-29T03:03:35.934552,0,11051,2.0,10,3.3
2025-07-29T03:03:36.434978,0,11051,2.0,10,7.3
2025-07-29T03:03:36.935343,0,11051,2.0,10,3.7
2025-07-29T03:03:37.435870,0,11051,2.0,10,4.3
2025-07-29T03:03:37.936483,0,11051,2.0,10,3.1
2025-07-29T03:03:38.437108,0,11051,2.0,10,2.4
2025-07-29T03:03:38.937595,0,11051,2.0,10,3.9
2025-07-29T03:03:39.438181,0,11051,2.0,10,3.6
2025-07-29T03:03:39.938748,0,11051,2.0,10,3.3
2025-07-29T03:03:40.439443,0,11051,2.0,10,1.5
2025-07-29T03:03:40.939982,0,11051,2.0,10,1.8
2025-07-29T03:03:41.440458,0,11051,2.0,10,1.9
2025-07-29T03:03:41.941095,0,11051,2.0,10,1.2
2025-07-29T03:03:42.441709,0,11051,2.0,10,0.8
2025-07-29T03:03:42.942251,0,11051,2.0,10,2.1
2025-07-29T03:03:43.442945,0,11051,2.0,10,3.3
2025-07-29T03:03:43.943595,0,11051,2.0,10,0.5
2025-07-29T03:03:44.444251,0,11051,2.0,10,1.8
2025-07-29T03:03:44.944812,0,11051,2.0,10,1.8
2025-07-29T03:03:45.445475,0,11051,2.0,10,2.2
2025-07-29T03:03:45.946131,0,11051,2.0,10,2.6
2025-07-29T03:03:46.446714,0,11051,2.0,10,2.1
2025-07-29T03:03:46.947278,0,11051,2.0,10,1.3
2025-07-29T03:03:47.447865,0,11051,2.0,10,1.8
2025-07-29T03:03:47.948223,0,11051,2.0,10,4.3
2025-07-29T03:03:48.448750,0,11051,2.0,10,4.6
2025-07-29T03:03:48.949352,0,11051,2.0,10,5.0
2025-07-29T03:03:49.449658,0,11051,2.0,10,3.7
2025-07-29T03:03:49.950165,0,11051,2.0,10,6.6
2025-07-29T03:03:50.450736,0,11051,2.0,10,5.2
2025-07-29T03:03:50.951291,0,11051,2.0,10,3.0
2025-07-29T03:03:51.451965,0,11051,2.0,10,1.4
2025-07-29T03:03:51.952447,0,11051,2.0,10,1.4
2025-07-29T03:03:52.452822,0,11051,2.0,10,2.6
2025-07-29T03:03:52.953354,0,11051,2.0,10,2.7
2025-07-29T03:03:53.453672,0,11051,2.0,10,3.6
2025-07-29T03:03:53.954230,0,11051,2.0,10,5.1
2025-07-29T03:03:54.454686,0,11051,2.0,10,7.2
2025-07-29T03:03:54.955307,0,11051,2.0,10,2.8
2025-07-29T03:03:55.455926,0,11051,2.0,10,3.9
2025-07-29T03:03:55.956527,0,11051,2.0,10,3.3
2025-07-29T03:03:56.457100,0,11051,2.0,10,1.6
2025-07-29T03:03:56.957698,0,11051,2.0,10,1.3
2025-07-29T03:03:57.458357,0,11051,2.0,10,1.3
2025-07-29T03:03:57.959020,0,11051,2.0,10,1.7
2025-07-29T03:03:58.459580,0,11051,2.0,10,1.1
2025-07-29T03:03:58.960168,0,11051,2.0,10,0.9
2025-07-29T03:03:59.460699,0,11051,2.0,10,0.7
2025-07-29T03:03:59.961022,0,11051,2.0,10,2.3
2025-07-29T03:04:00.461628,0,11051,2.0,10,1.8
2025-07-29T03:04:00.962215,0,11051,2.0,10,2.5
