timestamp,interval_count,total_count,queue_size,max_queue_size,cpu_percent
2025-08-26T12:04:34.187117,100,100,2.84,9,0.0
2025-08-26T12:04:34.687459,171,271,3.327485380116959,10,11.9
2025-08-26T12:04:35.187860,92,363,3.5434782608695654,10,10.8
2025-08-26T12:04:35.688090,72,435,2.736111111111111,10,12.0
2025-08-26T12:04:36.188319,55,490,4.0181818181818185,10,9.8
2025-08-26T12:04:36.689349,44,534,2.5675675675675675,10,8.8
2025-08-26T12:04:37.189625,103,637,4.2272727272727275,10,10.9
2025-08-26T12:04:37.689869,10,647,4.6,10,9.2
2025-08-26T12:04:38.190152,73,720,3.6986301369863015,10,11.5
2025-08-26T12:04:38.690407,24,744,4.625,10,9.8
2025-08-26T12:04:39.190639,7,751,1.5714285714285714,10,9.0
2025-08-26T12:04:39.690990,50,801,4.6,10,10.2
2025-08-26T12:04:40.191303,10,811,4.6,10,9.9
2025-08-26T12:04:40.691524,2,813,1.5,10,10.0
2025-08-26T12:04:41.191751,40,853,4.825,10,10.5
2025-08-26T12:04:41.691968,10,863,3.8,10,8.8
2025-08-26T12:04:42.192220,35,898,2.942857142857143,10,10.7
2025-08-26T12:04:42.692454,36,934,1.6944444444444444,10,10.9
2025-08-26T12:04:43.192695,40,974,2.925,10,9.2
2025-08-26T12:04:43.692918,0,974,10.0,10,8.5
2025-08-26T12:04:44.193166,46,1020,1.6304347826086956,10,10.2
2025-08-26T12:04:44.693369,108,1128,2.6666666666666665,10,11.7
2025-08-26T12:04:45.193596,0,1128,9.0,10,8.8
2025-08-26T12:04:45.693831,26,1154,5.038461538461538,10,11.6
2025-08-26T12:04:46.194075,10,1164,5.5,10,8.6
2025-08-26T12:04:46.694318,31,1195,1.903225806451613,10,9.6
2025-08-26T12:04:47.194553,28,1223,3.607142857142857,10,9.7
2025-08-26T12:04:47.694790,0,1223,9.0,10,8.6
2025-08-26T12:04:48.195076,10,1233,4.6,10,10.7
2025-08-26T12:04:48.695279,13,1246,1.9230769230769231,10,10.3
2025-08-26T12:04:49.195508,91,1337,3.901098901098901,10,10.2
2025-08-26T12:04:49.695829,63,1400,2.4444444444444446,10,10.9
2025-08-26T12:04:50.196087,0,1400,9.0,10,8.5
2025-08-26T12:04:50.696332,0,1400,9.0,10,8.3
2025-08-26T12:04:51.196678,12,1412,4.0,10,10.8
2025-08-26T12:04:51.696906,60,1472,4.516666666666667,10,10.1
2025-08-26T12:04:52.197163,0,1472,9.0,10,8.7
2025-08-26T12:04:52.697398,0,1472,9.0,10,8.6
2025-08-26T12:04:53.197679,0,1472,9.0,10,8.6
2025-08-26T12:04:53.698123,0,1472,9.0,10,10.7
2025-08-26T12:04:54.198405,0,1472,9.0,10,9.1
2025-08-26T12:04:54.698624,0,1472,9.0,10,9.2
2025-08-26T12:04:55.198860,0,1472,9.0,10,8.6
2025-08-26T12:04:55.699062,23,1495,2.6956521739130435,10,8.3
2025-08-26T12:04:56.199262,0,1495,1.0,10,9.3
2025-08-26T12:04:56.699535,0,1495,1.0,10,8.2
2025-08-26T12:04:57.199866,10,1505,1.0,10,10.6
2025-08-26T12:04:57.700078,89,1594,3.5280898876404496,10,10.4
2025-08-26T12:04:58.200310,62,1656,2.435483870967742,10,9.6
2025-08-26T12:04:58.700583,74,1730,3.2567567567567566,10,10.2
2025-08-26T12:04:59.200877,32,1762,3.71875,10,9.8
2025-08-26T12:04:59.701110,0,1762,8.0,10,9.1
2025-08-26T12:05:00.201381,0,1762,8.0,10,10.7
2025-08-26T12:05:00.701628,29,1791,4.206896551724138,10,9.7
2025-08-26T12:05:01.201832,31,1822,2.2580645161290325,10,9.8
2025-08-26T12:05:01.702136,10,1832,1.0,10,8.8
2025-08-26T12:05:02.202359,72,1904,4.0,10,10.5
2025-08-26T12:05:02.702586,55,1959,3.2363636363636363,10,11.9
2025-08-26T12:05:03.202811,30,1989,2.4,10,9.8
2025-08-26T12:05:03.703019,19,2008,5.2631578947368425,10,9.6
2025-08-26T12:05:04.203251,10,2018,4.6,10,9.0
2025-08-26T12:05:04.703462,0,2018,9.0,10,8.6
2025-08-26T12:05:05.203714,0,2018,9.0,10,10.3
2025-08-26T12:05:05.703945,29,2047,4.206896551724138,10,10.4
2025-08-26T12:05:06.204217,0,2047,1.0,10,8.0
2025-08-26T12:05:06.704438,0,2047,1.0,10,8.8
2025-08-26T12:05:07.204668,0,2047,1.0,10,8.4
2025-08-26T12:05:07.704920,0,2047,1.0,10,10.3
2025-08-26T12:05:08.205212,0,2047,1.0,10,8.3
2025-08-26T12:05:08.705538,0,2047,1.0,10,8.5
2025-08-26T12:05:09.205859,0,2047,1.0,10,8.3
2025-08-26T12:05:09.706140,3,2050,1.0,10,9.6
2025-08-26T12:05:10.206375,210,2260,3.4952380952380953,10,13.6
2025-08-26T12:05:10.706581,72,2332,2.1527777777777777,10,12.0
2025-08-26T12:05:11.206813,60,2392,3.25,10,11.0
2025-08-26T12:05:11.707043,43,2435,3.4651162790697674,10,9.7
2025-08-26T12:05:12.207243,22,2457,1.7272727272727273,10,10.4
2025-08-26T12:05:12.707455,49,2506,4.061224489795919,10,9.7
2025-08-26T12:05:13.207714,0,2506,1.0,10,10.5
2025-08-26T12:05:13.707950,13,2519,1.0769230769230769,10,8.6
2025-08-26T12:05:14.208183,158,2677,3.4367088607594938,10,11.4
2025-08-26T12:05:14.708385,216,2893,3.6712962962962963,10,11.7
2025-08-26T12:05:15.208575,211,3104,4.118483412322274,10,13.3
2025-08-26T12:05:15.708775,207,3311,3.0386473429951693,10,11.5
2025-08-26T12:05:16.209001,70,3381,4.457142857142857,10,10.2
2025-08-26T12:05:16.709272,156,3537,3.698717948717949,10,10.7
2025-08-26T12:05:17.209542,98,3635,4.877551020408164,10,11.8
2025-08-26T12:05:17.709773,0,3635,10.0,10,8.5
2025-08-26T12:05:18.210013,159,3794,4.188679245283019,10,11.0
2025-08-26T12:05:18.710393,49,3843,4.122448979591836,10,9.7
2025-08-26T12:05:19.210620,106,3949,2.811320754716981,10,12.2
2025-08-26T12:05:19.710831,55,4004,3.5636363636363635,10,10.2
2025-08-26T12:05:20.211061,63,4067,3.2063492063492065,10,10.0
2025-08-26T12:05:20.711269,69,4136,3.7681159420289854,10,9.8
2025-08-26T12:05:21.211507,49,4185,3.5714285714285716,10,10.1
2025-08-26T12:05:21.711716,60,4245,4.116666666666666,10,11.7
2025-08-26T12:05:22.211911,43,4288,4.8604651162790695,10,10.2
2025-08-26T12:05:22.712111,5,4293,1.6,10,8.3
2025-08-26T12:05:23.212441,30,4323,3.6,10,9.9
2025-08-26T12:05:23.712655,30,4353,2.533333333333333,10,11.8
2025-08-26T12:05:24.212936,95,4448,3.473684210526316,10,11.3
2025-08-26T12:05:24.713143,106,4554,2.8773584905660377,10,12.3
2025-08-26T12:05:25.213365,14,4568,4.642857142857143,10,9.7
2025-08-26T12:05:25.713709,23,4591,3.652173913043478,10,12.4
2025-08-26T12:05:26.213969,43,4634,4.0,10,10.8
2025-08-26T12:05:26.714203,35,4669,2.6285714285714286,10,10.4
2025-08-26T12:05:27.214456,50,4719,3.76,10,10.4
2025-08-26T12:05:27.714676,80,4799,2.7125,10,11.7
2025-08-26T12:05:28.214876,84,4883,3.9523809523809526,10,13.4
2025-08-26T12:05:28.715158,34,4917,4.529411764705882,10,10.0
2025-08-26T12:05:29.215408,57,4974,2.9298245614035086,10,10.4
2025-08-26T12:05:29.715630,53,5027,3.0377358490566038,10,9.8
2025-08-26T12:05:30.216545,160,5187,3.564935064935065,10,13.1
2025-08-26T12:05:30.716803,84,5271,3.3,10,10.4
2025-08-26T12:05:31.217088,0,5271,10.0,10,9.3
2025-08-26T12:05:31.717297,0,5271,10.0,10,8.3
2025-08-26T12:05:32.217603,10,5281,5.5,10,8.0
2025-08-26T12:05:32.717834,0,5281,10.0,10,8.7
2025-08-26T12:05:33.218061,0,5281,10.0,10,10.4
2025-08-26T12:05:33.723816,8,5289,3.625,10,8.6
2025-08-26T12:05:34.224119,184,5473,3.3097826086956523,10,13.0
2025-08-26T12:05:34.724427,75,5548,3.24,10,10.2
2025-08-26T12:05:35.224746,25,5573,3.56,10,10.1
2025-08-26T12:05:35.725063,85,5658,2.1058823529411765,10,12.4
2025-08-26T12:05:36.225357,135,5793,3.3333333333333335,10,10.5
2025-08-26T12:05:36.725603,190,5983,2.268421052631579,10,10.9
2025-08-26T12:05:37.225975,104,6087,4.269230769230769,10,9.9
2025-08-26T12:05:37.726207,127,6214,3.125984251968504,10,13.0
2025-08-26T12:05:38.226459,66,6280,3.4696969696969697,10,9.6
2025-08-26T12:05:38.726670,66,6346,3.984848484848485,10,9.7
2025-08-26T12:05:39.226968,61,6407,2.7049180327868854,10,9.8
2025-08-26T12:05:39.727244,87,6494,1.7471264367816093,10,12.6
2025-08-26T12:05:40.227501,81,6575,3.1481481481481484,10,10.3
2025-08-26T12:05:40.727729,9,6584,4.111111111111111,10,9.7
2025-08-26T12:05:41.227985,21,6605,2.4761904761904763,10,11.8
2025-08-26T12:05:41.728194,144,6749,2.451388888888889,10,11.9
2025-08-26T12:05:42.228410,71,6820,2.4507042253521125,10,10.0
2025-08-26T12:05:42.728608,144,6964,2.923611111111111,10,10.2
2025-08-26T12:05:43.228840,82,7046,2.073170731707317,10,12.0
2025-08-26T12:05:43.729061,37,7083,3.4324324324324325,10,9.5
2025-08-26T12:05:44.229300,77,7160,2.896103896103896,10,10.3
2025-08-26T12:05:44.729545,88,7248,2.8863636363636362,10,10.4
2025-08-26T12:05:45.229835,60,7308,3.7,10,12.0
2025-08-26T12:05:45.730120,78,7386,3.3333333333333335,10,9.6
2025-08-26T12:05:46.230374,43,7429,2.9767441860465116,10,10.0
2025-08-26T12:05:46.730604,81,7510,3.4691358024691357,10,11.1
2025-08-26T12:05:47.230847,91,7601,3.7472527472527473,10,13.0
2025-08-26T12:05:47.731066,10,7611,3.8,10,8.8
2025-08-26T12:05:48.231324,12,7623,3.0833333333333335,10,9.4
2025-08-26T12:05:48.731523,82,7705,2.951219512195122,10,11.1
2025-08-26T12:05:49.231799,38,7743,1.9473684210526316,10,10.0
2025-08-26T12:05:49.732032,93,7836,2.5698924731182795,10,12.2
2025-08-26T12:05:50.232339,108,7944,3.8703703703703702,10,10.2
2025-08-26T12:05:50.732529,70,8014,3.914285714285714,10,9.9
2025-08-26T12:05:51.232733,114,8128,4.0701754385964914,10,10.9
2025-08-26T12:05:51.732942,83,8211,3.36144578313253,10,12.0
2025-08-26T12:05:52.233230,28,8239,4.071428571428571,10,10.3
2025-08-26T12:05:52.733444,0,8239,10.0,10,8.8
2025-08-26T12:05:53.233654,51,8290,3.3137254901960786,10,10.2
2025-08-26T12:05:53.733902,88,8378,3.75,10,12.4
2025-08-26T12:05:54.234120,62,8440,3.435483870967742,10,10.2
2025-08-26T12:05:54.734300,43,8483,3.186046511627907,10,10.4
2025-08-26T12:05:55.234499,44,8527,4.340909090909091,10,9.8
2025-08-26T12:05:55.734707,65,8592,3.4461538461538463,10,12.2
2025-08-26T12:05:56.234936,60,8652,3.0833333333333335,10,11.1
2025-08-26T12:05:56.735196,40,8692,1.675,10,10.7
2025-08-26T12:05:57.235447,96,8788,3.4895833333333335,10,13.3
2025-08-26T12:05:57.735667,66,8854,4.196969696969697,10,10.4
2025-08-26T12:05:58.235898,55,8909,4.1454545454545455,10,10.1
2025-08-26T12:05:58.736215,133,9042,3.2481203007518795,10,11.0
2025-08-26T12:05:59.236490,51,9093,3.450980392156863,10,12.3
2025-08-26T12:05:59.736713,34,9127,4.882352941176471,10,10.2
2025-08-26T12:06:00.236939,0,9127,10.0,10,8.8
2025-08-26T12:06:00.737235,0,9127,10.0,10,10.2
2025-08-26T12:06:01.237476,0,9127,10.0,10,9.1
2025-08-26T12:06:01.737751,10,9137,5.5,10,9.0
2025-08-26T12:06:02.238046,0,9137,10.0,10,10.4
2025-08-26T12:06:02.738335,0,9137,10.0,10,10.8
2025-08-26T12:06:03.238630,31,9168,2.870967741935484,10,10.6
2025-08-26T12:06:03.738872,28,9196,2.892857142857143,10,9.5
2025-08-26T12:06:04.239189,62,9258,2.870967741935484,10,11.6
2025-08-26T12:06:04.739437,79,9337,3.392405063291139,10,11.2
2025-08-26T12:06:05.239670,79,9416,3.569620253164557,10,9.9
2025-08-26T12:06:05.739919,65,9481,3.6615384615384614,10,10.0
2025-08-26T12:06:06.240124,61,9542,4.131147540983607,10,12.3
2025-08-26T12:06:06.740430,44,9586,2.977272727272727,10,9.6
2025-08-26T12:06:07.240633,84,9670,4.2023809523809526,10,11.4
2025-08-26T12:06:07.740844,29,9699,3.793103448275862,10,12.0
2025-08-26T12:06:08.241063,20,9719,5.05,10,9.8
2025-08-26T12:06:08.741238,0,9719,10.0,10,9.0
2025-08-26T12:06:09.241441,10,9729,1.0,10,8.8
2025-08-26T12:06:09.741632,11,9740,1.3636363636363635,10,11.8
2025-08-26T12:06:10.241850,78,9818,4.166666666666667,10,10.9
2025-08-26T12:06:10.742081,30,9848,3.8333333333333335,10,9.9
2025-08-26T12:06:11.242355,37,9885,3.3513513513513513,10,12.8
2025-08-26T12:06:11.742590,10,9895,3.1,10,9.1
2025-08-26T12:06:12.242835,86,9981,3.2209302325581395,10,10.8
2025-08-26T12:06:12.743059,64,10045,2.75,10,12.4
2025-08-26T12:06:13.243251,62,10107,4.790322580645161,10,11.4
2025-08-26T12:06:13.743484,0,10107,8.0,10,9.0
2025-08-26T12:06:14.243886,20,10127,2.9,10,10.9
2025-08-26T12:06:14.744126,59,10186,3.2203389830508473,10,12.0
2025-08-26T12:06:15.244402,77,10263,2.987012987012987,10,11.0
2025-08-26T12:06:15.744633,0,10263,8.0,10,8.4
2025-08-26T12:06:16.244871,0,10263,8.0,10,10.7
2025-08-26T12:06:16.745167,10,10273,4.6,10,8.5
2025-08-26T12:06:17.245378,76,10349,3.276315789473684,10,11.9
2025-08-26T12:06:17.745607,20,10369,4.7,10,9.4
2025-08-26T12:06:18.245876,59,10428,2.3389830508474576,10,13.2
2025-08-26T12:06:18.746120,74,10502,2.418918918918919,10,10.9
2025-08-26T12:06:19.246388,107,10609,3.102803738317757,10,11.0
2025-08-26T12:06:19.746644,10,10619,3.9,10,10.7
2025-08-26T12:06:20.246870,108,10727,3.574074074074074,10,11.4
2025-08-26T12:06:20.747192,37,10764,4.5675675675675675,10,10.0
2025-08-26T12:06:21.247435,51,10815,4.431372549019608,10,11.8
2025-08-26T12:06:21.747745,50,10865,5.5,10,9.8
2025-08-26T12:06:22.247990,0,10865,10.0,10,8.8
2025-08-26T12:06:22.748227,0,10865,10.0,10,8.4
2025-08-26T12:06:23.248502,16,10881,4.0625,10,12.2
2025-08-26T12:06:23.748776,153,11034,3.0,10,13.0
2025-08-26T12:06:24.249043,89,11123,4.640449438202247,10,10.5
2025-08-26T12:06:24.749296,10,11133,5.5,10,9.2
2025-08-26T12:06:25.249556,0,11133,10.0,10,7.9
2025-08-26T12:06:25.749907,141,11274,3.276595744680851,10,14.9
2025-08-26T12:06:26.250189,60,11334,3.9833333333333334,10,11.0
2025-08-26T12:06:26.751186,84,11418,4.654761904761905,10,10.5
2025-08-26T12:06:27.251403,152,11570,4.1644736842105265,10,10.9
2025-08-26T12:06:27.751641,10,11580,1.9,10,8.8
2025-08-26T12:06:28.251901,110,11690,2.918181818181818,10,12.9
2025-08-26T12:06:28.752123,100,11790,3.04,10,10.8
2025-08-26T12:06:29.252338,158,11948,3.240506329113924,10,11.6
2025-08-26T12:06:29.752556,146,12094,2.2465753424657535,10,11.7
2025-08-26T12:06:30.252807,92,12186,4.163043478260869,10,10.3
2025-08-26T12:06:30.753081,181,12367,3.138121546961326,10,13.7
2025-08-26T12:06:31.253367,69,12436,2.9855072463768115,10,11.2
2025-08-26T12:06:31.753614,133,12569,2.7293233082706765,10,10.6
2025-08-26T12:06:32.253821,110,12679,3.727272727272727,10,10.4
2025-08-26T12:06:32.754083,82,12761,2.3536585365853657,10,10.0
2025-08-26T12:06:33.254374,134,12895,4.552238805970149,10,11.3
2025-08-26T12:06:33.754610,114,13009,3.2017543859649122,10,12.4
2025-08-26T12:06:34.254973,143,13152,3.8811188811188813,10,11.3
2025-08-26T12:06:34.755165,143,13295,2.734265734265734,10,11.3
2025-08-26T12:06:35.255477,142,13437,2.5,10,11.3
2025-08-26T12:06:35.755901,97,13534,3.288659793814433,10,10.0
2025-08-26T12:06:36.256138,164,13698,3.9878048780487805,10,13.2
2025-08-26T12:06:36.756442,0,13698,6.0,10,8.8
2025-08-26T12:06:37.256732,0,13698,6.0,10,8.4
2025-08-26T12:06:37.756966,0,13698,6.0,10,7.8
2025-08-26T12:06:38.257261,19,13717,2.5789473684210527,10,10.1
2025-08-26T12:06:38.757514,57,13774,4.350877192982456,10,9.8
2025-08-26T12:06:39.257752,128,13902,3.5,10,12.2
2025-08-26T12:06:39.758051,81,13983,1.2839506172839505,10,10.8
2025-08-26T12:06:40.258235,104,14087,3.9326923076923075,10,10.3
2025-08-26T12:06:40.758459,72,14159,2.611111111111111,10,10.6
2025-08-26T12:06:41.258684,88,14247,3.6931818181818183,10,10.5
2025-08-26T12:06:41.758917,71,14318,2.323943661971831,10,10.3
2025-08-26T12:06:42.259176,148,14466,3.6486486486486487,10,12.3
2025-08-26T12:06:42.759431,83,14549,2.1686746987951806,10,10.3
2025-08-26T12:06:43.259699,68,14617,3.6176470588235294,10,10.7
2025-08-26T12:06:43.759936,78,14695,4.102564102564102,10,10.7
2025-08-26T12:06:44.260188,42,14737,3.142857142857143,10,9.7
2025-08-26T12:06:44.760538,54,14791,3.185185185185185,10,9.8
2025-08-26T12:06:45.260789,73,14864,3.410958904109589,10,10.1
2025-08-26T12:06:45.761015,10,14874,4.6,10,9.9
2025-08-26T12:06:46.261237,77,14951,3.5584415584415585,10,9.8
2025-08-26T12:06:46.761456,46,14997,2.9347826086956523,10,9.8
2025-08-26T12:06:47.261712,94,15091,2.425531914893617,10,11.0
2025-08-26T12:06:47.761943,29,15120,1.2413793103448276,10,9.3
2025-08-26T12:06:48.262238,45,15165,4.377777777777778,10,9.7
2025-08-26T12:06:48.762475,10,15175,1.8,10,8.5
2025-08-26T12:06:49.262723,5,15180,1.2,10,8.8
2025-08-26T12:06:49.762940,100,15280,2.74,10,11.3
2025-08-26T12:06:50.263173,81,15361,3.234567901234568,10,12.4
2025-08-26T12:06:50.763397,0,15361,1.0,10,8.0
2025-08-26T12:06:51.263629,0,15361,1.0,10,8.0
2025-08-26T12:06:51.763898,0,15361,1.0,10,8.0
2025-08-26T12:06:52.264159,10,15371,5.5,10,8.3
2025-08-26T12:06:52.764401,38,15409,3.8421052631578947,10,9.0
2025-08-26T12:06:53.264628,125,15534,3.056,10,10.2
2025-08-26T12:06:53.764861,140,15674,3.4285714285714284,10,11.3
2025-08-26T12:06:54.265076,43,15717,3.86046511627907,10,9.2
2025-08-26T12:06:54.765258,128,15845,3.078125,10,10.8
2025-08-26T12:06:55.265541,79,15924,4.443037974683544,10,11.8
2025-08-26T12:06:55.765766,80,16004,3.775,10,9.7
2025-08-26T12:06:56.266041,0,16004,5.0,10,7.2
2025-08-26T12:06:56.766289,0,16004,5.0,10,7.5
2025-08-26T12:06:57.266548,0,16004,5.0,10,7.0
2025-08-26T12:06:57.766809,0,16004,5.0,10,7.4
2025-08-26T12:06:58.267075,0,16004,5.0,10,6.9
2025-08-26T12:06:58.767331,0,16004,5.0,10,6.9
2025-08-26T12:06:59.267611,0,16004,5.0,10,6.9
2025-08-26T12:06:59.767852,0,16004,5.0,10,7.3
2025-08-26T12:07:00.268093,0,16004,5.0,10,7.5
2025-08-26T12:07:00.768316,0,16004,5.0,10,7.8
2025-08-26T12:07:01.268564,0,16004,5.0,10,7.0
2025-08-26T12:07:01.768807,0,16004,5.0,10,7.6
2025-08-26T12:07:02.269055,0,16004,5.0,10,7.3
2025-08-26T12:07:02.769306,0,16004,5.0,10,7.3
2025-08-26T12:07:03.269552,0,16004,5.0,10,7.2
2025-08-26T12:07:03.769772,0,16004,5.0,10,7.1
2025-08-26T12:07:04.270022,0,16004,5.0,10,7.2
2025-08-26T12:07:04.770258,0,16004,5.0,10,7.1
2025-08-26T12:07:05.270516,0,16004,5.0,10,7.3
2025-08-26T12:07:05.770735,0,16004,5.0,10,7.6
2025-08-26T12:07:06.270973,0,16004,5.0,10,7.4
2025-08-26T12:07:06.771229,0,16004,5.0,10,7.4
2025-08-26T12:07:07.271475,0,16004,5.0,10,7.6
2025-08-26T12:07:07.771717,0,16004,5.0,10,7.3
2025-08-26T12:07:08.272078,0,16004,5.0,10,7.0
2025-08-26T12:07:08.772368,0,16004,5.0,10,7.1
2025-08-26T12:07:09.272618,0,16004,5.0,10,9.0
2025-08-26T12:07:09.772864,0,16004,5.0,10,7.1
2025-08-26T12:07:10.273119,0,16004,5.0,10,7.0
2025-08-26T12:07:10.773330,0,16004,5.0,10,7.4
2025-08-26T12:07:11.273572,0,16004,5.0,10,7.2
2025-08-26T12:07:11.773806,0,16004,5.0,10,7.3
2025-08-26T12:07:12.274040,0,16004,5.0,10,7.3
2025-08-26T12:07:12.774315,0,16004,5.0,10,7.1
2025-08-26T12:07:13.274557,0,16004,5.0,10,7.6
2025-08-26T12:07:13.774816,0,16004,5.0,10,7.4
2025-08-26T12:07:14.275083,0,16004,5.0,10,7.0
2025-08-26T12:07:14.775361,0,16004,5.0,10,7.6
2025-08-26T12:07:15.275602,0,16004,5.0,10,7.3
2025-08-26T12:07:15.775820,0,16004,5.0,10,7.5
2025-08-26T12:07:16.276169,0,16004,5.0,10,7.6
2025-08-26T12:07:16.776394,0,16004,5.0,10,7.8
2025-08-26T12:07:17.276662,0,16004,5.0,10,7.2
2025-08-26T12:07:17.777013,0,16004,5.0,10,7.3
2025-08-26T12:07:18.277263,0,16004,5.0,10,7.6
2025-08-26T12:07:18.777510,0,16004,5.0,10,7.0
2025-08-26T12:07:19.277758,0,16004,5.0,10,7.6
2025-08-26T12:07:19.778003,0,16004,5.0,10,7.4
2025-08-26T12:07:20.278254,0,16004,5.0,10,7.6
2025-08-26T12:07:20.778464,0,16004,5.0,10,8.1
2025-08-26T12:07:21.278700,0,16004,5.0,10,7.6
2025-08-26T12:07:21.779000,0,16004,5.0,10,7.8
2025-08-26T12:07:22.279307,0,16004,5.0,10,7.4
2025-08-26T12:07:22.779591,0,16004,5.0,10,7.3
2025-08-26T12:07:23.279872,0,16004,5.0,10,9.0
2025-08-26T12:07:23.780123,0,16004,5.0,10,7.3
2025-08-26T12:07:24.280519,0,16004,5.0,10,7.0
2025-08-26T12:07:24.780780,0,16004,5.0,10,7.3
2025-08-26T12:07:25.281072,0,16004,5.0,10,7.0
2025-08-26T12:07:25.781390,0,16004,5.0,10,7.9
2025-08-26T12:07:26.281632,0,16004,5.0,10,7.5
2025-08-26T12:07:26.782004,0,16004,5.0,10,7.1
2025-08-26T12:07:27.282318,0,16004,5.0,10,8.1
2025-08-26T12:07:27.782645,0,16004,5.0,10,7.3
2025-08-26T12:07:28.283156,0,16004,5.0,10,7.5
2025-08-26T12:07:28.783402,0,16004,5.0,10,7.3
2025-08-26T12:07:29.283637,0,16004,5.0,10,7.3
2025-08-26T12:07:29.784042,0,16004,5.0,10,7.3
2025-08-26T12:07:30.284257,0,16004,5.0,10,7.0
2025-08-26T12:07:30.784497,0,16004,5.0,10,7.2
2025-08-26T12:07:31.284749,0,16004,5.0,10,7.3
2025-08-26T12:07:31.785028,0,16004,5.0,10,7.3
2025-08-26T12:07:32.285428,0,16004,5.0,10,7.9
2025-08-26T12:07:32.785755,0,16004,5.0,10,8.3
2025-08-26T12:07:33.285987,0,16004,5.0,10,7.7
2025-08-26T12:07:33.786303,0,16004,5.0,10,7.6
2025-08-26T12:07:34.286623,0,16004,5.0,10,9.7
2025-08-26T12:07:34.786878,0,16004,5.0,10,7.4
2025-08-26T12:07:35.287115,0,16004,5.0,10,7.5
2025-08-26T12:07:35.787337,0,16004,5.0,10,7.8
2025-08-26T12:07:36.287572,0,16004,5.0,10,7.5
2025-08-26T12:07:36.787864,0,16004,5.0,10,7.4
2025-08-26T12:07:37.288162,0,16004,5.0,10,7.4
2025-08-26T12:07:37.788452,0,16004,5.0,10,7.3
2025-08-26T12:07:38.288685,0,16004,5.0,10,7.5
2025-08-26T12:07:38.788922,0,16004,5.0,10,7.2
2025-08-26T12:07:39.289234,0,16004,5.0,10,7.3
2025-08-26T12:07:39.789492,0,16004,5.0,10,7.1
2025-08-26T12:07:40.289724,0,16004,5.0,10,6.9
2025-08-26T12:07:40.790029,0,16004,5.0,10,8.4
2025-08-26T12:07:41.290338,0,16004,5.0,10,7.1
2025-08-26T12:07:41.790610,0,16004,5.0,10,7.3
2025-08-26T12:07:42.290830,0,16004,5.0,10,7.5
2025-08-26T12:07:42.791050,0,16004,5.0,10,7.5
2025-08-26T12:07:43.291326,0,16004,5.0,10,7.5
2025-08-26T12:07:43.791552,0,16004,5.0,10,7.3
2025-08-26T12:07:44.291776,0,16004,5.0,10,7.0
2025-08-26T12:07:44.791999,0,16004,5.0,10,7.8
2025-08-26T12:07:45.292232,0,16004,5.0,10,7.0
2025-08-26T12:07:45.792451,0,16004,5.0,10,7.0
2025-08-26T12:07:46.292706,0,16004,5.0,10,7.9
2025-08-26T12:07:46.793010,10,16014,4.6,10,7.5
2025-08-26T12:07:47.293222,0,16014,9.0,10,6.8
2025-08-26T12:07:47.793505,0,16014,9.0,10,9.5
2025-08-26T12:07:48.293796,0,16014,9.0,10,6.9
2025-08-26T12:07:48.794033,0,16014,9.0,10,8.0
2025-08-26T12:07:49.294266,0,16014,9.0,10,7.0
2025-08-26T12:07:49.794490,0,16014,9.0,10,7.0
2025-08-26T12:07:50.294715,0,16014,9.0,10,7.2
2025-08-26T12:07:50.794923,0,16014,9.0,10,7.6
2025-08-26T12:07:51.295150,0,16014,9.0,10,7.1
2025-08-26T12:07:51.795373,0,16014,9.0,10,7.1
2025-08-26T12:07:52.295584,0,16014,9.0,10,7.2
2025-08-26T12:07:52.795807,0,16014,9.0,10,7.4
2025-08-26T12:07:53.296038,0,16014,9.0,10,7.1
2025-08-26T12:07:53.796241,0,16014,9.0,10,7.5
2025-08-26T12:07:54.296475,0,16014,9.0,10,6.8
2025-08-26T12:07:54.796705,0,16014,9.0,10,7.2
2025-08-26T12:07:55.296942,0,16014,9.0,10,7.2
2025-08-26T12:07:55.797163,0,16014,9.0,10,7.2
2025-08-26T12:07:56.297413,0,16014,9.0,10,7.1
2025-08-26T12:07:56.797645,0,16014,9.0,10,7.4
2025-08-26T12:07:57.297916,0,16014,9.0,10,7.3
2025-08-26T12:07:57.798208,0,16014,9.0,10,7.1
2025-08-26T12:07:58.298427,0,16014,9.0,10,7.0
2025-08-26T12:07:58.798644,0,16014,9.0,10,7.6
2025-08-26T12:07:59.298865,0,16014,9.0,10,7.1
2025-08-26T12:07:59.799109,0,16014,9.0,10,7.1
2025-08-26T12:08:00.299339,0,16014,9.0,10,8.0
2025-08-26T12:08:00.799662,0,16014,9.0,10,8.3
2025-08-26T12:08:01.299908,0,16014,9.0,10,7.6
2025-08-26T12:08:01.800130,0,16014,9.0,10,7.2
2025-08-26T12:08:02.300405,0,16014,9.0,10,7.4
2025-08-26T12:08:02.800687,0,16014,9.0,10,7.9
2025-08-26T12:08:03.300971,0,16014,9.0,10,8.0
2025-08-26T12:08:03.801249,0,16014,9.0,10,7.3
2025-08-26T12:08:04.301513,0,16014,9.0,10,7.9
2025-08-26T12:08:04.801734,0,16014,9.0,10,7.9
2025-08-26T12:08:05.301954,0,16014,9.0,10,8.8
2025-08-26T12:08:05.802182,0,16014,9.0,10,8.7
2025-08-26T12:08:06.302407,0,16014,9.0,10,7.2
2025-08-26T12:08:06.802697,0,16014,9.0,10,8.1
2025-08-26T12:08:07.302975,0,16014,9.0,10,7.3
2025-08-26T12:08:07.803215,0,16014,9.0,10,6.8
2025-08-26T12:08:08.303471,0,16014,9.0,10,6.8
2025-08-26T12:08:08.803761,0,16014,9.0,10,7.2
2025-08-26T12:08:09.303985,0,16014,9.0,10,7.1
2025-08-26T12:08:09.804253,0,16014,9.0,10,7.5
2025-08-26T12:08:10.304505,0,16014,9.0,10,7.9
2025-08-26T12:08:10.804781,0,16014,9.0,10,7.3
2025-08-26T12:08:11.305075,0,16014,9.0,10,6.8
2025-08-26T12:08:11.805296,0,16014,9.0,10,7.3
2025-08-26T12:08:12.305509,0,16014,9.0,10,7.7
2025-08-26T12:08:12.805775,0,16014,9.0,10,7.3
2025-08-26T12:08:13.306021,0,16014,9.0,10,8.5
2025-08-26T12:08:13.806251,0,16014,9.0,10,8.8
2025-08-26T12:08:14.306471,0,16014,9.0,10,9.5
2025-08-26T12:08:14.806754,0,16014,9.0,10,8.1
2025-08-26T12:08:15.307016,0,16014,9.0,10,13.1
2025-08-26T12:08:15.807299,0,16014,9.0,10,14.9
2025-08-26T12:08:16.307592,0,16014,9.0,10,15.8
2025-08-26T12:08:16.807877,0,16014,9.0,10,16.2
2025-08-26T12:08:17.308230,0,16014,9.0,10,12.4
2025-08-26T12:08:17.808569,0,16014,9.0,10,11.3
2025-08-26T12:08:18.308896,0,16014,9.0,10,11.4
2025-08-26T12:08:18.809239,0,16014,9.0,10,10.6
2025-08-26T12:08:19.311011,0,16014,9.0,10,10.6
2025-08-26T12:08:19.811342,0,16014,9.0,10,9.4
2025-08-26T12:08:20.311670,0,16014,9.0,10,9.1
2025-08-26T12:08:20.811981,0,16014,9.0,10,12.9
2025-08-26T12:08:21.312323,0,16014,9.0,10,10.3
2025-08-26T12:08:21.812625,0,16014,9.0,10,9.8
2025-08-26T12:08:22.312925,0,16014,9.0,10,8.5
2025-08-26T12:08:22.813315,0,16014,9.0,10,10.1
2025-08-26T12:08:23.313557,0,16014,9.0,10,9.1
2025-08-26T12:08:23.813777,0,16014,9.0,10,7.3
2025-08-26T12:08:24.314051,0,16014,9.0,10,8.7
2025-08-26T12:08:24.814324,0,16014,9.0,10,7.8
2025-08-26T12:08:25.314560,0,16014,9.0,10,7.8
2025-08-26T12:08:25.814784,0,16014,9.0,10,10.7
2025-08-26T12:08:26.315004,0,16014,9.0,10,9.2
2025-08-26T12:08:26.815239,0,16014,9.0,10,7.5
2025-08-26T12:08:27.315468,0,16014,9.0,10,8.0
2025-08-26T12:08:27.815707,0,16014,9.0,10,10.8
2025-08-26T12:08:28.315949,0,16014,9.0,10,9.0
2025-08-26T12:08:28.816228,0,16014,9.0,10,7.2
2025-08-26T12:08:29.316450,0,16014,9.0,10,8.1
2025-08-26T12:08:29.816693,0,16014,9.0,10,7.1
2025-08-26T12:08:30.316917,0,16014,9.0,10,8.3
2025-08-26T12:08:30.817144,0,16014,9.0,10,7.6
2025-08-26T12:08:31.317377,0,16014,9.0,10,7.9
2025-08-26T12:08:31.817610,0,16014,9.0,10,9.0
2025-08-26T12:08:32.317869,0,16014,9.0,10,8.1
2025-08-26T12:08:32.818106,0,16014,9.0,10,10.2
2025-08-26T12:08:33.318401,0,16014,9.0,10,7.1
2025-08-26T12:08:33.818697,0,16014,9.0,10,7.8
2025-08-26T12:08:34.318978,0,16014,9.0,10,7.3
2025-08-26T12:08:34.819225,0,16014,9.0,10,7.3
2025-08-26T12:08:35.319463,0,16014,9.0,10,8.4
2025-08-26T12:08:35.819746,0,16014,9.0,10,9.3
2025-08-26T12:08:36.320060,0,16014,9.0,10,7.3
2025-08-26T12:08:36.820314,0,16014,9.0,10,7.6
2025-08-26T12:08:37.320624,0,16014,9.0,10,7.8
2025-08-26T12:08:37.820913,0,16014,9.0,10,10.4
2025-08-26T12:08:38.321233,0,16014,9.0,10,7.3
2025-08-26T12:08:38.821473,0,16014,9.0,10,7.3
2025-08-26T12:08:39.321719,0,16014,9.0,10,7.0
2025-08-26T12:08:39.822016,0,16014,9.0,10,8.8
2025-08-26T12:08:40.322360,0,16014,9.0,10,8.4
2025-08-26T12:08:40.822647,0,16014,9.0,10,7.3
2025-08-26T12:08:41.322887,0,16014,9.0,10,6.9
2025-08-26T12:08:41.823194,0,16014,9.0,10,7.1
2025-08-26T12:08:42.323484,0,16014,9.0,10,7.3
2025-08-26T12:08:42.823802,0,16014,9.0,10,8.0
2025-08-26T12:08:43.324117,0,16014,9.0,10,7.2
2025-08-26T12:08:43.824429,0,16014,9.0,10,7.3
2025-08-26T12:08:44.324668,0,16014,9.0,10,7.3
2025-08-26T12:08:44.824975,0,16014,9.0,10,7.4
2025-08-26T12:08:45.325234,0,16014,9.0,10,7.6
2025-08-26T12:08:45.825535,0,16014,9.0,10,7.4
2025-08-26T12:08:46.325860,0,16014,9.0,10,7.2
2025-08-26T12:08:46.826108,0,16014,9.0,10,7.4
2025-08-26T12:08:47.326414,0,16014,9.0,10,7.5
2025-08-26T12:08:47.826694,0,16014,9.0,10,7.6
2025-08-26T12:08:48.327006,0,16014,9.0,10,6.7
2025-08-26T12:08:48.827269,0,16014,9.0,10,8.1
2025-08-26T12:08:49.327570,0,16014,9.0,10,7.3
2025-08-26T12:08:49.827814,0,16014,9.0,10,6.8
2025-08-26T12:08:50.328054,0,16014,9.0,10,7.6
2025-08-26T12:08:50.828299,0,16014,9.0,10,7.4
2025-08-26T12:08:51.328553,0,16014,9.0,10,7.5
2025-08-26T12:08:51.828839,0,16014,9.0,10,7.1
2025-08-26T12:08:52.329122,0,16014,9.0,10,6.8
2025-08-26T12:08:52.829356,0,16014,9.0,10,7.5
2025-08-26T12:08:53.329604,0,16014,9.0,10,6.9
2025-08-26T12:08:53.829833,0,16014,9.0,10,8.8
2025-08-26T12:08:54.330095,0,16014,9.0,10,8.8
2025-08-26T12:08:54.830361,0,16014,9.0,10,8.0
2025-08-26T12:08:55.330620,0,16014,9.0,10,7.7
2025-08-26T12:08:55.830969,0,16014,9.0,10,8.6
2025-08-26T12:08:56.331266,0,16014,9.0,10,7.0
2025-08-26T12:08:56.831516,0,16014,9.0,10,7.1
2025-08-26T12:08:57.331820,0,16014,9.0,10,6.9
2025-08-26T12:08:57.832120,0,16014,9.0,10,7.4
2025-08-26T12:08:58.332362,0,16014,9.0,10,7.0
2025-08-26T12:08:58.832604,0,16014,9.0,10,6.9
2025-08-26T12:08:59.332849,0,16014,9.0,10,7.8
2025-08-26T12:08:59.833156,0,16014,9.0,10,7.4
2025-08-26T12:09:00.333405,0,16014,9.0,10,7.4
2025-08-26T12:09:00.833655,0,16014,9.0,10,7.2
2025-08-26T12:09:01.333899,0,16014,9.0,10,9.1
2025-08-26T12:09:01.834141,0,16014,9.0,10,7.6
2025-08-26T12:09:02.334385,0,16014,9.0,10,7.9
2025-08-26T12:09:02.834648,0,16014,9.0,10,8.2
2025-08-26T12:09:03.334959,0,16014,9.0,10,7.9
2025-08-26T12:09:03.835209,0,16014,9.0,10,12.8
2025-08-26T12:09:04.335454,0,16014,9.0,10,12.5
2025-08-26T12:09:04.835690,0,16014,9.0,10,14.1
2025-08-26T12:09:05.335949,0,16014,9.0,10,11.7
2025-08-26T12:09:05.836209,0,16014,9.0,10,9.7
2025-08-26T12:09:06.336683,0,16014,9.0,10,9.2
2025-08-26T12:09:06.837019,0,16014,9.0,10,12.6
2025-08-26T12:09:07.339335,0,16014,9.0,10,7.8
2025-08-26T12:09:07.839632,0,16014,9.0,10,9.2
2025-08-26T12:09:08.339902,0,16014,9.0,10,9.6
2025-08-26T12:09:08.840155,0,16014,9.0,10,8.3
2025-08-26T12:09:09.340386,0,16014,9.0,10,7.6
2025-08-26T12:09:09.840666,0,16014,9.0,10,7.5
2025-08-26T12:09:10.340912,0,16014,9.0,10,7.3
2025-08-26T12:09:10.841204,0,16014,9.0,10,9.1
2025-08-26T12:09:11.341487,0,16014,9.0,10,7.2
2025-08-26T12:09:11.841752,0,16014,9.0,10,9.2
2025-08-26T12:09:12.342077,0,16014,9.0,10,7.4
2025-08-26T12:09:12.842334,0,16014,9.0,10,9.5
2025-08-26T12:09:13.342586,0,16014,9.0,10,7.7
2025-08-26T12:09:13.842899,0,16014,9.0,10,7.5
2025-08-26T12:09:14.343200,0,16014,9.0,10,6.9
2025-08-26T12:09:14.843439,0,16014,9.0,10,7.3
2025-08-26T12:09:15.343690,0,16014,9.0,10,7.0
2025-08-26T12:09:15.844005,0,16014,9.0,10,7.0
2025-08-26T12:09:16.344318,0,16014,9.0,10,7.3
2025-08-26T12:09:16.844579,0,16014,9.0,10,7.2
2025-08-26T12:09:17.344956,0,16014,9.0,10,9.2
2025-08-26T12:09:17.845277,0,16014,9.0,10,7.1
2025-08-26T12:09:18.345511,0,16014,9.0,10,6.7
2025-08-26T12:09:18.845845,0,16014,9.0,10,7.2
2025-08-26T12:09:19.346186,0,16014,9.0,10,6.8
2025-08-26T12:09:19.846443,0,16014,9.0,10,7.3
2025-08-26T12:09:20.346686,0,16014,9.0,10,7.5
2025-08-26T12:09:20.846989,0,16014,9.0,10,7.2
2025-08-26T12:09:21.347239,0,16014,9.0,10,7.1
2025-08-26T12:09:21.847542,0,16014,9.0,10,7.4
2025-08-26T12:09:22.347833,0,16014,9.0,10,6.9
2025-08-26T12:09:22.848139,0,16014,9.0,10,7.8
2025-08-26T12:09:23.348437,0,16014,9.0,10,7.3
2025-08-26T12:09:23.848745,0,16014,9.0,10,7.4
2025-08-26T12:09:24.349045,0,16014,9.0,10,8.0
2025-08-26T12:09:24.849365,0,16014,9.0,10,7.4
2025-08-26T12:09:25.349611,0,16014,9.0,10,9.6
2025-08-26T12:09:25.849905,0,16014,9.0,10,8.7
2025-08-26T12:09:26.350180,0,16014,9.0,10,10.7
2025-08-26T12:09:26.850479,0,16014,9.0,10,14.1
2025-08-26T12:09:27.350765,0,16014,9.0,10,13.0
2025-08-26T12:09:27.851029,0,16014,9.0,10,13.6
2025-08-26T12:09:28.351310,0,16014,9.0,10,12.8
2025-08-26T12:09:28.851580,0,16014,9.0,10,14.9
2025-08-26T12:09:29.351837,0,16014,9.0,10,13.6
2025-08-26T12:09:29.852119,0,16014,9.0,10,13.7
2025-08-26T12:09:30.352373,0,16014,9.0,10,16.2
2025-08-26T12:09:30.852625,0,16014,9.0,10,13.3
2025-08-26T12:09:31.352872,0,16014,9.0,10,14.1
2025-08-26T12:09:31.853134,0,16014,9.0,10,14.8
2025-08-26T12:09:32.353400,0,16014,9.0,10,16.6
2025-08-26T12:09:32.853693,0,16014,9.0,10,15.2
2025-08-26T12:09:33.353939,0,16014,9.0,10,10.7
2025-08-26T12:09:33.854239,0,16014,9.0,10,11.7
2025-08-26T12:09:34.354505,0,16014,9.0,10,13.2
2025-08-26T12:09:34.854811,0,16014,9.0,10,14.5
2025-08-26T12:09:35.355172,0,16014,9.0,10,14.0
2025-08-26T12:09:35.855410,0,16014,9.0,10,13.5
2025-08-26T12:09:36.355687,0,16014,9.0,10,9.3
2025-08-26T12:09:36.855928,0,16014,9.0,10,8.2
2025-08-26T12:09:37.356174,0,16014,9.0,10,8.8
2025-08-26T12:09:37.856479,0,16014,9.0,10,7.1
2025-08-26T12:09:38.356776,0,16014,9.0,10,6.8
2025-08-26T12:09:38.857017,0,16014,9.0,10,7.3
2025-08-26T12:09:39.357336,0,16014,9.0,10,8.0
2025-08-26T12:09:39.857622,0,16014,9.0,10,6.8
2025-08-26T12:09:40.357887,0,16014,9.0,10,8.0
2025-08-26T12:09:40.858190,0,16014,9.0,10,7.2
2025-08-26T12:09:41.358494,0,16014,9.0,10,6.6
2025-08-26T12:09:41.858731,0,16014,9.0,10,7.3
2025-08-26T12:09:42.359031,0,16014,9.0,10,7.1
2025-08-26T12:09:42.859320,0,16014,9.0,10,6.8
2025-08-26T12:09:43.359626,0,16014,9.0,10,7.9
2025-08-26T12:09:43.859909,0,16014,9.0,10,6.9
2025-08-26T12:09:44.360226,0,16014,9.0,10,7.4
2025-08-26T12:09:44.860487,0,16014,9.0,10,6.8
2025-08-26T12:09:45.360737,0,16014,9.0,10,7.5
2025-08-26T12:09:45.861045,0,16014,9.0,10,7.9
2025-08-26T12:09:46.361359,0,16014,9.0,10,7.0
2025-08-26T12:09:46.861602,0,16014,9.0,10,6.8
2025-08-26T12:09:47.361901,0,16014,9.0,10,7.9
2025-08-26T12:09:47.862213,0,16014,9.0,10,6.8
2025-08-26T12:09:48.362444,0,16014,9.0,10,7.2
2025-08-26T12:09:48.862737,0,16014,9.0,10,7.8
2025-08-26T12:09:49.362986,0,16014,9.0,10,6.8
2025-08-26T12:09:49.863228,0,16014,9.0,10,10.9
2025-08-26T12:09:50.363466,0,16014,9.0,10,8.0
2025-08-26T12:09:50.863719,0,16014,9.0,10,8.3
2025-08-26T12:09:51.363974,0,16014,9.0,10,7.3
2025-08-26T12:09:51.864225,0,16014,9.0,10,8.7
2025-08-26T12:09:52.364517,0,16014,9.0,10,7.5
2025-08-26T12:09:52.864811,0,16014,9.0,10,7.8
2025-08-26T12:09:53.365046,0,16014,9.0,10,7.3
2025-08-26T12:09:53.865331,0,16014,9.0,10,8.6
2025-08-26T12:09:54.365578,0,16014,9.0,10,7.5
2025-08-26T12:09:54.865821,0,16014,9.0,10,7.6
2025-08-26T12:09:55.366067,0,16014,9.0,10,7.4
2025-08-26T12:09:55.866363,0,16014,9.0,10,7.6
2025-08-26T12:09:56.366714,0,16014,9.0,10,7.1
2025-08-26T12:09:56.866964,0,16014,9.0,10,9.7
2025-08-26T12:09:57.367221,0,16014,9.0,10,8.5
2025-08-26T12:09:57.867538,0,16014,9.0,10,9.0
2025-08-26T12:09:58.367816,0,16014,9.0,10,8.5
2025-08-26T12:09:58.868053,0,16014,9.0,10,7.8
2025-08-26T12:09:59.368296,0,16014,9.0,10,8.1
2025-08-26T12:09:59.868604,0,16014,9.0,10,7.5
2025-08-26T12:10:00.368901,0,16014,9.0,10,7.4
2025-08-26T12:10:00.869157,0,16014,9.0,10,8.4
2025-08-26T12:10:01.369450,0,16014,9.0,10,8.1
2025-08-26T12:10:01.869736,0,16014,9.0,10,8.2
2025-08-26T12:10:02.369975,0,16014,9.0,10,7.7
2025-08-26T12:10:02.870227,0,16014,9.0,10,7.4
2025-08-26T12:10:03.370519,0,16014,9.0,10,8.3
2025-08-26T12:10:03.870816,0,16014,9.0,10,7.5
2025-08-26T12:10:04.371054,0,16014,9.0,10,7.7
2025-08-26T12:10:04.871288,0,16014,9.0,10,8.0
2025-08-26T12:10:05.371538,0,16014,9.0,10,8.4
2025-08-26T12:10:05.871776,0,16014,9.0,10,6.0
2025-08-26T12:10:06.372004,0,16014,9.0,10,5.8
2025-08-26T12:10:06.872248,0,16014,9.0,10,5.5
2025-08-26T12:10:07.372488,0,16014,9.0,10,6.1
2025-08-26T12:10:07.872788,0,16014,9.0,10,7.0
2025-08-26T12:10:08.373091,0,16014,9.0,10,7.7
2025-08-26T12:10:08.873359,0,16014,9.0,10,8.9
2025-08-26T12:10:09.373724,0,16014,9.0,10,7.1
2025-08-26T12:10:09.874020,0,16014,9.0,10,7.8
2025-08-26T12:10:10.374286,0,16014,9.0,10,8.2
2025-08-26T12:10:10.874531,0,16014,9.0,10,8.1
2025-08-26T12:10:11.374827,0,16014,9.0,10,7.3
2025-08-26T12:10:11.875119,0,16014,9.0,10,7.3
2025-08-26T12:10:12.375355,0,16014,9.0,10,8.1
2025-08-26T12:10:12.875637,0,16014,9.0,10,8.0
2025-08-26T12:10:13.375968,0,16014,9.0,10,8.0
2025-08-26T12:10:13.876201,0,16014,9.0,10,8.3
2025-08-26T12:10:14.376444,0,16014,9.0,10,7.1
2025-08-26T12:10:14.876697,0,16014,9.0,10,7.8
2025-08-26T12:10:15.376937,0,16014,9.0,10,7.8
2025-08-26T12:10:15.877184,0,16014,9.0,10,8.3
2025-08-26T12:10:16.377425,0,16014,9.0,10,7.8
2025-08-26T12:10:16.877692,0,16014,9.0,10,7.5
2025-08-26T12:10:17.377969,0,16014,9.0,10,7.3
2025-08-26T12:10:17.878223,0,16014,9.0,10,7.8
2025-08-26T12:10:18.378519,0,16014,9.0,10,7.6
2025-08-26T12:10:18.878817,0,16014,9.0,10,7.2
2025-08-26T12:10:19.379088,0,16014,9.0,10,7.7
2025-08-26T12:10:19.879420,0,16014,9.0,10,7.1
2025-08-26T12:10:20.379700,0,16014,9.0,10,7.6
2025-08-26T12:10:20.879940,0,16014,9.0,10,7.4
2025-08-26T12:10:21.380180,0,16014,9.0,10,7.9
2025-08-26T12:10:21.880423,0,16014,9.0,10,7.5
2025-08-26T12:10:22.380659,0,16014,9.0,10,7.7
2025-08-26T12:10:22.880895,0,16014,9.0,10,6.9
2025-08-26T12:10:23.381199,0,16014,9.0,10,7.5
2025-08-26T12:10:23.881463,0,16014,9.0,10,7.4
2025-08-26T12:10:24.381737,0,16014,9.0,10,7.6
2025-08-26T12:10:24.882038,0,16014,9.0,10,7.7
2025-08-26T12:10:25.382275,0,16014,9.0,10,7.2
2025-08-26T12:10:25.882512,0,16014,9.0,10,8.3
2025-08-26T12:10:26.382749,0,16014,9.0,10,7.4
2025-08-26T12:10:26.883032,0,16014,9.0,10,7.3
2025-08-26T12:10:27.383325,0,16014,9.0,10,7.4
2025-08-26T12:10:27.883622,0,16014,9.0,10,9.4
2025-08-26T12:10:28.383859,0,16014,9.0,10,7.3
2025-08-26T12:10:28.884207,0,16014,9.0,10,7.6
2025-08-26T12:10:29.384483,0,16014,9.0,10,7.8
2025-08-26T12:10:29.884714,0,16014,9.0,10,7.4
2025-08-26T12:10:30.385005,0,16014,9.0,10,7.9
2025-08-26T12:10:30.885298,0,16014,9.0,10,10.0
2025-08-26T12:10:31.385588,0,16014,9.0,10,7.6
2025-08-26T12:10:31.885840,0,16014,9.0,10,8.2
2025-08-26T12:10:32.386143,0,16014,9.0,10,10.2
2025-08-26T12:10:32.886445,0,16014,9.0,10,12.3
2025-08-26T12:10:33.386712,0,16014,9.0,10,7.8
2025-08-26T12:10:33.887019,0,16014,9.0,10,8.1
2025-08-26T12:10:34.387337,0,16014,9.0,10,7.8
2025-08-26T12:10:34.887626,0,16014,9.0,10,8.3
2025-08-26T12:10:35.387948,0,16014,9.0,10,7.8
2025-08-26T12:10:35.888207,0,16014,9.0,10,8.3
2025-08-26T12:10:36.388458,0,16014,9.0,10,7.8
2025-08-26T12:10:36.888697,0,16014,9.0,10,7.6
2025-08-26T12:10:37.388950,0,16014,9.0,10,9.1
2025-08-26T12:10:37.889194,0,16014,9.0,10,9.0
2025-08-26T12:10:38.389519,0,16014,9.0,10,7.4
2025-08-26T12:10:38.889794,0,16014,9.0,10,8.3
2025-08-26T12:10:39.390122,0,16014,9.0,10,7.5
2025-08-26T12:10:39.890368,0,16014,9.0,10,7.7
2025-08-26T12:10:40.390626,0,16014,9.0,10,6.8
2025-08-26T12:10:40.890913,0,16014,9.0,10,8.4
2025-08-26T12:10:41.391159,0,16014,9.0,10,7.1
2025-08-26T12:10:41.891462,0,16014,9.0,10,7.7
2025-08-26T12:10:42.391788,0,16014,9.0,10,7.3
2025-08-26T12:10:42.892089,0,16014,9.0,10,7.8
2025-08-26T12:10:43.392426,0,16014,9.0,10,9.3
2025-08-26T12:10:43.892708,0,16014,9.0,10,7.4
2025-08-26T12:10:44.393008,0,16014,9.0,10,7.4
2025-08-26T12:10:44.893300,0,16014,9.0,10,7.4
2025-08-26T12:10:45.393584,0,16014,9.0,10,7.1
2025-08-26T12:10:45.893866,0,16014,9.0,10,8.3
2025-08-26T12:10:46.394115,0,16014,9.0,10,7.3
2025-08-26T12:10:46.894407,0,16014,9.0,10,7.9
2025-08-26T12:10:47.394668,0,16014,9.0,10,7.2
2025-08-26T12:10:47.894987,0,16014,9.0,10,7.5
2025-08-26T12:10:48.395355,0,16014,9.0,10,7.6
2025-08-26T12:10:48.895605,0,16014,9.0,10,8.4
2025-08-26T12:10:49.395845,0,16014,9.0,10,8.7
2025-08-26T12:10:49.896141,0,16014,9.0,10,9.7
2025-08-26T12:10:50.396368,0,16014,9.0,10,7.2
2025-08-26T12:10:50.896604,0,16014,9.0,10,7.5
2025-08-26T12:10:51.396929,0,16014,9.0,10,7.9
2025-08-26T12:10:51.897248,0,16014,9.0,10,7.6
2025-08-26T12:10:52.397489,0,16014,9.0,10,8.8
2025-08-26T12:10:52.897731,0,16014,9.0,10,7.3
2025-08-26T12:10:53.397978,0,16014,9.0,10,7.1
2025-08-26T12:10:53.898223,0,16014,9.0,10,7.5
2025-08-26T12:10:54.398488,0,16014,9.0,10,7.3
2025-08-26T12:10:54.898723,0,16014,9.0,10,8.0
2025-08-26T12:10:55.399005,0,16014,9.0,10,7.3
2025-08-26T12:10:55.899236,0,16014,9.0,10,7.9
2025-08-26T12:10:56.399509,0,16014,9.0,10,7.2
2025-08-26T12:10:56.899754,0,16014,9.0,10,7.5
2025-08-26T12:10:57.400075,0,16014,9.0,10,7.0
2025-08-26T12:10:57.900374,0,16014,9.0,10,7.4
2025-08-26T12:10:58.400631,0,16014,9.0,10,7.9
2025-08-26T12:10:58.900859,0,16014,9.0,10,10.2
2025-08-26T12:10:59.401085,0,16014,9.0,10,7.2
2025-08-26T12:10:59.901330,0,16014,9.0,10,7.3
2025-08-26T12:11:00.401550,0,16014,9.0,10,7.3
2025-08-26T12:11:00.901825,0,16014,9.0,10,7.6
2025-08-26T12:11:01.402062,0,16014,9.0,10,7.2
2025-08-26T12:11:01.902311,0,16014,9.0,10,7.7
2025-08-26T12:11:02.402553,0,16014,9.0,10,7.8
2025-08-26T12:11:02.902780,0,16014,9.0,10,7.3
2025-08-26T12:11:03.402997,0,16014,9.0,10,7.7
2025-08-26T12:11:03.903240,0,16014,9.0,10,8.5
2025-08-26T12:11:04.485526,10,16024,1.0,10,9.7
2025-08-26T12:11:04.985775,0,16024,1.3333333333333333,10,11.6
2025-08-26T12:11:05.486000,0,16024,1.0,10,11.8
2025-08-26T12:11:05.986231,0,16024,1.0,10,9.4
2025-08-26T12:11:06.486444,0,16024,1.0,10,7.6
2025-08-26T12:11:06.986686,0,16024,1.0,10,7.2
2025-08-26T12:11:07.486940,0,16024,1.0,10,7.0
2025-08-26T12:11:07.987219,0,16024,1.0,10,7.3
2025-08-26T12:11:08.487498,0,16024,1.0,10,7.2
2025-08-26T12:11:08.987728,0,16024,1.0,10,7.4
2025-08-26T12:11:09.487951,0,16024,1.0,10,7.7
2025-08-26T12:11:10.000682,10,16034,1.0,10,8.9
2025-08-26T12:11:10.500963,0,16034,1.1111111111111112,10,8.8
2025-08-26T12:11:11.001272,0,16034,1.0,10,10.4
2025-08-26T12:11:11.501514,0,16034,1.0,10,8.6
2025-08-26T12:11:12.001740,0,16034,1.0,10,7.5
2025-08-26T12:11:12.501958,0,16034,1.0,10,10.7
2025-08-26T12:11:13.002182,0,16034,1.0,10,7.3
2025-08-26T12:11:13.502409,0,16034,1.0,10,7.3
2025-08-26T12:11:14.002667,0,16034,1.0,10,7.2
2025-08-26T12:11:14.502882,0,16034,1.0,10,7.1
2025-08-26T12:11:15.003105,0,16034,1.0,10,10.3
2025-08-26T12:11:15.503326,0,16034,1.0,10,8.1
2025-08-26T12:11:16.003540,0,16034,1.0,10,7.7
2025-08-26T12:11:16.503818,0,16034,1.0,10,7.7
2025-08-26T12:11:17.004124,0,16034,1.0,10,10.3
2025-08-26T12:11:17.504421,0,16034,1.0,10,8.0
2025-08-26T12:11:18.004658,0,16034,1.0,10,8.5
2025-08-26T12:11:18.504886,0,16034,1.0,10,8.6
2025-08-26T12:11:19.005142,0,16034,1.0,10,7.3
2025-08-26T12:11:19.505366,0,16034,1.0,10,9.5
2025-08-26T12:11:20.005590,0,16034,1.0,10,8.3
2025-08-26T12:11:20.505813,0,16034,1.0,10,8.2
2025-08-26T12:11:21.006030,0,16034,1.0,10,8.4
2025-08-26T12:11:21.506319,0,16034,1.0,10,8.5
2025-08-26T12:11:22.006582,0,16034,1.0,10,9.8
2025-08-26T12:11:22.506824,0,16034,1.0,10,7.8
2025-08-26T12:11:23.007122,0,16034,1.0,10,8.7
2025-08-26T12:11:23.507340,0,16034,1.0,10,8.0
2025-08-26T12:11:24.007596,0,16034,1.0,10,7.4
2025-08-26T12:11:24.507836,0,16034,1.0,10,7.4
2025-08-26T12:11:25.008118,0,16034,1.0,10,9.9
2025-08-26T12:11:25.508410,0,16034,1.0,10,7.7
2025-08-26T12:11:26.008669,0,16034,1.0,10,8.6
2025-08-26T12:11:26.508969,0,16034,1.0,10,8.5
2025-08-26T12:11:27.009216,0,16034,1.0,10,7.9
2025-08-26T12:11:27.509510,0,16034,1.0,10,7.5
2025-08-26T12:11:28.009805,0,16034,1.0,10,9.5
2025-08-26T12:11:28.510141,0,16034,1.0,10,7.1
2025-08-26T12:11:29.010434,0,16034,1.0,10,7.6
2025-08-26T12:11:29.510718,0,16034,1.0,10,7.5
2025-08-26T12:11:30.010989,0,16034,1.0,10,6.8
2025-08-26T12:11:30.511276,0,16034,1.0,10,7.3
2025-08-26T12:11:31.011515,0,16034,1.0,10,7.3
2025-08-26T12:11:31.511811,0,16034,1.0,10,7.6
2025-08-26T12:11:32.012116,0,16034,1.0,10,7.7
2025-08-26T12:11:32.512365,0,16034,1.0,10,7.5
2025-08-26T12:11:33.012614,0,16034,1.0,10,8.0
2025-08-26T12:11:33.512858,0,16034,1.0,10,7.1
2025-08-26T12:11:34.013109,0,16034,1.0,10,7.8
2025-08-26T12:11:34.513431,0,16034,1.0,10,7.6
2025-08-26T12:11:35.013718,0,16034,1.0,10,7.1
2025-08-26T12:11:35.513950,0,16034,1.0,10,7.3
2025-08-26T12:11:36.014202,0,16034,1.0,10,7.8
2025-08-26T12:11:36.514492,0,16034,1.0,10,7.1
2025-08-26T12:11:37.014741,0,16034,1.0,10,7.5
2025-08-26T12:11:37.515068,0,16034,1.0,10,7.2
2025-08-26T12:11:38.015374,0,16034,1.0,10,7.5
2025-08-26T12:11:38.515607,0,16034,1.0,10,7.2
2025-08-26T12:11:39.015833,0,16034,1.0,10,7.4
2025-08-26T12:11:39.516126,0,16034,1.0,10,8.0
2025-08-26T12:11:40.016377,0,16034,1.0,10,7.3
2025-08-26T12:11:40.516664,0,16034,1.0,10,7.4
2025-08-26T12:11:41.016947,0,16034,1.0,10,7.7
2025-08-26T12:11:41.517245,0,16034,1.0,10,9.1
2025-08-26T12:11:42.017477,0,16034,1.0,10,7.4
2025-08-26T12:11:42.517712,0,16034,1.0,10,7.5
2025-08-26T12:11:43.018019,0,16034,1.0,10,7.4
2025-08-26T12:11:43.518263,0,16034,1.0,10,7.1
2025-08-26T12:11:44.018518,0,16034,1.0,10,7.2
2025-08-26T12:11:44.518837,0,16034,1.0,10,7.3
2025-08-26T12:11:45.019181,0,16034,1.0,10,8.1
2025-08-26T12:11:45.519495,0,16034,1.0,10,7.6
2025-08-26T12:11:46.019780,0,16034,1.0,10,7.9
2025-08-26T12:11:46.520023,0,16034,1.0,10,7.5
2025-08-26T12:11:47.020308,0,16034,1.0,10,7.5
2025-08-26T12:11:47.520535,0,16034,1.0,10,7.7
2025-08-26T12:11:48.020773,0,16034,1.0,10,7.9
2025-08-26T12:11:48.521001,0,16034,1.0,10,8.2
2025-08-26T12:11:49.021316,0,16034,1.0,10,8.4
2025-08-26T12:11:49.521546,0,16034,1.0,10,7.3
2025-08-26T12:11:50.021793,0,16034,1.0,10,8.6
2025-08-26T12:11:50.522041,0,16034,1.0,10,10.2
2025-08-26T12:11:51.022237,0,16034,1.0,10,8.4
2025-08-26T12:11:51.522476,0,16034,1.0,10,8.8
2025-08-26T12:11:52.022721,0,16034,1.0,10,9.2
2025-08-26T12:11:52.522958,0,16034,1.0,10,7.4
2025-08-26T12:11:53.023219,0,16034,1.0,10,7.9
2025-08-26T12:11:53.523480,0,16034,1.0,10,8.3
2025-08-26T12:11:54.023742,0,16034,1.0,10,10.2
2025-08-26T12:11:54.524085,0,16034,1.0,10,7.9
2025-08-26T12:11:55.024336,0,16034,1.0,10,7.9
2025-08-26T12:11:55.524568,0,16034,1.0,10,9.0
2025-08-26T12:11:56.024872,0,16034,1.0,10,10.4
2025-08-26T12:11:56.525129,0,16034,1.0,10,7.3
2025-08-26T12:11:57.025365,0,16034,1.0,10,8.6
2025-08-26T12:11:57.525602,0,16034,1.0,10,10.1
2025-08-26T12:11:58.025891,0,16034,1.0,10,7.4
2025-08-26T12:11:58.526138,0,16034,1.0,10,9.5
2025-08-26T12:11:59.026393,0,16034,1.0,10,8.0
2025-08-26T12:11:59.526628,0,16034,1.0,10,8.0
2025-08-26T12:12:00.026859,0,16034,1.0,10,10.3
2025-08-26T12:12:00.527115,0,16034,1.0,10,8.3
2025-08-26T12:12:01.027410,0,16034,1.0,10,7.9
2025-08-26T12:12:01.527686,0,16034,1.0,10,7.4
2025-08-26T12:12:02.027957,0,16034,1.0,10,8.1
2025-08-26T12:12:02.528276,0,16034,1.0,10,7.9
2025-08-26T12:12:03.028555,0,16034,1.0,10,7.3
2025-08-26T12:12:03.528795,0,16034,1.0,10,7.3
2025-08-26T12:12:04.029049,0,16034,1.0,10,9.0
2025-08-26T12:12:04.529351,0,16034,1.0,10,7.5
2025-08-26T12:12:05.029602,0,16034,1.0,10,8.2
2025-08-26T12:12:05.529882,0,16034,1.0,10,7.1
2025-08-26T12:12:06.030106,0,16034,1.0,10,8.0
2025-08-26T12:12:06.530310,0,16034,1.0,10,7.1
2025-08-26T12:12:07.030600,0,16034,1.0,10,7.8
2025-08-26T12:12:07.530898,0,16034,1.0,10,7.7
2025-08-26T12:12:08.031139,0,16034,1.0,10,7.4
2025-08-26T12:12:08.531397,0,16034,1.0,10,7.7
2025-08-26T12:12:09.031644,0,16034,1.0,10,7.5
2025-08-26T12:12:09.531885,0,16034,1.0,10,7.8
2025-08-26T12:12:10.032184,0,16034,1.0,10,7.8
2025-08-26T12:12:10.532425,0,16034,1.0,10,7.7
2025-08-26T12:12:11.032649,0,16034,1.0,10,7.6
2025-08-26T12:12:11.532916,0,16034,1.0,10,7.8
2025-08-26T12:12:12.033208,0,16034,1.0,10,7.4
2025-08-26T12:12:12.533443,0,16034,1.0,10,7.3
2025-08-26T12:12:13.033658,0,16034,1.0,10,8.0
2025-08-26T12:12:13.533941,0,16034,1.0,10,7.9
2025-08-26T12:12:14.034251,0,16034,1.0,10,7.5
2025-08-26T12:12:14.534502,0,16034,1.0,10,6.8
2025-08-26T12:12:15.034727,0,16034,1.0,10,7.7
2025-08-26T12:12:15.535035,0,16034,1.0,10,7.0
2025-08-26T12:12:16.035249,0,16034,1.0,10,7.8
2025-08-26T12:12:16.535510,0,16034,1.0,10,9.8
2025-08-26T12:12:17.035750,0,16034,1.0,10,7.6
2025-08-26T12:12:17.535987,0,16034,1.0,10,7.6
2025-08-26T12:12:18.036275,0,16034,1.0,10,7.6
2025-08-26T12:12:18.536519,0,16034,1.0,10,8.3
2025-08-26T12:12:19.036746,0,16034,1.0,10,7.8
2025-08-26T12:12:19.537004,0,16034,1.0,10,7.6
2025-08-26T12:12:20.037265,0,16034,1.0,10,7.5
2025-08-26T12:12:20.537565,0,16034,1.0,10,7.4
2025-08-26T12:12:21.037865,0,16034,1.0,10,7.7
2025-08-26T12:12:21.538115,0,16034,1.0,10,7.6
2025-08-26T12:12:22.038293,0,16034,1.0,10,7.8
2025-08-26T12:12:22.538535,0,16034,1.0,10,7.3
2025-08-26T12:12:23.038756,0,16034,1.0,10,7.3
2025-08-26T12:12:23.539043,0,16034,1.0,10,7.2
2025-08-26T12:12:24.039248,0,16034,1.0,10,7.5
2025-08-26T12:12:24.539491,0,16034,1.0,10,8.0
2025-08-26T12:12:25.039777,0,16034,1.0,10,7.8
2025-08-26T12:12:25.540044,0,16034,1.0,10,7.4
2025-08-26T12:12:26.040231,0,16034,1.0,10,7.7
2025-08-26T12:12:26.540465,0,16034,1.0,10,7.8
2025-08-26T12:12:27.040687,0,16034,1.0,10,8.2
2025-08-26T12:12:27.540941,0,16034,1.0,10,7.6
2025-08-26T12:12:28.041191,0,16034,1.0,10,7.9
2025-08-26T12:12:28.541441,0,16034,1.0,10,10.0
2025-08-26T12:12:29.041710,0,16034,1.0,10,7.5
2025-08-26T12:12:29.541952,0,16034,1.0,10,8.2
2025-08-26T12:12:30.042196,0,16034,1.0,10,8.1
2025-08-26T12:12:30.542456,0,16034,1.0,10,7.0
2025-08-26T12:12:31.042682,0,16034,1.0,10,7.5
2025-08-26T12:12:31.542934,0,16034,1.0,10,8.2
2025-08-26T12:12:32.043178,0,16034,1.0,10,10.2
2025-08-26T12:12:32.543415,0,16034,1.0,10,8.2
2025-08-26T12:12:33.043704,0,16034,1.0,10,8.3
2025-08-26T12:12:33.543924,0,16034,1.0,10,7.8
2025-08-26T12:12:34.044156,0,16034,1.0,10,11.5
2025-08-26T12:12:34.544396,0,16034,1.0,10,9.4
2025-08-26T12:12:35.044676,0,16034,1.0,10,8.1
2025-08-26T12:12:35.544963,0,16034,1.0,10,7.7
2025-08-26T12:12:36.045337,0,16034,1.0,10,9.2
2025-08-26T12:12:36.545687,0,16034,1.0,10,9.3
2025-08-26T12:12:37.046031,0,16034,1.0,10,8.0
2025-08-26T12:12:37.546313,0,16034,1.0,10,7.9
2025-08-26T12:12:38.046612,0,16034,1.0,10,9.8
2025-08-26T12:12:38.546934,0,16034,1.0,10,8.3
2025-08-26T12:12:39.047253,0,16034,1.0,10,8.7
2025-08-26T12:12:39.547589,0,16034,1.0,10,10.2
2025-08-26T12:12:40.047924,0,16034,1.0,10,8.3
2025-08-26T12:12:40.548279,0,16034,1.0,10,10.0
2025-08-26T12:12:41.048576,0,16034,1.0,10,8.2
2025-08-26T12:12:41.548884,0,16034,1.0,10,8.0
2025-08-26T12:12:42.049192,0,16034,1.0,10,8.6
2025-08-26T12:12:42.549525,0,16034,1.0,10,9.9
2025-08-26T12:12:43.049865,0,16034,1.0,10,7.7
2025-08-26T12:12:43.550197,0,16034,1.0,10,7.6
2025-08-26T12:12:44.050547,0,16034,1.0,10,7.3
2025-08-26T12:12:44.550855,0,16034,1.0,10,7.6
2025-08-26T12:12:45.051132,0,16034,1.0,10,7.2
2025-08-26T12:12:45.551445,0,16034,1.0,10,8.3
2025-08-26T12:12:46.051751,0,16034,1.0,10,7.5
2025-08-26T12:12:46.552138,0,16034,1.0,10,7.3
2025-08-26T12:12:47.052464,0,16034,1.0,10,9.3
2025-08-26T12:12:47.552774,0,16034,1.0,10,6.9
2025-08-26T12:12:48.053128,0,16034,1.0,10,7.7
2025-08-26T12:12:48.553404,0,16034,1.0,10,7.0
2025-08-26T12:12:49.053679,0,16034,1.0,10,7.8
2025-08-26T12:12:49.554065,0,16034,1.0,10,7.3
2025-08-26T12:12:50.054351,0,16034,1.0,10,7.1
2025-08-26T12:12:50.554641,0,16034,1.0,10,7.0
2025-08-26T12:12:51.054931,0,16034,1.0,10,8.1
2025-08-26T12:12:51.555318,0,16034,1.0,10,7.0
2025-08-26T12:12:52.055622,0,16034,1.0,10,7.3
2025-08-26T12:12:52.555945,0,16034,1.0,10,6.9
2025-08-26T12:12:53.056323,0,16034,1.0,10,7.3
2025-08-26T12:12:53.556635,0,16034,1.0,10,7.3
2025-08-26T12:12:54.056948,0,16034,1.0,10,7.1
2025-08-26T12:12:54.557323,0,16034,1.0,10,7.5
2025-08-26T12:12:55.057605,0,16034,1.0,10,7.6
2025-08-26T12:12:55.557915,0,16034,1.0,10,7.3
2025-08-26T12:12:56.058287,0,16034,1.0,10,7.8
2025-08-26T12:12:56.558603,0,16034,1.0,10,7.1
2025-08-26T12:12:57.058985,0,16034,1.0,10,7.3
2025-08-26T12:12:57.559358,0,16034,1.0,10,6.9
2025-08-26T12:12:58.059722,0,16034,1.0,10,7.2
2025-08-26T12:12:58.560066,0,16034,1.0,10,7.6
2025-08-26T12:12:59.060429,0,16034,1.0,10,7.8
2025-08-26T12:12:59.560743,0,16034,1.0,10,7.7
2025-08-26T12:13:00.061128,0,16034,1.0,10,10.1
2025-08-26T12:13:00.561454,0,16034,1.0,10,8.2
2025-08-26T12:13:01.061770,0,16034,1.0,10,8.1
2025-08-26T12:13:01.562142,0,16034,1.0,10,7.1
2025-08-26T12:13:02.062471,0,16034,1.0,10,10.2
2025-08-26T12:13:02.562797,0,16034,1.0,10,7.9
2025-08-26T12:13:03.063128,0,16034,1.0,10,7.9
2025-08-26T12:13:03.563364,0,16034,1.0,10,7.7
2025-08-26T12:13:04.063600,0,16034,1.0,10,7.3
2025-08-26T12:13:04.563837,0,16034,1.0,10,7.4
2025-08-26T12:13:05.064115,0,16034,1.0,10,7.9
2025-08-26T12:13:05.564411,0,16034,1.0,10,7.9
2025-08-26T12:13:06.064696,0,16034,1.0,10,7.9
2025-08-26T12:13:06.564942,0,16034,1.0,10,8.3
2025-08-26T12:13:07.065251,0,16034,1.0,10,10.4
2025-08-26T12:13:07.565579,0,16034,1.0,10,8.8
2025-08-26T12:13:08.065933,0,16034,1.0,10,8.9
2025-08-26T12:13:08.566255,0,16034,1.0,10,8.3
2025-08-26T12:13:09.066488,0,16034,1.0,10,7.5
2025-08-26T12:13:09.566733,0,16034,1.0,10,7.3
2025-08-26T12:13:10.067007,0,16034,1.0,10,7.8
2025-08-26T12:13:10.567312,0,16034,1.0,10,8.2
2025-08-26T12:13:11.067551,0,16034,1.0,10,7.7
2025-08-26T12:13:11.567899,0,16034,1.0,10,8.1
2025-08-26T12:13:12.068204,0,16034,1.0,10,7.7
2025-08-26T12:13:12.568503,0,16034,1.0,10,8.4
2025-08-26T12:13:13.068724,0,16034,1.0,10,7.7
2025-08-26T12:13:13.569026,0,16034,1.0,10,8.0
2025-08-26T12:13:14.069275,0,16034,1.0,10,7.8
2025-08-26T12:13:14.569564,0,16034,1.0,10,8.2
2025-08-26T12:13:15.069794,0,16034,1.0,10,7.8
2025-08-26T12:13:15.570027,0,16034,1.0,10,7.0
2025-08-26T12:13:16.070223,0,16034,1.0,10,8.1
2025-08-26T12:13:16.570461,0,16034,1.0,10,7.8
2025-08-26T12:13:17.070691,0,16034,1.0,10,7.8
2025-08-26T12:13:17.570989,0,16034,1.0,10,7.7
2025-08-26T12:13:18.071229,0,16034,1.0,10,7.6
2025-08-26T12:13:18.571535,0,16034,1.0,10,8.8
2025-08-26T12:13:19.071812,0,16034,1.0,10,7.2
2025-08-26T12:13:19.572105,0,16034,1.0,10,6.8
2025-08-26T12:13:20.072328,0,16034,1.0,10,7.1
2025-08-26T12:13:20.572618,0,16034,1.0,10,10.0
2025-08-26T12:13:21.072858,0,16034,1.0,10,7.9
2025-08-26T12:13:21.573168,0,16034,1.0,10,7.2
2025-08-26T12:13:22.073383,0,16034,1.0,10,7.4
2025-08-26T12:13:22.573670,0,16034,1.0,10,7.6
2025-08-26T12:13:23.073997,0,16034,1.0,10,7.6
2025-08-26T12:13:23.574296,0,16034,1.0,10,8.8
2025-08-26T12:13:24.074577,0,16034,1.0,10,7.7
2025-08-26T12:13:24.574817,0,16034,1.0,10,8.4
2025-08-26T12:13:25.075044,0,16034,1.0,10,7.1
2025-08-26T12:13:25.575298,0,16034,1.0,10,7.8
2025-08-26T12:13:26.075540,0,16034,1.0,10,7.6
2025-08-26T12:13:26.575777,0,16034,1.0,10,8.1
2025-08-26T12:13:27.075997,0,16034,1.0,10,7.8
2025-08-26T12:13:27.576227,0,16034,1.0,10,8.2
2025-08-26T12:13:28.076469,0,16034,1.0,10,7.6
2025-08-26T12:13:28.576705,0,16034,1.0,10,7.9
2025-08-26T12:13:29.076910,0,16034,1.0,10,10.2
2025-08-26T12:13:29.577164,0,16034,1.0,10,8.0
2025-08-26T12:13:30.077384,0,16034,1.0,10,8.7
2025-08-26T12:13:30.577622,0,16034,1.0,10,10.6
2025-08-26T12:13:31.077845,0,16034,1.0,10,8.6
2025-08-26T12:13:31.578084,0,16034,1.0,10,7.9
2025-08-26T12:13:32.078295,0,16034,1.0,10,7.4
2025-08-26T12:13:32.578511,0,16034,1.0,10,9.6
2025-08-26T12:13:33.078763,0,16034,1.0,10,7.8
2025-08-26T12:13:33.579050,0,16034,1.0,10,8.2
2025-08-26T12:13:34.079292,0,16034,1.0,10,7.4
2025-08-26T12:13:34.579515,0,16034,1.0,10,7.5
2025-08-26T12:13:35.079728,0,16034,1.0,10,7.4
2025-08-26T12:13:35.580017,0,16034,1.0,10,8.5
2025-08-26T12:13:36.080281,0,16034,1.0,10,8.3
2025-08-26T12:13:36.580589,0,16034,1.0,10,9.9
2025-08-26T12:13:37.080889,0,16034,1.0,10,8.4
2025-08-26T12:13:37.581129,0,16034,1.0,10,7.5
2025-08-26T12:13:38.081344,0,16034,1.0,10,7.8
2025-08-26T12:13:38.581637,0,16034,1.0,10,8.1
2025-08-26T12:13:39.081913,0,16034,1.0,10,10.2
2025-08-26T12:13:39.582211,0,16034,1.0,10,7.7
2025-08-26T12:13:40.082433,0,16034,1.0,10,7.5
2025-08-26T12:13:40.582712,0,16034,1.0,10,7.6
2025-08-26T12:13:41.082938,0,16034,1.0,10,7.6
2025-08-26T12:13:41.583216,0,16034,1.0,10,7.5
2025-08-26T12:13:42.083500,0,16034,1.0,10,8.1
2025-08-26T12:13:42.583801,0,16034,1.0,10,7.6
2025-08-26T12:13:43.084105,0,16034,1.0,10,7.4
2025-08-26T12:13:43.584341,0,16034,1.0,10,7.3
2025-08-26T12:13:44.084575,0,16034,1.0,10,7.4
2025-08-26T12:13:44.584828,0,16034,1.0,10,7.2
2025-08-26T12:13:45.085062,0,16034,1.0,10,7.9
2025-08-26T12:13:45.585295,0,16034,1.0,10,10.3
2025-08-26T12:13:46.085510,0,16034,1.0,10,8.7
2025-08-26T12:13:46.585746,0,16034,1.0,10,8.7
2025-08-26T12:13:47.086031,0,16034,1.0,10,7.9
2025-08-26T12:13:47.586333,0,16034,1.0,10,7.6
2025-08-26T12:13:48.086606,0,16034,1.0,10,9.4
2025-08-26T12:13:48.586845,0,16034,1.0,10,7.1
2025-08-26T12:13:49.087124,0,16034,1.0,10,8.4
2025-08-26T12:13:49.587428,0,16034,1.0,10,9.2
2025-08-26T12:13:50.087665,0,16034,1.0,10,7.5
2025-08-26T12:13:50.587898,0,16034,1.0,10,8.0
2025-08-26T12:13:51.088164,0,16034,1.0,10,8.1
2025-08-26T12:13:51.588446,0,16034,1.0,10,7.5
2025-08-26T12:13:52.088719,0,16034,1.0,10,7.3
2025-08-26T12:13:52.588999,0,16034,1.0,10,7.7
2025-08-26T12:13:53.089214,0,16034,1.0,10,7.0
2025-08-26T12:13:53.589449,0,16034,1.0,10,7.1
2025-08-26T12:13:54.089739,0,16034,1.0,10,10.1
2025-08-26T12:13:54.590044,0,16034,1.0,10,7.8
2025-08-26T12:13:55.090304,0,16034,1.0,10,8.6
2025-08-26T12:13:55.590719,3,16037,1.0,10,12.6
2025-08-26T12:13:56.090986,0,16037,1.0,10,11.8
2025-08-26T12:13:56.591232,0,16037,1.0,10,8.3
2025-08-26T12:13:57.091453,0,16037,1.0,10,7.6
2025-08-26T12:13:57.591697,0,16037,1.0,10,8.5
2025-08-26T12:13:58.091927,0,16037,1.0,10,7.5
2025-08-26T12:13:58.592168,0,16037,1.0,10,6.9
2025-08-26T12:13:59.092371,0,16037,1.0,10,7.5
2025-08-26T12:13:59.592604,0,16037,1.0,10,10.7
2025-08-26T12:14:00.092847,0,16037,1.0,10,7.9
2025-08-26T12:14:00.593077,0,16037,1.0,10,7.7
2025-08-26T12:14:01.093464,0,16037,1.0,10,7.7
2025-08-26T12:14:01.593723,0,16037,1.0,10,7.2
2025-08-26T12:14:02.093946,0,16037,1.0,10,8.0
2025-08-26T12:14:02.594181,0,16037,1.0,10,10.1
2025-08-26T12:14:03.094454,0,16037,1.0,10,8.0
2025-08-26T12:14:03.594735,0,16037,1.0,10,7.5
2025-08-26T12:14:04.094946,0,16037,1.0,10,7.1
2025-08-26T12:14:04.595179,0,16037,1.0,10,7.5
2025-08-26T12:14:05.095435,0,16037,1.0,10,8.1
2025-08-26T12:14:05.595724,0,16037,1.0,10,7.4
2025-08-26T12:14:06.095927,0,16037,1.0,10,7.8
2025-08-26T12:14:06.596154,0,16037,1.0,10,9.8
2025-08-26T12:14:07.096404,0,16037,1.0,10,8.7
2025-08-26T12:14:07.596701,10,16047,1.1,10,9.8
2025-08-26T12:14:08.096909,0,16047,1.0,10,7.7
2025-08-26T12:14:08.597152,0,16047,1.0,10,7.3
2025-08-26T12:14:09.097348,0,16047,1.0,10,7.3
2025-08-26T12:14:09.597626,0,16047,1.0,10,7.3
2025-08-26T12:14:10.097874,0,16047,1.0,10,7.4
2025-08-26T12:14:10.598181,0,16047,1.0,10,7.1
2025-08-26T12:14:11.098392,0,16047,1.0,10,7.5
2025-08-26T12:14:11.598629,0,16047,1.0,10,7.2
2025-08-26T12:14:12.098890,0,16047,1.0,10,7.6
2025-08-26T12:14:12.599198,0,16047,1.0,10,7.2
2025-08-26T12:14:13.099432,0,16047,1.0,10,7.1
2025-08-26T12:14:13.599668,0,16047,1.0,10,7.1
2025-08-26T12:14:14.099881,0,16047,1.0,10,7.4
2025-08-26T12:14:14.600133,0,16047,1.0,10,7.0
2025-08-26T12:14:15.100427,0,16047,1.0,10,7.2
2025-08-26T12:14:15.600657,0,16047,1.0,10,7.7
2025-08-26T12:14:16.100870,0,16047,1.0,10,7.8
2025-08-26T12:14:16.601110,0,16047,1.0,10,7.5
2025-08-26T12:14:17.101369,0,16047,1.0,10,7.5
2025-08-26T12:14:17.601620,0,16047,1.0,10,10.0
2025-08-26T12:14:18.101942,0,16047,1.0,10,8.3
2025-08-26T12:14:18.602261,0,16047,1.0,10,7.9
2025-08-26T12:14:19.102476,0,16047,1.0,10,8.1
2025-08-26T12:14:19.602714,0,16047,1.0,10,7.2
2025-08-26T12:14:20.102948,0,16047,1.0,10,7.3
2025-08-26T12:14:20.603186,0,16047,1.0,10,7.3
2025-08-26T12:14:21.103401,0,16047,1.0,10,7.5
2025-08-26T12:14:21.603649,0,16047,1.0,10,7.4
2025-08-26T12:14:22.103862,0,16047,1.0,10,7.6
2025-08-26T12:14:22.604162,0,16047,1.0,10,7.3
2025-08-26T12:14:23.104369,0,16047,1.0,10,7.2
2025-08-26T12:14:23.604647,0,16047,1.0,10,7.2
2025-08-26T12:14:24.104863,0,16047,1.0,10,10.4
2025-08-26T12:14:24.605094,0,16047,1.0,10,9.1
2025-08-26T12:14:25.105331,0,16047,1.0,10,8.0
2025-08-26T12:14:25.605578,0,16047,1.0,10,7.6
2025-08-26T12:14:26.105874,0,16047,1.0,10,8.9
2025-08-26T12:14:26.606223,0,16047,1.0,10,9.6
2025-08-26T12:14:27.106446,0,16047,1.0,10,8.9
2025-08-26T12:14:27.606746,0,16047,1.0,10,7.9
2025-08-26T12:14:28.107054,0,16047,1.0,10,8.5
2025-08-26T12:14:28.607306,0,16047,1.0,10,15.7
2025-08-26T12:14:29.107535,0,16047,1.0,10,16.1
2025-08-26T12:14:29.607769,0,16047,1.0,10,10.9
2025-08-26T12:14:30.108204,0,16047,1.0,10,8.8
2025-08-26T12:14:30.608508,0,16047,1.0,10,7.7
2025-08-26T12:14:31.108785,0,16047,1.0,10,7.7
2025-08-26T12:14:31.609070,0,16047,1.0,10,7.4
2025-08-26T12:14:32.109354,0,16047,1.0,10,7.8
2025-08-26T12:14:32.609583,0,16047,1.0,10,7.5
2025-08-26T12:14:33.109868,0,16047,1.0,10,7.5
2025-08-26T12:14:33.610122,0,16047,1.0,10,7.7
2025-08-26T12:14:34.110334,0,16047,1.0,10,7.3
2025-08-26T12:14:34.610552,0,16047,1.0,10,7.3
2025-08-26T12:14:35.110755,0,16047,1.0,10,8.0
2025-08-26T12:14:35.610993,0,16047,1.0,10,8.0
2025-08-26T12:14:36.111272,0,16047,1.0,10,7.2
2025-08-26T12:14:36.611525,0,16047,1.0,10,9.2
2025-08-26T12:14:37.111733,0,16047,1.0,10,8.9
2025-08-26T12:14:37.612033,0,16047,1.0,10,9.3
2025-08-26T12:14:38.112265,0,16047,1.0,10,7.0
2025-08-26T12:14:38.612495,0,16047,1.0,10,8.2
2025-08-26T12:14:39.112724,0,16047,1.0,10,7.5
2025-08-26T12:14:39.612955,0,16047,1.0,10,7.9
2025-08-26T12:14:40.113183,0,16047,1.0,10,9.2
2025-08-26T12:14:40.613424,0,16047,1.0,10,7.6
2025-08-26T12:14:41.113652,0,16047,1.0,10,7.6
2025-08-26T12:14:41.613985,0,16047,1.0,10,8.0
2025-08-26T12:14:42.114219,0,16047,1.0,10,8.5
2025-08-26T12:14:42.614461,0,16047,1.0,10,9.1
2025-08-26T12:14:43.114690,0,16047,1.0,10,8.0
2025-08-26T12:14:43.614928,0,16047,1.0,10,7.3
2025-08-26T12:14:44.115225,0,16047,1.0,10,7.3
2025-08-26T12:14:44.615494,0,16047,1.0,10,7.2
2025-08-26T12:14:45.115737,0,16047,1.0,10,7.7
2025-08-26T12:14:45.616045,0,16047,1.0,10,7.7
2025-08-26T12:14:46.116242,0,16047,1.0,10,8.1
2025-08-26T12:14:46.616481,0,16047,1.0,10,7.3
2025-08-26T12:14:47.116743,0,16047,1.0,10,7.1
2025-08-26T12:14:47.617024,0,16047,1.0,10,7.3
2025-08-26T12:14:48.117351,0,16047,1.0,10,7.1
2025-08-26T12:14:48.617654,0,16047,1.0,10,7.0
2025-08-26T12:14:49.117953,0,16047,1.0,10,8.1
2025-08-26T12:14:49.618249,0,16047,1.0,10,7.2
2025-08-26T12:14:50.118484,0,16047,1.0,10,7.6
2025-08-26T12:14:50.618726,0,16047,1.0,10,7.5
2025-08-26T12:14:51.118949,0,16047,1.0,10,8.5
2025-08-26T12:14:51.619177,0,16047,1.0,10,9.5
2025-08-26T12:14:52.119414,0,16047,1.0,10,7.5
2025-08-26T12:14:52.619651,0,16047,1.0,10,9.2
2025-08-26T12:14:53.119889,0,16047,1.0,10,10.3
2025-08-26T12:14:53.620113,0,16047,1.0,10,8.1
2025-08-26T12:14:54.120409,0,16047,1.0,10,7.2
2025-08-26T12:14:54.620695,0,16047,1.0,10,7.3
2025-08-26T12:14:55.120901,0,16047,1.0,10,7.1
2025-08-26T12:14:55.621122,0,16047,1.0,10,9.2
2025-08-26T12:14:56.121418,0,16047,1.0,10,7.3
2025-08-26T12:14:56.621694,0,16047,1.0,10,7.8
2025-08-26T12:14:57.121977,0,16047,1.0,10,7.4
2025-08-26T12:14:57.622255,0,16047,1.0,10,7.1
2025-08-26T12:14:58.122552,0,16047,1.0,10,7.6
2025-08-26T12:14:58.622862,0,16047,1.0,10,7.7
2025-08-26T12:14:59.123073,0,16047,1.0,10,7.9
2025-08-26T12:14:59.623301,0,16047,1.0,10,7.4
2025-08-26T12:15:00.123608,0,16047,1.0,10,7.6
2025-08-26T12:15:00.623837,0,16047,1.0,10,7.3
2025-08-26T12:15:01.124139,0,16047,1.0,10,7.3
2025-08-26T12:15:01.624414,0,16047,1.0,10,7.3
2025-08-26T12:15:02.124715,0,16047,1.0,10,8.0
2025-08-26T12:15:02.625034,0,16047,1.0,10,7.3
2025-08-26T12:15:03.125322,0,16047,1.0,10,7.6
2025-08-26T12:15:03.625538,0,16047,1.0,10,7.8
2025-08-26T12:15:04.125758,0,16047,1.0,10,7.1
2025-08-26T12:15:04.626026,0,16047,1.0,10,7.1
2025-08-26T12:15:05.126322,0,16047,1.0,10,10.0
2025-08-26T12:15:05.626551,0,16047,1.0,10,8.9
2025-08-26T12:15:06.126817,0,16047,1.0,10,7.8
2025-08-26T12:15:06.627052,0,16047,1.0,10,7.5
2025-08-26T12:15:07.127234,0,16047,1.0,10,8.4
2025-08-26T12:15:07.627487,0,16047,1.0,10,10.7
2025-08-26T12:15:08.127742,0,16047,1.0,10,8.7
2025-08-26T12:15:08.627978,0,16047,1.0,10,8.3
2025-08-26T12:15:09.128259,0,16047,1.0,10,6.5
2025-08-26T12:15:09.628538,0,16047,1.0,10,7.1
2025-08-26T12:15:10.128784,0,16047,1.0,10,7.3
2025-08-26T12:15:10.629000,0,16047,1.0,10,7.6
2025-08-26T12:15:11.129272,0,16047,1.0,10,7.9
2025-08-26T12:15:11.629498,0,16047,1.0,10,7.3
2025-08-26T12:15:12.129737,0,16047,1.0,10,10.8
2025-08-26T12:15:12.629986,0,16047,1.0,10,8.7
2025-08-26T12:15:13.130236,0,16047,1.0,10,11.1
2025-08-26T12:15:13.630478,0,16047,1.0,10,9.3
2025-08-26T12:15:14.130714,0,16047,1.0,10,8.0
2025-08-26T12:15:14.630993,0,16047,1.0,10,9.8
2025-08-26T12:15:15.131539,0,16047,1.0,10,8.4
2025-08-26T12:15:15.631881,0,16047,1.0,10,7.5
2025-08-26T12:15:16.132116,0,16047,1.0,10,7.5
2025-08-26T12:15:16.632353,0,16047,1.0,10,8.9
2025-08-26T12:15:17.132598,0,16047,1.0,10,9.3
2025-08-26T12:15:17.632936,0,16047,1.0,10,9.3
2025-08-26T12:15:18.133185,0,16047,1.0,10,8.3
2025-08-26T12:15:18.633430,0,16047,1.0,10,7.7
2025-08-26T12:15:19.133659,0,16047,1.0,10,7.6
2025-08-26T12:15:19.633899,0,16047,1.0,10,8.8
2025-08-26T12:15:20.134135,0,16047,1.0,10,8.4
2025-08-26T12:15:20.634391,0,16047,1.0,10,7.1
2025-08-26T12:15:21.134624,0,16047,1.0,10,7.4
2025-08-26T12:15:21.634909,0,16047,1.0,10,7.5
2025-08-26T12:15:22.135144,0,16047,1.0,10,7.6
2025-08-26T12:15:22.635381,0,16047,1.0,10,8.6
2025-08-26T12:15:23.135641,0,16047,1.0,10,8.4
2025-08-26T12:15:23.635894,0,16047,1.0,10,7.3
2025-08-26T12:15:24.136126,0,16047,1.0,10,7.3
2025-08-26T12:15:24.636362,0,16047,1.0,10,7.6
2025-08-26T12:15:25.136655,0,16047,1.0,10,8.3
2025-08-26T12:15:25.636896,0,16047,1.0,10,7.4
2025-08-26T12:15:26.137128,0,16047,1.0,10,7.6
2025-08-26T12:15:26.637376,0,16047,1.0,10,7.7
2025-08-26T12:15:27.137616,0,16047,1.0,10,7.4
2025-08-26T12:15:27.637904,0,16047,1.0,10,8.0
2025-08-26T12:15:28.138194,0,16047,1.0,10,7.3
2025-08-26T12:15:28.638429,0,16047,1.0,10,7.3
2025-08-26T12:15:29.138661,0,16047,1.0,10,8.9
2025-08-26T12:15:29.638952,0,16047,1.0,10,8.9
2025-08-26T12:15:30.139219,0,16047,1.0,10,8.1
2025-08-26T12:15:30.639467,0,16047,1.0,10,9.9
2025-08-26T12:15:31.139754,0,16047,1.0,10,8.5
2025-08-26T12:15:31.640042,0,16047,1.0,10,11.2
2025-08-26T12:15:32.140374,0,16047,1.0,10,9.0
2025-08-26T12:15:32.640739,0,16047,1.0,10,9.3
2025-08-26T12:15:33.141016,0,16047,1.0,10,7.3
2025-08-26T12:15:33.641280,0,16047,1.0,10,7.6
2025-08-26T12:15:34.141639,0,16047,1.0,10,8.0
2025-08-26T12:15:34.641989,0,16047,1.0,10,7.7
2025-08-26T12:15:35.142316,0,16047,1.0,10,8.6
2025-08-26T12:15:35.642674,0,16047,1.0,10,7.5
2025-08-26T12:15:36.143022,0,16047,1.0,10,7.7
2025-08-26T12:15:36.643394,0,16047,1.0,10,7.7
2025-08-26T12:15:37.143755,0,16047,1.0,10,7.7
2025-08-26T12:15:37.644084,0,16047,1.0,10,7.5
2025-08-26T12:15:38.144301,0,16047,1.0,10,7.5
2025-08-26T12:15:38.644653,0,16047,1.0,10,7.5
2025-08-26T12:15:39.144990,0,16047,1.0,10,7.3
2025-08-26T12:15:39.645328,0,16047,1.0,10,7.7
2025-08-26T12:15:40.145706,0,16047,1.0,10,8.1
2025-08-26T12:15:40.646091,0,16047,1.0,10,8.3
2025-08-26T12:15:41.146392,0,16047,1.0,10,8.4
2025-08-26T12:15:41.646622,0,16047,1.0,10,7.2
2025-08-26T12:15:42.146860,0,16047,1.0,10,7.2
2025-08-26T12:15:42.647091,0,16047,1.0,10,11.8
2025-08-26T12:15:43.147329,0,16047,1.0,10,7.9
2025-08-26T12:15:43.647580,0,16047,1.0,10,8.4
2025-08-26T12:15:44.147829,0,16047,1.0,10,7.4
2025-08-26T12:15:44.648140,0,16047,1.0,10,7.9
2025-08-26T12:15:45.148395,0,16047,1.0,10,7.1
2025-08-26T12:15:45.648634,0,16047,1.0,10,7.5
2025-08-26T12:15:46.148865,0,16047,1.0,10,7.8
2025-08-26T12:15:46.649153,0,16047,1.0,10,7.9
2025-08-26T12:15:47.149421,0,16047,1.0,10,7.8
2025-08-26T12:15:47.649662,0,16047,1.0,10,7.7
2025-08-26T12:15:48.149884,0,16047,1.0,10,7.3
2025-08-26T12:15:48.650126,0,16047,1.0,10,7.1
2025-08-26T12:15:49.150373,0,16047,1.0,10,8.3
2025-08-26T12:15:49.650635,0,16047,1.0,10,7.0
2025-08-26T12:15:50.150878,0,16047,1.0,10,7.4
2025-08-26T12:15:50.651107,0,16047,1.0,10,7.9
2025-08-26T12:15:51.151351,0,16047,1.0,10,8.1
2025-08-26T12:15:51.651598,0,16047,1.0,10,8.2
2025-08-26T12:15:52.151841,0,16047,1.0,10,9.1
2025-08-26T12:15:52.652082,0,16047,1.0,10,8.2
2025-08-26T12:15:53.152320,0,16047,1.0,10,7.3
2025-08-26T12:15:53.652575,0,16047,1.0,10,11.6
2025-08-26T12:15:54.152865,0,16047,1.0,10,13.2
2025-08-26T12:15:54.653122,0,16047,1.0,10,8.5
2025-08-26T12:15:55.153397,0,16047,1.0,10,8.7
2025-08-26T12:15:55.653634,0,16047,1.0,10,8.0
2025-08-26T12:15:56.153928,0,16047,1.0,10,7.5
2025-08-26T12:15:56.654200,0,16047,1.0,10,7.3
2025-08-26T12:15:57.154438,0,16047,1.0,10,7.5
2025-08-26T12:15:57.654672,0,16047,1.0,10,8.2
2025-08-26T12:15:58.154881,0,16047,1.0,10,7.3
2025-08-26T12:15:58.655148,0,16047,1.0,10,7.3
2025-08-26T12:15:59.155388,0,16047,1.0,10,8.5
2025-08-26T12:15:59.655679,0,16047,1.0,10,7.2
2025-08-26T12:16:00.155926,0,16047,1.0,10,8.7
2025-08-26T12:16:00.656164,0,16047,1.0,10,8.1
2025-08-26T12:16:01.156490,0,16047,1.0,10,9.1
2025-08-26T12:16:01.656804,0,16047,1.0,10,7.9
2025-08-26T12:16:02.157133,0,16047,1.0,10,8.0
2025-08-26T12:16:02.657445,0,16047,1.0,10,8.1
2025-08-26T12:16:03.157736,0,16047,1.0,10,7.6
2025-08-26T12:16:03.658052,0,16047,1.0,10,7.3
2025-08-26T12:16:04.158340,0,16047,1.0,10,7.2
2025-08-26T12:16:04.658645,0,16047,1.0,10,8.3
2025-08-26T12:16:05.158963,0,16047,1.0,10,7.8
2025-08-26T12:16:05.659320,0,16047,1.0,10,8.7
2025-08-26T12:16:06.159640,0,16047,1.0,10,8.3
2025-08-26T12:16:06.660022,0,16047,1.0,10,7.0
2025-08-26T12:16:07.160362,0,16047,1.0,10,7.4
2025-08-26T12:16:07.660753,0,16047,1.0,10,7.0
2025-08-26T12:16:08.161139,0,16047,1.0,10,6.9
2025-08-26T12:16:08.661504,0,16047,1.0,10,7.0
2025-08-26T12:16:09.161855,0,16047,1.0,10,7.3
2025-08-26T12:16:09.662184,0,16047,1.0,10,7.8
2025-08-26T12:16:10.162547,0,16047,1.0,10,7.5
2025-08-26T12:16:10.662906,0,16047,1.0,10,7.5
2025-08-26T12:16:11.163221,0,16047,1.0,10,7.5
2025-08-26T12:16:11.663525,0,16047,1.0,10,7.5
2025-08-26T12:16:12.163832,0,16047,1.0,10,7.0
2025-08-26T12:16:12.664204,0,16047,1.0,10,7.4
2025-08-26T12:16:13.164468,0,16047,1.0,10,7.2
2025-08-26T12:16:13.664767,0,16047,1.0,10,7.6
2025-08-26T12:16:14.165090,0,16047,1.0,10,7.7
2025-08-26T12:16:14.665425,0,16047,1.0,10,7.5
2025-08-26T12:16:15.165695,0,16047,1.0,10,8.7
2025-08-26T12:16:15.665998,0,16047,1.0,10,8.1
2025-08-26T12:16:16.166237,0,16047,1.0,10,8.1
2025-08-26T12:16:16.666458,0,16047,1.0,10,8.7
2025-08-26T12:16:17.166679,0,16047,1.0,10,7.8
2025-08-26T12:16:17.666906,0,16047,1.0,10,7.1
2025-08-26T12:16:18.167118,0,16047,1.0,10,7.0
2025-08-26T12:16:18.667338,0,16047,1.0,10,6.8
2025-08-26T12:16:19.167563,0,16047,1.0,10,7.2
2025-08-26T12:16:19.667850,0,16047,1.0,10,7.1
2025-08-26T12:16:20.168073,0,16047,1.0,10,7.0
2025-08-26T12:16:20.668386,0,16047,1.0,10,7.7
2025-08-26T12:16:21.168625,0,16047,1.0,10,7.1
2025-08-26T12:16:21.668857,0,16047,1.0,10,7.0
2025-08-26T12:16:22.169139,0,16047,1.0,10,7.3
2025-08-26T12:16:22.669386,0,16047,1.0,10,7.8
2025-08-26T12:16:23.169615,0,16047,1.0,10,7.7
2025-08-26T12:16:23.669911,0,16047,1.0,10,7.8
2025-08-26T12:16:24.170130,0,16047,1.0,10,6.3
2025-08-26T12:16:24.670344,0,16047,1.0,10,4.4
2025-08-26T12:16:25.170563,0,16047,1.0,10,4.1
2025-08-26T12:16:25.670840,0,16047,1.0,10,3.8
2025-08-26T12:16:26.171142,0,16047,1.0,10,4.1
2025-08-26T12:16:26.671384,0,16047,1.0,10,4.4
2025-08-26T12:16:27.171598,0,16047,1.0,10,3.9
2025-08-26T12:16:27.671896,0,16047,1.0,10,4.3
2025-08-26T12:16:28.172108,0,16047,1.0,10,4.5
2025-08-26T12:16:28.672320,0,16047,1.0,10,4.7
2025-08-26T12:16:29.172533,0,16047,1.0,10,4.1
2025-08-26T12:16:29.672807,0,16047,1.0,10,4.0
2025-08-26T12:16:30.173077,0,16047,1.0,10,4.4
2025-08-26T12:16:30.673291,0,16047,1.0,10,5.7
2025-08-26T12:16:31.173555,0,16047,1.0,10,4.5
2025-08-26T12:16:31.673778,0,16047,1.0,10,4.3
2025-08-26T12:16:32.174007,0,16047,1.0,10,4.4
2025-08-26T12:16:32.674288,0,16047,1.0,10,3.7
2025-08-26T12:16:33.174565,0,16047,1.0,10,4.0
2025-08-26T12:16:33.674788,0,16047,1.0,10,4.1
2025-08-26T12:16:34.175008,0,16047,1.0,10,4.1
2025-08-26T12:16:34.675282,0,16047,1.0,10,4.2
2025-08-26T12:16:35.175484,0,16047,1.0,10,4.7
2025-08-26T12:16:35.675689,0,16047,1.0,10,4.2
2025-08-26T12:16:36.175891,0,16047,1.0,10,4.1
2025-08-26T12:16:36.676118,0,16047,1.0,10,4.1
2025-08-26T12:16:37.176341,0,16047,1.0,10,4.9
2025-08-26T12:16:37.676541,0,16047,1.0,10,3.9
2025-08-26T12:16:38.176771,0,16047,1.0,10,3.6
2025-08-26T12:16:38.676984,0,16047,1.0,10,4.1
2025-08-26T12:16:39.177270,0,16047,1.0,10,3.8
2025-08-26T12:16:39.677476,0,16047,1.0,10,4.1
2025-08-26T12:16:40.177703,0,16047,1.0,10,4.4
2025-08-26T12:16:40.677944,0,16047,1.0,10,4.3
2025-08-26T12:16:41.178223,0,16047,1.0,10,4.3
2025-08-26T12:16:41.678497,0,16047,1.0,10,4.4
2025-08-26T12:16:42.178712,0,16047,1.0,10,3.9
2025-08-26T12:16:42.678910,0,16047,1.0,10,4.5
2025-08-26T12:16:43.179106,0,16047,1.0,10,3.8
2025-08-26T12:16:43.679320,0,16047,1.0,10,4.0
2025-08-26T12:16:44.179544,0,16047,1.0,10,4.2
2025-08-26T12:16:44.679799,0,16047,1.0,10,3.7
2025-08-26T12:16:45.180022,0,16047,1.0,10,4.1
2025-08-26T12:16:45.680226,0,16047,1.0,10,4.6
2025-08-26T12:16:46.180453,0,16047,1.0,10,6.3
2025-08-26T12:16:46.680664,0,16047,1.0,10,4.3
2025-08-26T12:16:47.180897,0,16047,1.0,10,4.2
2025-08-26T12:16:47.681105,0,16047,1.0,10,3.7
2025-08-26T12:16:48.181321,0,16047,1.0,10,4.3
2025-08-26T12:16:48.681570,0,16047,1.0,10,4.5
2025-08-26T12:16:49.181787,0,16047,1.0,10,4.9
2025-08-26T12:16:49.682005,0,16047,1.0,10,4.1
2025-08-26T12:16:50.182233,0,16047,1.0,10,4.4
2025-08-26T12:16:50.682437,0,16047,1.0,10,3.9
2025-08-26T12:16:51.182656,0,16047,1.0,10,4.3
2025-08-26T12:16:51.682874,0,16047,1.0,10,3.9
2025-08-26T12:16:52.183102,0,16047,1.0,10,4.0
2025-08-26T12:16:52.683299,0,16047,1.0,10,3.9
2025-08-26T12:16:53.183510,0,16047,1.0,10,4.2
2025-08-26T12:16:53.683725,0,16047,1.0,10,3.9
2025-08-26T12:16:54.183937,0,16047,1.0,10,4.1
2025-08-26T12:16:54.684212,0,16047,1.0,10,4.3
2025-08-26T12:16:55.184499,0,16047,1.0,10,3.9
2025-08-26T12:16:55.684705,0,16047,1.0,10,3.9
2025-08-26T12:16:56.184921,0,16047,1.0,10,5.2
2025-08-26T12:16:56.685151,0,16047,1.0,10,4.3
2025-08-26T12:16:57.185368,0,16047,1.0,10,4.4
2025-08-26T12:16:57.685583,0,16047,1.0,10,4.0
2025-08-26T12:16:58.185820,0,16047,1.0,10,4.1
2025-08-26T12:16:58.686045,0,16047,1.0,10,4.3
2025-08-26T12:16:59.186222,0,16047,1.0,10,4.6
2025-08-26T12:16:59.686434,0,16047,1.0,10,4.1
2025-08-26T12:17:00.186649,0,16047,1.0,10,4.0
2025-08-26T12:17:00.686872,0,16047,1.0,10,3.9
2025-08-26T12:17:01.187114,0,16047,1.0,10,4.2
2025-08-26T12:17:01.687354,0,16047,1.0,10,3.9
2025-08-26T12:17:02.187590,0,16047,1.0,10,4.1
2025-08-26T12:17:02.687831,0,16047,1.0,10,4.4
2025-08-26T12:17:03.188054,0,16047,1.0,10,4.6
2025-08-26T12:17:03.688240,0,16047,1.0,10,4.3
2025-08-26T12:17:04.188474,0,16047,1.0,10,4.4
2025-08-26T12:17:04.688680,0,16047,1.0,10,4.0
2025-08-26T12:17:05.188884,0,16047,1.0,10,4.5
2025-08-26T12:17:05.689108,0,16047,1.0,10,4.3
2025-08-26T12:17:06.189335,0,16047,1.0,10,4.8
2025-08-26T12:17:06.689536,0,16047,1.0,10,4.0
2025-08-26T12:17:07.189806,0,16047,1.0,10,5.8
2025-08-26T12:17:07.690020,0,16047,1.0,10,4.0
2025-08-26T12:17:08.190287,0,16047,1.0,10,4.0
2025-08-26T12:17:08.690530,0,16047,1.0,10,4.5
2025-08-26T12:17:09.190766,0,16047,1.0,10,4.4
2025-08-26T12:17:09.690990,0,16047,1.0,10,4.8
2025-08-26T12:17:10.191216,0,16047,1.0,10,4.2
2025-08-26T12:17:10.691436,0,16047,1.0,10,4.3
2025-08-26T12:17:11.191650,0,16047,1.0,10,4.4
2025-08-26T12:17:11.691850,0,16047,1.0,10,3.9
2025-08-26T12:17:12.192060,0,16047,1.0,10,4.1
2025-08-26T12:17:12.692244,0,16047,1.0,10,4.1
2025-08-26T12:17:13.192477,0,16047,1.0,10,3.9
2025-08-26T12:17:13.692697,0,16047,1.0,10,4.1
2025-08-26T12:17:14.192906,0,16047,1.0,10,4.2
2025-08-26T12:17:14.693118,0,16047,1.0,10,4.3
2025-08-26T12:17:15.193335,0,16047,1.0,10,4.0
2025-08-26T12:17:15.693535,0,16047,1.0,10,4.1
2025-08-26T12:17:16.193750,0,16047,1.0,10,4.1
2025-08-26T12:17:16.693959,0,16047,1.0,10,3.8
2025-08-26T12:17:17.194168,0,16047,1.0,10,3.9
2025-08-26T12:17:17.694366,0,16047,1.0,10,3.9
2025-08-26T12:17:18.194563,0,16047,1.0,10,4.9
2025-08-26T12:17:18.694775,0,16047,1.0,10,4.3
2025-08-26T12:17:19.195038,0,16047,1.0,10,4.5
2025-08-26T12:17:19.695253,0,16047,1.0,10,4.5
2025-08-26T12:17:20.195462,0,16047,1.0,10,4.5
2025-08-26T12:17:20.695677,0,16047,1.0,10,4.3
2025-08-26T12:17:21.195945,0,16047,1.0,10,4.1
2025-08-26T12:17:21.696232,0,16047,1.0,10,3.9
2025-08-26T12:17:22.196453,0,16047,1.0,10,4.2
2025-08-26T12:17:22.696665,0,16047,1.0,10,4.3
2025-08-26T12:17:23.196936,0,16047,1.0,10,4.2
2025-08-26T12:17:23.697159,0,16047,1.0,10,3.9
2025-08-26T12:17:24.197385,0,16047,1.0,10,3.8
2025-08-26T12:17:24.697601,0,16047,1.0,10,3.8
2025-08-26T12:17:25.197878,0,16047,1.0,10,4.1
2025-08-26T12:17:25.698178,0,16047,1.0,10,4.1
2025-08-26T12:17:26.198416,0,16047,1.0,10,4.4
2025-08-26T12:17:26.698636,0,16047,1.0,10,4.3
2025-08-26T12:17:27.198850,0,16047,1.0,10,5.7
2025-08-26T12:17:27.699071,0,16047,1.0,10,4.1
2025-08-26T12:17:28.199301,0,16047,1.0,10,4.1
2025-08-26T12:17:28.699529,0,16047,1.0,10,4.6
2025-08-26T12:17:29.199766,0,16047,1.0,10,4.4
2025-08-26T12:17:29.700000,0,16047,1.0,10,4.1
2025-08-26T12:17:30.200247,0,16047,1.0,10,4.2
2025-08-26T12:17:30.700488,0,16047,1.0,10,4.9
2025-08-26T12:17:31.200736,0,16047,1.0,10,4.9
2025-08-26T12:17:31.700969,0,16047,1.0,10,4.3
2025-08-26T12:17:32.201212,0,16047,1.0,10,4.2
2025-08-26T12:17:32.701446,0,16047,1.0,10,4.7
2025-08-26T12:17:33.201693,0,16047,1.0,10,4.2
2025-08-26T12:17:33.701942,0,16047,1.0,10,4.1
2025-08-26T12:17:34.202133,0,16047,1.0,10,4.2
2025-08-26T12:17:34.702363,0,16047,1.0,10,4.4
2025-08-26T12:17:35.202583,0,16047,1.0,10,4.3
2025-08-26T12:17:35.702806,0,16047,1.0,10,3.9
2025-08-26T12:17:36.203032,0,16047,1.0,10,4.3
2025-08-26T12:17:36.703263,0,16047,1.0,10,3.9
2025-08-26T12:17:37.203502,0,16047,1.0,10,4.1
2025-08-26T12:17:37.703718,0,16047,1.0,10,4.2
2025-08-26T12:17:38.203955,0,16047,1.0,10,4.0
2025-08-26T12:17:38.704192,0,16047,1.0,10,4.0
2025-08-26T12:17:39.204426,0,16047,1.0,10,4.0
2025-08-26T12:17:39.704639,0,16047,1.0,10,4.1
2025-08-26T12:17:40.204862,0,16047,1.0,10,4.0
2025-08-26T12:17:40.705090,0,16047,1.0,10,3.9
2025-08-26T12:17:41.205426,0,16047,1.0,10,4.1
2025-08-26T12:17:41.705764,0,16047,1.0,10,4.1
2025-08-26T12:17:42.205997,0,16047,1.0,10,4.4
2025-08-26T12:17:42.706219,0,16047,1.0,10,5.8
2025-08-26T12:17:43.206434,0,16047,1.0,10,3.8
2025-08-26T12:17:43.706749,0,16047,1.0,10,4.1
2025-08-26T12:17:44.206972,0,16047,1.0,10,3.9
2025-08-26T12:17:44.707210,0,16047,1.0,10,3.9
2025-08-26T12:17:45.207440,0,16047,1.0,10,4.1
2025-08-26T12:17:45.707676,0,16047,1.0,10,4.0
2025-08-26T12:17:46.207925,0,16047,1.0,10,4.0
2025-08-26T12:17:46.708198,0,16047,1.0,10,3.8
2025-08-26T12:17:47.208429,0,16047,1.0,10,4.8
2025-08-26T12:17:47.708659,0,16047,1.0,10,4.1
2025-08-26T12:17:48.208963,0,16047,1.0,10,4.0
2025-08-26T12:17:48.709181,0,16047,1.0,10,4.3
2025-08-26T12:17:49.209398,0,16047,1.0,10,4.4
2025-08-26T12:17:49.709632,0,16047,1.0,10,3.9
2025-08-26T12:17:50.209854,0,16047,1.0,10,4.0
2025-08-26T12:17:50.710079,0,16047,1.0,10,3.9
2025-08-26T12:17:51.210323,0,16047,1.0,10,4.4
2025-08-26T12:17:51.710565,0,16047,1.0,10,4.3
2025-08-26T12:17:52.210854,0,16047,1.0,10,3.8
2025-08-26T12:17:52.711068,0,16047,1.0,10,4.5
2025-08-26T12:17:53.211324,0,16047,1.0,10,3.8
2025-08-26T12:17:53.711557,0,16047,1.0,10,4.4
2025-08-26T12:17:54.211783,0,16047,1.0,10,4.1
2025-08-26T12:17:54.711991,0,16047,1.0,10,3.8
2025-08-26T12:17:55.212224,0,16047,1.0,10,4.1
2025-08-26T12:17:55.712459,0,16047,1.0,10,4.2
2025-08-26T12:17:56.212698,0,16047,1.0,10,4.6
2025-08-26T12:17:56.712939,0,16047,1.0,10,4.4
2025-08-26T12:17:57.213180,0,16047,1.0,10,4.4
2025-08-26T12:17:57.713405,0,16047,1.0,10,4.5
2025-08-26T12:17:58.213644,0,16047,1.0,10,4.3
2025-08-26T12:17:58.713864,0,16047,1.0,10,3.7
2025-08-26T12:17:59.214089,0,16047,1.0,10,4.2
2025-08-26T12:17:59.714342,0,16047,1.0,10,3.8
2025-08-26T12:18:00.214597,0,16047,1.0,10,3.8
2025-08-26T12:18:00.714950,0,16047,1.0,10,3.9
2025-08-26T12:18:01.215290,0,16047,1.0,10,4.3
2025-08-26T12:18:01.715525,0,16047,1.0,10,4.2
2025-08-26T12:18:02.215767,0,16047,1.0,10,4.9
2025-08-26T12:18:02.716064,0,16047,1.0,10,4.0
2025-08-26T12:18:03.216343,0,16047,1.0,10,4.1
2025-08-26T12:18:03.716570,0,16047,1.0,10,4.1
2025-08-26T12:18:04.216808,0,16047,1.0,10,6.1
2025-08-26T12:18:04.717139,0,16047,1.0,10,4.1
2025-08-26T12:18:05.217372,0,16047,1.0,10,4.1
2025-08-26T12:18:05.717591,0,16047,1.0,10,4.3
2025-08-26T12:18:06.217821,0,16047,1.0,10,4.2
2025-08-26T12:18:06.718092,0,16047,1.0,10,4.5
2025-08-26T12:18:07.218352,0,16047,1.0,10,4.3
2025-08-26T12:18:07.718596,0,16047,1.0,10,4.1
2025-08-26T12:18:08.218826,0,16047,1.0,10,3.8
2025-08-26T12:18:08.719071,0,16047,1.0,10,3.5
2025-08-26T12:18:09.219306,0,16047,1.0,10,4.0
2025-08-26T12:18:09.719560,1,16048,1.0,10,7.9
2025-08-26T12:18:10.219790,0,16048,1.0,10,8.0
2025-08-26T12:18:10.720003,0,16048,1.0,10,3.9
2025-08-26T12:18:11.220265,0,16048,1.0,10,4.3
2025-08-26T12:18:11.720480,0,16048,1.0,10,3.9
2025-08-26T12:18:12.220705,0,16048,1.0,10,4.1
2025-08-26T12:18:12.721018,0,16048,1.0,10,3.9
2025-08-26T12:18:13.221341,0,16048,1.0,10,4.2
2025-08-26T12:18:13.721558,0,16048,1.0,10,4.3
2025-08-26T12:18:14.221797,0,16048,1.0,10,3.9
2025-08-26T12:18:14.722021,0,16048,1.0,10,3.6
2025-08-26T12:18:15.222270,0,16048,1.0,10,4.4
2025-08-26T12:18:15.722497,0,16048,1.0,10,3.9
2025-08-26T12:18:16.222728,0,16048,1.0,10,3.9
2025-08-26T12:18:16.722968,0,16048,1.0,10,4.1
2025-08-26T12:18:17.223242,0,16048,1.0,10,4.0
2025-08-26T12:18:17.723561,0,16048,1.0,10,3.8
2025-08-26T12:18:18.231745,10,16058,1.0,10,5.1
2025-08-26T12:18:18.733023,0,16058,2.0,10,4.6
2025-08-26T12:18:19.233223,0,16058,3.0,10,4.1
2025-08-26T12:18:19.733439,0,16058,3.0,10,3.9
2025-08-26T12:18:20.233651,0,16058,3.0,10,4.0
2025-08-26T12:18:20.733880,0,16058,3.0,10,4.1
2025-08-26T12:18:21.234101,0,16058,3.0,10,4.4
2025-08-26T12:18:21.734321,0,16058,3.0,10,4.1
2025-08-26T12:18:22.234532,0,16058,3.0,10,4.1
2025-08-26T12:18:22.734764,0,16058,3.0,10,4.1
2025-08-26T12:18:23.235066,0,16058,3.0,10,3.9
2025-08-26T12:18:23.735288,0,16058,3.0,10,3.9
2025-08-26T12:18:24.235495,0,16058,3.0,10,3.8
2025-08-26T12:18:24.735713,0,16058,3.0,10,5.7
2025-08-26T12:18:25.235930,0,16058,3.0,10,4.1
2025-08-26T12:18:25.736137,0,16058,3.0,10,4.1
2025-08-26T12:18:26.236358,0,16058,3.0,10,4.3
2025-08-26T12:18:26.736598,0,16058,3.0,10,4.1
2025-08-26T12:18:27.236816,0,16058,3.0,10,4.1
2025-08-26T12:18:27.737086,0,16058,3.0,10,3.9
2025-08-26T12:18:28.237312,0,16058,3.0,10,4.3
2025-08-26T12:18:28.737540,0,16058,3.0,10,4.4
2025-08-26T12:18:29.237806,0,16058,3.0,10,3.9
2025-08-26T12:18:29.738035,0,16058,3.0,10,3.9
2025-08-26T12:18:30.238235,0,16058,3.0,10,4.1
2025-08-26T12:18:30.738507,0,16058,3.0,10,4.1
2025-08-26T12:18:31.238761,0,16058,3.0,10,3.9
2025-08-26T12:18:31.739030,0,16058,3.0,10,3.8
2025-08-26T12:18:32.239227,0,16058,3.0,10,4.1
2025-08-26T12:18:32.739503,0,16058,3.0,10,4.0
2025-08-26T12:18:33.239716,0,16058,3.0,10,3.9
2025-08-26T12:18:33.740036,0,16058,3.0,10,4.1
2025-08-26T12:18:34.240268,0,16058,3.0,10,4.1
2025-08-26T12:18:34.740505,0,16058,3.0,10,4.4
2025-08-26T12:18:35.240785,0,16058,3.0,10,5.3
2025-08-26T12:18:35.741046,0,16058,3.0,10,4.0
2025-08-26T12:18:36.241264,0,16058,3.0,10,4.5
2025-08-26T12:18:36.741544,0,16058,3.0,10,4.4
2025-08-26T12:18:37.241789,0,16058,3.0,10,4.2
2025-08-26T12:18:37.742050,0,16058,3.0,10,4.5
2025-08-26T12:18:38.242356,0,16058,3.0,10,5.8
2025-08-26T12:18:38.742652,0,16058,3.0,10,4.7
2025-08-26T12:18:39.242922,0,16058,3.0,10,4.7
2025-08-26T12:18:39.743212,0,16058,3.0,10,4.0
2025-08-26T12:18:40.243479,0,16058,3.0,10,4.5
2025-08-26T12:18:40.743735,0,16058,3.0,10,4.2
2025-08-26T12:18:41.243999,0,16058,3.0,10,4.0
2025-08-26T12:18:41.744280,0,16058,3.0,10,5.0
2025-08-26T12:18:42.244497,0,16058,3.0,10,4.1
2025-08-26T12:18:42.744714,0,16058,3.0,10,4.3
2025-08-26T12:18:43.244937,0,16058,3.0,10,3.7
2025-08-26T12:18:43.745152,0,16058,3.0,10,4.0
2025-08-26T12:18:44.245362,0,16058,3.0,10,4.4
2025-08-26T12:18:44.745591,0,16058,3.0,10,5.2
2025-08-26T12:18:45.245823,0,16058,3.0,10,4.2
2025-08-26T12:18:45.746038,0,16058,3.0,10,3.7
2025-08-26T12:18:46.246260,0,16058,3.0,10,4.5
2025-08-26T12:18:46.746479,0,16058,3.0,10,4.4
2025-08-26T12:18:47.246694,0,16058,3.0,10,3.7
2025-08-26T12:18:47.746915,0,16058,3.0,10,3.8
2025-08-26T12:18:48.247145,0,16058,3.0,10,4.6
2025-08-26T12:18:48.747384,0,16058,3.0,10,4.0
2025-08-26T12:18:49.247600,0,16058,3.0,10,4.4
2025-08-26T12:18:49.747834,0,16058,3.0,10,4.4
2025-08-26T12:18:50.248057,0,16058,3.0,10,4.5
2025-08-26T12:18:50.748295,0,16058,3.0,10,4.6
2025-08-26T12:18:51.248540,0,16058,3.0,10,4.5
2025-08-26T12:18:51.748772,0,16058,3.0,10,4.3
2025-08-26T12:18:52.248987,0,16058,3.0,10,4.8
2025-08-26T12:18:52.749238,0,16058,3.0,10,4.6
2025-08-26T12:18:53.249447,0,16058,3.0,10,4.3
2025-08-26T12:18:53.749723,0,16058,3.0,10,4.6
2025-08-26T12:18:54.249938,0,16058,3.0,10,4.6
2025-08-26T12:18:54.750187,0,16058,3.0,10,4.0
2025-08-26T12:18:55.250395,0,16058,3.0,10,4.2
2025-08-26T12:18:55.750611,0,16058,3.0,10,3.8
2025-08-26T12:18:56.250818,0,16058,3.0,10,4.1
2025-08-26T12:18:56.751048,0,16058,3.0,10,4.5
2025-08-26T12:18:57.251246,0,16058,3.0,10,3.9
2025-08-26T12:18:57.751472,0,16058,3.0,10,3.8
2025-08-26T12:18:58.251689,0,16058,3.0,10,4.1
2025-08-26T12:18:58.751919,0,16058,3.0,10,4.3
2025-08-26T12:18:59.252151,0,16058,3.0,10,4.6
2025-08-26T12:18:59.752393,0,16058,3.0,10,4.6
2025-08-26T12:19:00.252608,0,16058,3.0,10,6.4
2025-08-26T12:19:00.752834,0,16058,3.0,10,4.4
2025-08-26T12:19:01.253066,0,16058,3.0,10,4.8
2025-08-26T12:19:01.753305,0,16058,3.0,10,3.8
2025-08-26T12:19:02.253560,0,16058,3.0,10,4.0
2025-08-26T12:19:02.753787,0,16058,3.0,10,3.9
2025-08-26T12:19:03.254020,0,16058,3.0,10,4.8
2025-08-26T12:19:03.754235,0,16058,3.0,10,3.6
2025-08-26T12:19:04.254488,0,16058,3.0,10,3.9
2025-08-26T12:19:04.754729,0,16058,3.0,10,4.5
2025-08-26T12:19:05.254951,0,16058,3.0,10,5.1
2025-08-26T12:19:05.755188,0,16058,3.0,10,4.2
2025-08-26T12:19:06.255438,0,16058,3.0,10,4.4
2025-08-26T12:19:06.755703,0,16058,3.0,10,4.3
2025-08-26T12:19:07.255937,0,16058,3.0,10,4.3
2025-08-26T12:19:07.756233,0,16058,3.0,10,3.8
2025-08-26T12:19:08.256469,0,16058,3.0,10,3.8
2025-08-26T12:19:08.756693,0,16058,3.0,10,4.1
2025-08-26T12:19:09.256978,0,16058,3.0,10,4.3
2025-08-26T12:19:09.757192,0,16058,3.0,10,3.8
2025-08-26T12:19:10.257428,0,16058,3.0,10,3.8
2025-08-26T12:19:10.757652,0,16058,3.0,10,3.8
2025-08-26T12:19:11.257865,0,16058,3.0,10,4.1
2025-08-26T12:19:11.758107,0,16058,3.0,10,4.5
2025-08-26T12:19:12.258351,0,16058,3.0,10,4.6
2025-08-26T12:19:12.758565,0,16058,3.0,10,4.0
2025-08-26T12:19:13.258788,0,16058,3.0,10,4.7
2025-08-26T12:19:13.759042,0,16058,3.0,10,4.3
2025-08-26T12:19:14.259215,0,16058,3.0,10,4.3
2025-08-26T12:19:14.759437,0,16058,3.0,10,4.7
2025-08-26T12:19:15.259663,0,16058,3.0,10,5.1
2025-08-26T12:19:15.759890,0,16058,3.0,10,5.3
2025-08-26T12:19:16.260142,0,16058,3.0,10,5.0
2025-08-26T12:19:16.760382,0,16058,3.0,10,4.4
2025-08-26T12:19:17.260716,0,16058,3.0,10,5.5
2025-08-26T12:19:17.760980,0,16058,3.0,10,10.5
2025-08-26T12:19:18.261211,0,16058,3.0,10,5.5
2025-08-26T12:19:18.761455,0,16058,3.0,10,4.6
2025-08-26T12:19:19.261679,0,16058,3.0,10,5.0
2025-08-26T12:19:19.761913,0,16058,3.0,10,4.0
2025-08-26T12:19:20.262195,0,16058,3.0,10,5.2
2025-08-26T12:19:20.762435,0,16058,3.0,10,4.8
2025-08-26T12:19:21.262680,0,16058,3.0,10,4.6
2025-08-26T12:19:21.762949,0,16058,3.0,10,4.9
2025-08-26T12:19:22.263179,0,16058,3.0,10,5.0
2025-08-26T12:19:22.763397,0,16058,3.0,10,4.8
2025-08-26T12:19:23.263671,0,16058,3.0,10,5.5
2025-08-26T12:19:23.763904,0,16058,3.0,10,6.3
2025-08-26T12:19:24.264177,0,16058,3.0,10,5.2
2025-08-26T12:19:24.764406,0,16058,3.0,10,4.9
2025-08-26T12:19:25.264635,0,16058,3.0,10,6.0
2025-08-26T12:19:25.764851,0,16058,3.0,10,5.5
2025-08-26T12:19:26.265125,0,16058,3.0,10,4.9
2025-08-26T12:19:26.765366,0,16058,3.0,10,5.3
2025-08-26T12:19:27.265611,0,16058,3.0,10,5.4
2025-08-26T12:19:27.765842,0,16058,3.0,10,5.1
2025-08-26T12:19:28.266114,0,16058,3.0,10,4.8
2025-08-26T12:19:28.766370,0,16058,3.0,10,5.2
2025-08-26T12:19:29.266605,0,16058,3.0,10,5.1
2025-08-26T12:19:29.766854,0,16058,3.0,10,5.4
2025-08-26T12:19:30.267078,0,16058,3.0,10,4.9
2025-08-26T12:19:30.767318,0,16058,3.0,10,5.4
2025-08-26T12:19:31.267544,0,16058,3.0,10,5.2
2025-08-26T12:19:31.767766,0,16058,3.0,10,4.7
2025-08-26T12:19:32.399992,10,16068,3.0,10,5.4
2025-08-26T12:19:32.905254,0,16068,1.6,10,8.3
2025-08-26T12:19:33.405440,0,16068,4.0,10,7.8
2025-08-26T12:19:33.905684,10,16078,1.2,10,8.5
2025-08-26T12:19:34.405927,0,16078,1.0,10,8.1
2025-08-26T12:19:35.062266,10,16088,1.0,10,8.7
2025-08-26T12:19:35.562734,0,16088,1.0,10,8.1
2025-08-26T12:19:36.062962,0,16088,1.0,10,4.5
2025-08-26T12:19:36.563263,10,16098,1.0,10,5.3
2025-08-26T12:19:37.063532,0,16098,1.0,10,4.7
2025-08-26T12:19:37.563820,0,16098,1.0,10,4.3
2025-08-26T12:19:38.064053,0,16098,1.0,10,3.9
2025-08-26T12:19:38.564225,0,16098,1.0,10,4.2
2025-08-26T12:19:39.064452,0,16098,1.0,10,3.9
2025-08-26T12:19:39.564676,0,16098,1.0,10,4.7
2025-08-26T12:19:40.064917,0,16098,1.0,10,4.0
2025-08-26T12:19:40.565147,0,16098,1.0,10,4.3
2025-08-26T12:19:41.065382,0,16098,1.0,10,4.4
2025-08-26T12:19:41.565625,0,16098,1.0,10,4.2
2025-08-26T12:19:42.065860,0,16098,1.0,10,4.6
2025-08-26T12:19:42.566086,0,16098,1.0,10,3.8
2025-08-26T12:19:43.066308,0,16098,1.0,10,3.9
2025-08-26T12:19:43.566544,0,16098,1.0,10,4.2
2025-08-26T12:19:44.066787,0,16098,1.0,10,5.6
2025-08-26T12:19:44.566998,0,16098,1.0,10,4.2
2025-08-26T12:19:45.067219,0,16098,1.0,10,3.9
2025-08-26T12:19:45.567435,0,16098,1.0,10,4.1
2025-08-26T12:19:46.067644,0,16098,1.0,10,4.0
2025-08-26T12:19:46.567838,0,16098,1.0,10,4.4
2025-08-26T12:19:47.068060,0,16098,1.0,10,3.8
2025-08-26T12:19:47.568230,0,16098,1.0,10,3.7
2025-08-26T12:19:48.068448,0,16098,1.0,10,3.8
2025-08-26T12:19:48.568660,0,16098,1.0,10,3.7
2025-08-26T12:19:49.068882,0,16098,1.0,10,4.2
2025-08-26T12:19:49.569136,0,16098,1.0,10,4.4
2025-08-26T12:19:50.069366,0,16098,1.0,10,3.7
2025-08-26T12:19:50.569594,0,16098,1.0,10,4.4
2025-08-26T12:19:51.069829,0,16098,1.0,10,3.9
2025-08-26T12:19:51.570047,0,16098,1.0,10,3.8
2025-08-26T12:19:52.070249,0,16098,1.0,10,3.9
2025-08-26T12:19:52.570542,0,16098,1.0,10,4.4
2025-08-26T12:19:53.070777,0,16098,1.0,10,4.2
2025-08-26T12:19:53.571019,0,16098,1.0,10,3.9
2025-08-26T12:19:54.071340,0,16098,1.0,10,4.2
2025-08-26T12:19:54.571660,0,16098,1.0,10,3.8
2025-08-26T12:19:55.071886,0,16098,1.0,10,4.4
2025-08-26T12:19:55.572122,0,16098,1.0,10,4.1
2025-08-26T12:19:56.072350,0,16098,1.0,10,4.4
2025-08-26T12:19:56.572558,0,16098,1.0,10,3.9
2025-08-26T12:19:57.072795,0,16098,1.0,10,4.3
2025-08-26T12:19:57.573027,0,16098,1.0,10,4.3
2025-08-26T12:19:58.073314,0,16098,1.0,10,4.3
2025-08-26T12:19:58.573542,0,16098,1.0,10,4.4
2025-08-26T12:19:59.073772,0,16098,1.0,10,4.1
2025-08-26T12:19:59.574029,0,16098,1.0,10,4.1
2025-08-26T12:20:00.074275,0,16098,1.0,10,4.2
2025-08-26T12:20:00.574506,0,16098,1.0,10,4.1
2025-08-26T12:20:01.074747,0,16098,1.0,10,4.4
2025-08-26T12:20:01.575008,0,16098,1.0,10,4.1
2025-08-26T12:20:02.075234,0,16098,1.0,10,3.9
2025-08-26T12:20:02.575476,0,16098,1.0,10,4.2
2025-08-26T12:20:03.075709,0,16098,1.0,10,4.0
2025-08-26T12:20:03.575947,0,16098,1.0,10,4.1
2025-08-26T12:20:04.076174,0,16098,1.0,10,4.0
2025-08-26T12:20:04.576383,0,16098,1.0,10,4.1
2025-08-26T12:20:05.076622,0,16098,1.0,10,3.9
2025-08-26T12:20:05.576836,0,16098,1.0,10,3.9
2025-08-26T12:20:06.077071,0,16098,1.0,10,6.0
2025-08-26T12:20:06.577290,0,16098,1.0,10,4.0
2025-08-26T12:20:07.077506,0,16098,1.0,10,3.9
2025-08-26T12:20:07.577712,0,16098,1.0,10,3.9
2025-08-26T12:20:08.077938,0,16098,1.0,10,3.8
2025-08-26T12:20:08.578157,0,16098,1.0,10,4.1
2025-08-26T12:20:09.078388,0,16098,1.0,10,3.9
2025-08-26T12:20:09.578616,0,16098,1.0,10,4.3
2025-08-26T12:20:10.078859,0,16098,1.0,10,4.5
2025-08-26T12:20:10.579072,0,16098,1.0,10,4.2
2025-08-26T12:20:11.079375,0,16098,1.0,10,4.1
2025-08-26T12:20:11.579635,0,16098,1.0,10,4.2
2025-08-26T12:20:12.079866,0,16098,1.0,10,4.4
2025-08-26T12:20:12.580159,0,16098,1.0,10,5.5
2025-08-26T12:20:13.080383,0,16098,1.0,10,4.1
2025-08-26T12:20:13.580647,0,16098,1.0,10,4.4
2025-08-26T12:20:14.080881,0,16098,1.0,10,4.2
2025-08-26T12:20:14.581104,0,16098,1.0,10,4.2
2025-08-26T12:20:15.081328,0,16098,1.0,10,3.9
2025-08-26T12:20:15.581551,0,16098,1.0,10,4.2
2025-08-26T12:20:16.081791,0,16098,1.0,10,4.5
2025-08-26T12:20:16.582035,0,16098,1.0,10,5.6
2025-08-26T12:20:17.082236,0,16098,1.0,10,4.6
2025-08-26T12:20:17.582481,0,16098,1.0,10,4.1
2025-08-26T12:20:18.082733,0,16098,1.0,10,4.3
2025-08-26T12:20:18.582993,0,16098,1.0,10,4.3
2025-08-26T12:20:19.083240,0,16098,1.0,10,3.9
2025-08-26T12:20:19.583502,0,16098,1.0,10,4.1
2025-08-26T12:20:20.083730,0,16098,1.0,10,4.3
2025-08-26T12:20:20.583954,0,16098,1.0,10,4.2
2025-08-26T12:20:21.084188,0,16098,1.0,10,5.1
2025-08-26T12:20:21.584446,0,16098,1.0,10,3.8
2025-08-26T12:20:22.084677,0,16098,1.0,10,3.9
2025-08-26T12:20:22.584996,0,16098,1.0,10,3.9
2025-08-26T12:20:23.085270,0,16098,1.0,10,4.1
2025-08-26T12:20:23.585507,0,16098,1.0,10,4.4
2025-08-26T12:20:24.085760,0,16098,1.0,10,4.6
2025-08-26T12:20:24.586011,0,16098,1.0,10,4.7
2025-08-26T12:20:25.086278,0,16098,1.0,10,4.8
2025-08-26T12:20:25.586567,0,16098,1.0,10,5.5
2025-08-26T12:20:26.086828,0,16098,1.0,10,4.8
2025-08-26T12:20:26.587065,0,16098,1.0,10,3.8
2025-08-26T12:20:27.087280,0,16098,1.0,10,3.9
2025-08-26T12:20:27.587513,0,16098,1.0,10,3.9
2025-08-26T12:20:28.087744,0,16098,1.0,10,4.3
2025-08-26T12:20:28.587961,0,16098,1.0,10,4.2
2025-08-26T12:20:29.088245,0,16098,1.0,10,4.3
2025-08-26T12:20:29.588474,0,16098,1.0,10,4.1
2025-08-26T12:20:30.088711,0,16098,1.0,10,3.9
2025-08-26T12:20:30.588935,0,16098,1.0,10,4.7
2025-08-26T12:20:31.089170,0,16098,1.0,10,4.1
2025-08-26T12:20:31.589407,0,16098,1.0,10,4.4
2025-08-26T12:20:32.089639,0,16098,1.0,10,4.0
2025-08-26T12:20:32.589869,0,16098,1.0,10,4.1
2025-08-26T12:20:33.090093,0,16098,1.0,10,3.8
2025-08-26T12:20:33.590311,0,16098,1.0,10,4.1
2025-08-26T12:20:34.090567,0,16098,1.0,10,4.8
2025-08-26T12:20:34.590798,0,16098,1.0,10,4.3
2025-08-26T12:20:35.091016,0,16098,1.0,10,4.1
2025-08-26T12:20:35.591225,0,16098,1.0,10,4.9
2025-08-26T12:20:36.091439,0,16098,1.0,10,4.7
2025-08-26T12:20:36.591654,0,16098,1.0,10,4.1
2025-08-26T12:20:37.091880,0,16098,1.0,10,4.2
2025-08-26T12:20:37.592117,0,16098,1.0,10,4.4
2025-08-26T12:20:38.092360,0,16098,1.0,10,4.5
2025-08-26T12:20:38.592588,0,16098,1.0,10,4.2
2025-08-26T12:20:39.092812,0,16098,1.0,10,4.1
2025-08-26T12:20:39.593035,0,16098,1.0,10,4.4
2025-08-26T12:20:40.093247,0,16098,1.0,10,4.0
2025-08-26T12:20:40.593462,10,16108,1.6,10,6.8
2025-08-26T12:20:41.093691,0,16108,4.0,10,7.0
2025-08-26T12:20:41.593893,0,16108,4.0,10,4.0
2025-08-26T12:20:42.094136,0,16108,4.0,10,4.0
2025-08-26T12:20:42.594396,0,16108,4.0,10,4.1
2025-08-26T12:20:43.094646,0,16108,4.0,10,3.9
2025-08-26T12:20:43.594881,0,16108,4.0,10,4.2
2025-08-26T12:20:44.095101,0,16108,4.0,10,3.8
2025-08-26T12:20:44.595350,0,16108,4.0,10,4.2
2025-08-26T12:20:45.095601,0,16108,4.0,10,5.3
2025-08-26T12:20:45.595835,0,16108,4.0,10,3.9
2025-08-26T12:20:46.096143,10,16118,1.1,10,4.9
2025-08-26T12:20:46.596367,0,16118,1.0,10,4.1
2025-08-26T12:20:47.096602,0,16118,1.0,10,4.6
2025-08-26T12:20:47.596839,0,16118,1.0,10,4.3
2025-08-26T12:20:48.097078,0,16118,1.0,10,4.2
2025-08-26T12:20:48.597307,0,16118,1.0,10,4.4
2025-08-26T12:20:49.097533,0,16118,1.0,10,3.8
2025-08-26T12:20:49.597754,0,16118,1.0,10,4.5
2025-08-26T12:20:50.097978,0,16118,1.0,10,3.9
2025-08-26T12:20:50.598204,0,16118,1.0,10,4.1
2025-08-26T12:20:51.098431,0,16118,1.0,10,4.3
2025-08-26T12:20:51.598659,0,16118,1.0,10,4.5
2025-08-26T12:20:52.098883,0,16118,1.0,10,4.4
2025-08-26T12:20:52.599132,0,16118,1.0,10,4.3
2025-08-26T12:20:53.099365,0,16118,1.0,10,4.5
2025-08-26T12:20:53.599619,0,16118,1.0,10,3.9
2025-08-26T12:20:54.099868,0,16118,1.0,10,3.9
2025-08-26T12:20:54.600104,0,16118,1.0,10,4.1
2025-08-26T12:20:55.100325,0,16118,1.0,10,3.8
2025-08-26T12:20:55.600549,0,16118,1.0,10,3.8
2025-08-26T12:20:56.100772,0,16118,1.0,10,3.9
2025-08-26T12:20:56.600996,0,16118,1.0,10,3.6
2025-08-26T12:20:57.101226,0,16118,1.0,10,4.4
2025-08-26T12:20:57.601458,0,16118,1.0,10,4.4
2025-08-26T12:20:58.101705,0,16118,1.0,10,4.2
2025-08-26T12:20:58.601932,0,16118,1.0,10,3.6
2025-08-26T12:20:59.102154,0,16118,1.0,10,3.9
2025-08-26T12:20:59.602373,0,16118,1.0,10,4.6
2025-08-26T12:21:00.102593,0,16118,1.0,10,3.8
2025-08-26T12:21:00.602818,0,16118,1.0,10,4.1
2025-08-26T12:21:01.103033,0,16118,1.0,10,5.9
2025-08-26T12:21:01.603248,0,16118,1.0,10,4.9
2025-08-26T12:21:02.103463,0,16118,1.0,10,4.4
2025-08-26T12:21:02.603675,0,16118,1.0,10,4.3
2025-08-26T12:21:03.103933,0,16118,1.0,10,4.5
2025-08-26T12:21:03.604186,0,16118,1.0,10,3.9
2025-08-26T12:21:04.104412,0,16118,1.0,10,4.3
2025-08-26T12:21:04.604683,0,16118,1.0,10,4.4
2025-08-26T12:21:05.104916,0,16118,1.0,10,4.6
2025-08-26T12:21:05.605152,0,16118,1.0,10,4.3
2025-08-26T12:21:06.105379,0,16118,1.0,10,4.3
2025-08-26T12:21:06.605607,0,16118,1.0,10,4.1
2025-08-26T12:21:07.105837,0,16118,1.0,10,4.2
2025-08-26T12:21:07.606067,0,16118,1.0,10,5.3
2025-08-26T12:21:08.106307,0,16118,1.0,10,4.5
2025-08-26T12:21:08.606546,0,16118,1.0,10,6.3
2025-08-26T12:21:09.106783,0,16118,1.0,10,4.7
2025-08-26T12:21:09.607072,0,16118,1.0,10,4.4
2025-08-26T12:21:10.107303,0,16118,1.0,10,4.1
2025-08-26T12:21:10.607514,0,16118,1.0,10,4.4
2025-08-26T12:21:11.107739,0,16118,1.0,10,4.1
2025-08-26T12:21:11.607972,0,16118,1.0,10,4.8
2025-08-26T12:21:12.108226,0,16118,1.0,10,4.2
2025-08-26T12:21:12.608473,0,16118,1.0,10,4.2
2025-08-26T12:21:13.108708,0,16118,1.0,10,4.8
2025-08-26T12:21:13.608935,0,16118,1.0,10,4.8
2025-08-26T12:21:14.109235,0,16118,1.0,10,4.4
2025-08-26T12:21:14.609529,0,16118,1.0,10,4.6
2025-08-26T12:21:15.109756,0,16118,1.0,10,4.3
2025-08-26T12:21:15.609967,0,16118,1.0,10,4.3
2025-08-26T12:21:16.110199,0,16118,1.0,10,4.0
2025-08-26T12:21:16.610442,0,16118,1.0,10,4.1
2025-08-26T12:21:17.110683,0,16118,1.0,10,4.4
2025-08-26T12:21:17.610915,0,16118,1.0,10,4.3
2025-08-26T12:21:18.111155,0,16118,1.0,10,4.4
2025-08-26T12:21:18.611388,0,16118,1.0,10,4.6
2025-08-26T12:21:19.111630,0,16118,1.0,10,4.6
2025-08-26T12:21:19.611856,0,16118,1.0,10,4.4
2025-08-26T12:21:20.112086,0,16118,1.0,10,4.2
2025-08-26T12:21:20.612299,0,16118,1.0,10,4.9
2025-08-26T12:21:21.112534,0,16118,1.0,10,4.1
2025-08-26T12:21:21.612789,0,16118,1.0,10,4.3
2025-08-26T12:21:22.113040,0,16118,1.0,10,4.3
2025-08-26T12:21:22.613242,0,16118,1.0,10,4.2
2025-08-26T12:21:23.113453,10,16128,1.2,10,7.4
2025-08-26T12:21:23.613692,0,16128,2.0,10,9.1
2025-08-26T12:21:24.113924,10,16138,1.2,10,5.2
2025-08-26T12:21:24.614157,0,16138,1.0,10,4.4
2025-08-26T12:21:25.114373,0,16138,1.0,10,4.5
2025-08-26T12:21:25.614593,0,16138,1.0,10,4.5
2025-08-26T12:21:26.114821,0,16138,1.0,10,4.3
2025-08-26T12:21:26.615073,0,16138,1.0,10,4.3
2025-08-26T12:21:27.115316,0,16138,1.0,10,4.3
2025-08-26T12:21:27.615579,0,16138,1.0,10,4.6
2025-08-26T12:21:28.115820,0,16138,1.0,10,6.8
2025-08-26T12:21:28.616116,0,16138,1.0,10,4.7
2025-08-26T12:21:29.116350,0,16138,1.0,10,4.5
2025-08-26T12:21:29.616528,0,16138,1.0,10,4.9
2025-08-26T12:21:30.116763,0,16138,1.0,10,4.5
2025-08-26T12:21:30.617005,0,16138,1.0,10,5.3
2025-08-26T12:21:31.117232,0,16138,1.0,10,5.2
2025-08-26T12:21:31.617455,1,16139,1.0,10,6.0
2025-08-26T12:21:32.118715,0,16139,1.0,10,7.1
2025-08-26T12:21:32.619068,10,16149,5.5,10,4.8
2025-08-26T12:21:33.119385,0,16149,10.0,10,4.8
2025-08-26T12:21:33.619656,0,16149,10.0,10,4.6
2025-08-26T12:21:34.119967,0,16149,10.0,10,4.6
2025-08-26T12:21:34.620291,0,16149,10.0,10,5.7
2025-08-26T12:21:35.120573,0,16149,10.0,10,5.5
2025-08-26T12:21:35.620941,0,16149,10.0,10,5.1
2025-08-26T12:21:36.121341,0,16149,10.0,10,5.0
2025-08-26T12:21:36.621655,15,16164,4.133333333333334,10,6.4
2025-08-26T12:21:37.121971,0,16164,10.0,10,4.3
2025-08-26T12:21:37.622313,0,16164,10.0,10,4.1
2025-08-26T12:21:38.122621,0,16164,10.0,10,4.4
2025-08-26T12:21:38.622977,0,16164,10.0,10,4.3
2025-08-26T12:21:39.123264,0,16164,10.0,10,4.4
2025-08-26T12:21:39.623599,0,16164,10.0,10,4.5
2025-08-26T12:21:40.123871,0,16164,10.0,10,5.9
2025-08-26T12:21:40.624203,0,16164,10.0,10,4.3
2025-08-26T12:21:41.124446,0,16164,10.0,10,4.4
2025-08-26T12:21:41.624681,0,16164,10.0,10,4.4
2025-08-26T12:21:42.124945,0,16164,10.0,10,4.2
2025-08-26T12:21:42.625183,0,16164,10.0,10,4.9
2025-08-26T12:21:43.125434,0,16164,10.0,10,5.3
2025-08-26T12:21:43.625662,0,16164,10.0,10,6.7
2025-08-26T12:21:44.125885,0,16164,10.0,10,4.9
2025-08-26T12:21:44.626120,0,16164,10.0,10,4.6
2025-08-26T12:21:45.126347,0,16164,10.0,10,4.6
2025-08-26T12:21:45.626571,0,16164,10.0,10,5.0
2025-08-26T12:21:46.126855,0,16164,10.0,10,5.5
2025-08-26T12:21:46.627163,0,16164,10.0,10,4.4
2025-08-26T12:21:47.127437,0,16164,10.0,10,4.5
2025-08-26T12:21:47.627662,0,16164,10.0,10,5.2
2025-08-26T12:21:48.127888,0,16164,10.0,10,5.2
2025-08-26T12:21:48.628133,0,16164,10.0,10,5.0
2025-08-26T12:21:49.128372,0,16164,10.0,10,4.7
2025-08-26T12:21:49.628609,0,16164,10.0,10,5.2
2025-08-26T12:21:50.128841,0,16164,10.0,10,4.1
2025-08-26T12:21:50.629128,0,16164,10.0,10,4.1
2025-08-26T12:21:51.129355,0,16164,10.0,10,4.6
2025-08-26T12:21:51.629571,0,16164,10.0,10,4.5
2025-08-26T12:21:52.129796,0,16164,10.0,10,4.8
2025-08-26T12:21:52.630034,0,16164,10.0,10,5.9
2025-08-26T12:21:53.130250,0,16164,10.0,10,4.4
2025-08-26T12:21:53.630480,0,16164,10.0,10,4.2
2025-08-26T12:21:54.130720,0,16164,10.0,10,4.8
2025-08-26T12:21:54.631002,0,16164,10.0,10,4.5
2025-08-26T12:21:55.131224,0,16164,10.0,10,6.6
2025-08-26T12:21:55.631489,0,16164,10.0,10,4.5
2025-08-26T12:21:56.131724,0,16164,10.0,10,4.9
2025-08-26T12:21:56.631964,0,16164,10.0,10,4.1
2025-08-26T12:21:57.132199,0,16164,10.0,10,4.4
2025-08-26T12:21:57.632417,0,16164,10.0,10,4.4
2025-08-26T12:21:58.132656,0,16164,10.0,10,4.2
2025-08-26T12:21:58.632885,0,16164,10.0,10,4.3
2025-08-26T12:21:59.133130,0,16164,10.0,10,4.6
2025-08-26T12:21:59.633392,0,16164,10.0,10,4.1
2025-08-26T12:22:00.133687,0,16164,10.0,10,4.4
2025-08-26T12:22:00.633925,0,16164,10.0,10,4.3
2025-08-26T12:22:01.134160,0,16164,10.0,10,4.2
2025-08-26T12:22:01.634385,0,16164,10.0,10,4.4
2025-08-26T12:22:02.134653,0,16164,10.0,10,4.4
2025-08-26T12:22:02.634866,0,16164,10.0,10,4.1
2025-08-26T12:22:03.135072,0,16164,10.0,10,4.1
2025-08-26T12:22:03.635295,0,16164,10.0,10,4.1
2025-08-26T12:22:04.135525,0,16164,10.0,10,4.5
2025-08-26T12:22:04.635744,0,16164,10.0,10,5.7
2025-08-26T12:22:05.135973,0,16164,10.0,10,4.7
2025-08-26T12:22:05.636197,0,16164,10.0,10,5.2
2025-08-26T12:22:06.136430,0,16164,10.0,10,4.7
2025-08-26T12:22:06.636648,0,16164,10.0,10,4.9
2025-08-26T12:22:07.136847,0,16164,10.0,10,5.0
2025-08-26T12:22:07.637154,0,16164,10.0,10,6.6
2025-08-26T12:22:08.137399,0,16164,10.0,10,8.1
2025-08-26T12:22:08.637605,0,16164,10.0,10,5.9
2025-08-26T12:22:09.137850,0,16164,10.0,10,6.9
2025-08-26T12:22:09.638080,0,16164,10.0,10,7.0
2025-08-26T12:22:10.138329,0,16164,10.0,10,8.4
2025-08-26T12:22:10.638550,0,16164,10.0,10,7.0
2025-08-26T12:22:11.138773,0,16164,10.0,10,7.4
2025-08-26T12:22:11.638967,0,16164,10.0,10,5.8
2025-08-26T12:22:12.139193,0,16164,10.0,10,4.7
2025-08-26T12:22:12.639423,0,16164,10.0,10,5.5
2025-08-26T12:22:13.139645,0,16164,10.0,10,7.4
2025-08-26T12:22:13.639851,0,16164,10.0,10,4.5
2025-08-26T12:22:14.140068,0,16164,10.0,10,3.8
2025-08-26T12:22:14.640324,0,16164,10.0,10,7.8
2025-08-26T12:22:15.140575,0,16164,10.0,10,7.2
2025-08-26T12:22:15.640807,0,16164,10.0,10,7.5
2025-08-26T12:22:16.141126,0,16164,10.0,10,6.2
2025-08-26T12:22:16.641410,0,16164,10.0,10,6.8
2025-08-26T12:22:17.141692,0,16164,10.0,10,8.1
2025-08-26T12:22:17.642041,0,16164,10.0,10,9.6
2025-08-26T12:22:18.142349,0,16164,10.0,10,8.8
2025-08-26T12:22:18.642611,0,16164,10.0,10,4.8
2025-08-26T12:22:19.142899,0,16164,10.0,10,4.9
2025-08-26T12:22:19.643159,0,16164,10.0,10,4.6
2025-08-26T12:22:20.143410,0,16164,10.0,10,4.6
2025-08-26T12:22:20.643632,0,16164,10.0,10,4.8
2025-08-26T12:22:21.143936,0,16164,10.0,10,5.1
2025-08-26T12:22:21.644437,0,16164,10.0,10,4.0
2025-08-26T12:22:22.144803,0,16164,10.0,10,4.0
2025-08-26T12:22:22.645078,0,16164,10.0,10,5.0
2025-08-26T12:22:23.145327,0,16164,10.0,10,6.1
